# Force and moment coefficients
# dragDir       : (1.00000000e+00 0.00000000e+00 0.00000000e+00)
# sideDir       : (0.00000000e+00 0.00000000e+00 -1.00000000e+00)
# liftDir       : (0.00000000e+00 1.00000000e+00 0.00000000e+00)
# rollAxis      : (1.00000000e+00 0.00000000e+00 0.00000000e+00)
# pitchAxis     : (0.00000000e+00 0.00000000e+00 -1.00000000e+00)
# yawAxis       : (0.00000000e+00 1.00000000e+00 0.00000000e+00)
# magUInf       : 1.77482393e-01
# lRef          : 1.00000000e+00
# Aref          : 1.00000000e-02
# CofR          : (0.00000000e+00 0.00000000e+00 0.00000000e+00)
#
# Time          	Cd              	Cd(f)           	Cd(r)           	Cl              	Cl(f)           	Cl(r)           	CmPitch         	CmRoll          	CmYaw           	Cs              	Cs(f)           	Cs(r)           
1501            	1.76012418e+00	8.83762196e-01	8.76361983e-01	-7.40021270e-01	-3.69985217e-01	-3.70036052e-01	2.54175038e-05	3.70010635e-03	8.80062089e-03	5.66284897e-17	8.80062089e-03	-8.80062089e-03
1502            	1.76075350e+00	8.84065207e-01	8.76688293e-01	-7.37691471e-01	-3.68816925e-01	-3.68874546e-01	2.88105504e-05	3.68845736e-03	8.80376750e-03	5.66305398e-17	8.80376750e-03	-8.80376750e-03
1503            	1.75900871e+00	8.83187732e-01	8.75820980e-01	-7.36675232e-01	-3.68305396e-01	-3.68369837e-01	3.22205439e-05	3.68337616e-03	8.79504356e-03	5.66343571e-17	8.79504356e-03	-8.79504356e-03
1504            	1.76092855e+00	8.84147812e-01	8.76780738e-01	-7.36707438e-01	-3.68318069e-01	-3.68389369e-01	3.56499137e-05	3.68353719e-03	8.80464275e-03	5.66336765e-17	8.80464275e-03	-8.80464275e-03
1505            	1.76092773e+00	8.84145830e-01	8.76781901e-01	-7.36392864e-01	-3.68157334e-01	-3.68235530e-01	3.90982076e-05	3.68196432e-03	8.80463866e-03	5.66345757e-17	8.80463866e-03	-8.80463866e-03
1506            	1.76125979e+00	8.84307063e-01	8.76952732e-01	-7.35433092e-01	-3.67673981e-01	-3.67759111e-01	4.25646271e-05	3.67716546e-03	8.80629897e-03	5.66353885e-17	8.80629897e-03	-8.80629897e-03
1507            	1.76266464e+00	8.85006256e-01	8.77658382e-01	-7.34787429e-01	-3.67347666e-01	-3.67439764e-01	4.60489514e-05	3.67393715e-03	8.81332319e-03	5.66350437e-17	8.81332319e-03	-8.81332319e-03
1508            	1.76349118e+00	8.85415398e-01	8.78075777e-01	-7.33962046e-01	-3.66931472e-01	-3.67030574e-01	4.95512436e-05	3.66981023e-03	8.81745588e-03	5.66353895e-17	8.81745588e-03	-8.81745588e-03
1509            	1.76349731e+00	8.85415145e-01	8.78082164e-01	-7.33298150e-01	-3.66596004e-01	-3.66702146e-01	5.30709376e-05	3.66649075e-03	8.81748655e-03	5.66365635e-17	8.81748655e-03	-8.81748655e-03
1510            	1.76397943e+00	8.85653233e-01	8.78326200e-01	-7.32703306e-01	-3.66295045e-01	-3.66408261e-01	5.66081269e-05	3.66351653e-03	8.81989717e-03	5.66373261e-17	8.81989717e-03	-8.81989717e-03
1511            	1.76556889e+00	8.86445264e-01	8.79123621e-01	-7.32164293e-01	-3.66021983e-01	-3.66142309e-01	6.01629899e-05	3.66082146e-03	8.82784443e-03	5.66367758e-17	8.82784443e-03	-8.82784443e-03
1512            	1.76654072e+00	8.86926951e-01	8.79613769e-01	-7.31318180e-01	-3.65595355e-01	-3.65722825e-01	6.37352172e-05	3.65659090e-03	8.83270360e-03	5.66368647e-17	8.83270360e-03	-8.83270360e-03
1513            	1.76654008e+00	8.86922907e-01	8.79617176e-01	-7.30573091e-01	-3.65219222e-01	-3.65353870e-01	6.73241054e-05	3.65286546e-03	8.83270041e-03	5.66379750e-17	8.83270041e-03	-8.83270041e-03
1514            	1.76702440e+00	8.87161967e-01	8.79862433e-01	-7.29953343e-01	-3.64905742e-01	-3.65047601e-01	7.09296343e-05	3.64976671e-03	8.83512200e-03	5.66386008e-17	8.83512200e-03	-8.83512200e-03
1515            	1.76780733e+00	8.87549813e-01	8.80257513e-01	-7.29229988e-01	-3.64540442e-01	-3.64689546e-01	7.45518659e-05	3.64614994e-03	8.83903663e-03	5.66388420e-17	8.83903663e-03	-8.83903663e-03
1516            	1.76851690e+00	8.87900382e-01	8.80616517e-01	-7.28386479e-01	-3.64115049e-01	-3.64271430e-01	7.81905673e-05	3.64193239e-03	8.84258450e-03	5.66390891e-17	8.84258450e-03	-8.84258450e-03
1517            	1.76845252e+00	8.87864359e-01	8.80588164e-01	-7.27619495e-01	-3.63727902e-01	-3.63891593e-01	8.18453389e-05	3.63809748e-03	8.84226261e-03	5.66401585e-17	8.84226261e-03	-8.84226261e-03
1518            	1.76940970e+00	8.88339764e-01	8.81069934e-01	-7.26982965e-01	-3.63405966e-01	-3.63576999e-01	8.55163249e-05	3.63491483e-03	8.84704849e-03	5.66401168e-17	8.84704849e-03	-8.84704849e-03
1519            	1.77031118e+00	8.88786781e-01	8.81524400e-01	-7.26238127e-01	-3.63029860e-01	-3.63208267e-01	8.92035276e-05	3.63119063e-03	8.85155590e-03	5.66400102e-17	8.85155590e-03	-8.85155590e-03
1520            	1.77068687e+00	8.88970330e-01	8.81716536e-01	-7.25379358e-01	-3.62596772e-01	-3.62782585e-01	9.29066367e-05	3.62689679e-03	8.85343433e-03	5.66404089e-17	8.85343433e-03	-8.85343433e-03
1521            	1.77110107e+00	8.89173445e-01	8.81927628e-01	-7.24581752e-01	-3.62194251e-01	-3.62387502e-01	9.66254394e-05	3.62290876e-03	8.85550537e-03	5.66406877e-17	8.85550537e-03	-8.85550537e-03
1522            	1.77203942e+00	8.89639225e-01	8.82400191e-01	-7.23903382e-01	-3.61851331e-01	-3.62052051e-01	1.00360011e-04	3.61951691e-03	8.86019708e-03	5.66403978e-17	8.86019708e-03	-8.86019708e-03
1523            	1.77252854e+00	8.89879591e-01	8.82648948e-01	-7.23064263e-01	-3.61428021e-01	-3.61636241e-01	1.04110047e-04	3.61532131e-03	8.86264270e-03	5.66405384e-17	8.86264270e-03	-8.86264270e-03
1524            	1.77293802e+00	8.90080467e-01	8.82857557e-01	-7.22291047e-01	-3.61037648e-01	-3.61253399e-01	1.07875323e-04	3.61145524e-03	8.86469012e-03	5.66407250e-17	8.86469012e-03	-8.86469012e-03
1525            	1.77376204e+00	8.90488736e-01	8.83273307e-01	-7.21542927e-01	-3.60659808e-01	-3.60883120e-01	1.11655954e-04	3.60771464e-03	8.86881021e-03	5.66402931e-17	8.86881021e-03	-8.86881021e-03
1526            	1.77462110e+00	8.90914460e-01	8.83706639e-01	-7.20782100e-01	-3.60275598e-01	-3.60506502e-01	1.15451792e-04	3.60391050e-03	8.87310549e-03	5.66398716e-17	8.87310549e-03	-8.87310549e-03
1527            	1.77502767e+00	8.91113673e-01	8.83913999e-01	-7.19967413e-01	-3.59864444e-01	-3.60102969e-01	1.19262456e-04	3.59983706e-03	8.87513836e-03	5.66401720e-17	8.87513836e-03	-8.87513836e-03
1528            	1.77544557e+00	8.91318190e-01	8.84127380e-01	-7.19081007e-01	-3.59417416e-01	-3.59663591e-01	1.23087611e-04	3.59540503e-03	8.87722785e-03	5.66403895e-17	8.87722785e-03	-8.87722785e-03
1529            	1.77660717e+00	8.91895345e-01	8.84711828e-01	-7.18351722e-01	-3.59048934e-01	-3.59302788e-01	1.26927355e-04	3.59175861e-03	8.88303587e-03	5.66397800e-17	8.88303587e-03	-8.88303587e-03
1530            	1.77714130e+00	8.92158143e-01	8.84983157e-01	-7.17498553e-01	-3.58618495e-01	-3.58880058e-01	1.30781526e-04	3.58749277e-03	8.88570650e-03	5.66397901e-17	8.88570650e-03	-8.88570650e-03
1531            	1.77758350e+00	8.92374763e-01	8.85208738e-01	-7.16602480e-01	-3.58166590e-01	-3.58435889e-01	1.34649645e-04	3.58301240e-03	8.88791750e-03	5.66398900e-17	8.88791750e-03	-8.88791750e-03
1532            	1.77795597e+00	8.92556934e-01	8.85399039e-01	-7.15789534e-01	-3.57756235e-01	-3.58033299e-01	1.38531562e-04	3.57894767e-03	8.88977986e-03	5.66400322e-17	8.88977986e-03	-8.88977986e-03
1533            	1.77877131e+00	8.92960614e-01	8.85810691e-01	-7.14992312e-01	-3.57353729e-01	-3.57638583e-01	1.42427387e-04	3.57496156e-03	8.89385653e-03	5.66396234e-17	8.89385653e-03	-8.89385653e-03
1534            	1.77925085e+00	8.93195894e-01	8.86054957e-01	-7.14093625e-01	-3.56900475e-01	-3.57193149e-01	1.46336914e-04	3.57046812e-03	8.89625426e-03	5.66395075e-17	8.89625426e-03	-8.89625426e-03
1535            	1.77969197e+00	8.93412108e-01	8.86279864e-01	-7.13224355e-01	-3.56461918e-01	-3.56762438e-01	1.50259871e-04	3.56612178e-03	8.89845986e-03	5.66394136e-17	8.89845986e-03	-8.89845986e-03
1536            	1.78039321e+00	8.93758971e-01	8.86634241e-01	-7.12472997e-01	-3.56082302e-01	-3.56390695e-01	1.54196298e-04	3.56236498e-03	8.90196606e-03	5.66390150e-17	8.90196606e-03	-8.90196606e-03
1537            	1.78087011e+00	8.93992930e-01	8.86877178e-01	-7.11575218e-01	-3.55629463e-01	-3.55945755e-01	1.58146039e-04	3.55787609e-03	8.90435054e-03	5.66388046e-17	8.90435054e-03	-8.90435054e-03
1538            	1.78149614e+00	8.94301707e-01	8.87194432e-01	-7.10727523e-01	-3.55201652e-01	-3.55525870e-01	1.62108972e-04	3.55363761e-03	8.90748069e-03	5.66383722e-17	8.90748069e-03	-8.90748069e-03
1539            	1.78212175e+00	8.94610142e-01	8.87511612e-01	-7.09852944e-01	-3.54760387e-01	-3.55092557e-01	1.66085075e-04	3.54926472e-03	8.91060877e-03	5.66378523e-17	8.91060877e-03	-8.91060877e-03
1540            	1.78252882e+00	8.94809277e-01	8.87719545e-01	-7.08973221e-01	-3.54316536e-01	-3.54656685e-01	1.70074197e-04	3.54486610e-03	8.91264411e-03	5.66375285e-17	8.91264411e-03	-8.91264411e-03
1541            	1.78297682e+00	8.95029085e-01	8.87947733e-01	-7.08135134e-01	-3.53893491e-01	-3.54241643e-01	1.74076341e-04	3.54067567e-03	8.91488409e-03	5.66371421e-17	8.91488409e-03	-8.91488409e-03
1542            	1.78325393e+00	8.95163029e-01	8.88090898e-01	-7.07213074e-01	-3.53428445e-01	-3.53784628e-01	1.78091385e-04	3.53606537e-03	8.91626963e-03	5.66368975e-17	8.91626963e-03	-8.91626963e-03
1543            	1.78387316e+00	8.95468266e-01	8.88404894e-01	-7.06337256e-01	-3.52986509e-01	-3.53350747e-01	1.82119312e-04	3.53168628e-03	8.91936580e-03	5.66361873e-17	8.91936580e-03	-8.91936580e-03
1544            	1.78419718e+00	8.95625527e-01	8.88571649e-01	-7.05387878e-01	-3.52507779e-01	-3.52880099e-01	1.86160041e-04	3.52693939e-03	8.92098588e-03	5.66358980e-17	8.92098588e-03	-8.92098588e-03
1545            	1.78493967e+00	8.95992567e-01	8.88947107e-01	-7.04546004e-01	-3.52082789e-01	-3.52463215e-01	1.90213464e-04	3.52273002e-03	8.92469837e-03	5.66352116e-17	8.92469837e-03	-8.92469837e-03
1546            	1.78549080e+00	8.96263871e-01	8.89226926e-01	-7.03694502e-01	-3.51652972e-01	-3.52041531e-01	1.94279489e-04	3.51847251e-03	8.92745399e-03	5.66346839e-17	8.92745399e-03	-8.92745399e-03
1547            	1.78602429e+00	8.96526329e-01	8.89497963e-01	-7.02836641e-01	-3.51219963e-01	-3.51616678e-01	1.98357885e-04	3.51418321e-03	8.93012146e-03	5.66342006e-17	8.93012146e-03	-8.93012146e-03
1548            	1.78664020e+00	8.96829697e-01	8.89810506e-01	-7.01919026e-01	-3.50757064e-01	-3.51161961e-01	2.02448445e-04	3.50959513e-03	8.93320102e-03	5.66335900e-17	8.93320102e-03	-8.93320102e-03
1549            	1.78734349e+00	8.97177174e-01	8.90166315e-01	-7.01085898e-01	-3.50336398e-01	-3.50749500e-01	2.06551041e-04	3.50542949e-03	8.93671745e-03	5.66328674e-17	8.93671745e-03	-8.93671745e-03
1550            	1.78787148e+00	8.97436734e-01	8.90434745e-01	-7.00198964e-01	-3.49888816e-01	-3.50310147e-01	2.10665465e-04	3.50099482e-03	8.93935740e-03	5.66322899e-17	8.93935740e-03	-8.93935740e-03
1551            	1.78852615e+00	8.97759557e-01	8.90766596e-01	-6.99296106e-01	-3.49433262e-01	-3.49862845e-01	2.14791482e-04	3.49648053e-03	8.94263077e-03	5.66315688e-17	8.94263077e-03	-8.94263077e-03
1552            	1.78883627e+00	8.97909757e-01	8.90926510e-01	-6.98324717e-01	-3.48943430e-01	-3.49381287e-01	2.18928881e-04	3.49162358e-03	8.94418133e-03	5.66312077e-17	8.94418133e-03	-8.94418133e-03
1553            	1.78914184e+00	8.98057798e-01	8.91084045e-01	-6.97375385e-01	-3.48464615e-01	-3.48910770e-01	2.23077448e-04	3.48687693e-03	8.94570921e-03	5.66308577e-17	8.94570921e-03	-8.94570921e-03
1554            	1.78964874e+00	8.98306726e-01	8.91342012e-01	-6.96471397e-01	-3.48008461e-01	-3.48462936e-01	2.27237149e-04	3.48235698e-03	8.94824369e-03	5.66303047e-17	8.94824369e-03	-8.94824369e-03
1555            	1.79021965e+00	8.98587518e-01	8.91632132e-01	-6.95538646e-01	-3.47537915e-01	-3.48000731e-01	2.31407914e-04	3.47769323e-03	8.95109825e-03	5.66296749e-17	8.95109825e-03	-8.95109825e-03
1556            	1.79052240e+00	8.98733843e-01	8.91788559e-01	-6.94528407e-01	-3.47028614e-01	-3.47499793e-01	2.35589530e-04	3.47264204e-03	8.95261201e-03	5.66293356e-17	8.95261201e-03	-8.95261201e-03
1557            	1.79098586e+00	8.98961155e-01	8.92024706e-01	-6.93644871e-01	-3.46582653e-01	-3.47062217e-01	2.39781932e-04	3.46822435e-03	8.95492930e-03	5.66288300e-17	8.95492930e-03	-8.95492930e-03
1558            	1.79130885e+00	8.99117904e-01	8.92190946e-01	-6.92695851e-01	-3.46103940e-01	-3.46591911e-01	2.43985066e-04	3.46347926e-03	8.95654425e-03	5.66285327e-17	8.95654425e-03	-8.95654425e-03
1559            	1.79200471e+00	8.99461033e-01	8.92543672e-01	-6.91736056e-01	-3.45619829e-01	-3.46116227e-01	2.48198895e-04	3.45868028e-03	8.96002353e-03	5.66278402e-17	8.96002353e-03	-8.96002353e-03
1560            	1.79271594e+00	8.99812106e-01	8.92903835e-01	-6.90827157e-01	-3.45161155e-01	-3.45666002e-01	2.52423372e-04	3.45413578e-03	8.96357970e-03	5.66269711e-17	8.96357970e-03	-8.96357970e-03
1561            	1.79307775e+00	8.99988553e-01	8.93089200e-01	-6.89935343e-01	-3.44711013e-01	-3.45224330e-01	2.56658277e-04	3.44967672e-03	8.96538877e-03	5.66264762e-17	8.96538877e-03	-8.96538877e-03
1562            	1.79339731e+00	9.00143588e-01	8.93253725e-01	-6.88986286e-01	-3.44232240e-01	-3.44754047e-01	2.60903392e-04	3.44493143e-03	8.96698657e-03	5.66260870e-17	8.96698657e-03	-8.96698657e-03
1563            	1.79395768e+00	9.00419158e-01	8.93538522e-01	-6.88063546e-01	-3.43766614e-01	-3.44296932e-01	2.65158669e-04	3.44031773e-03	8.96978840e-03	5.66254878e-17	8.96978840e-03	-8.96978840e-03
1564            	1.79440448e+00	9.00637675e-01	8.93766802e-01	-6.87087275e-01	-3.43274214e-01	-3.43813061e-01	2.69423927e-04	3.43543637e-03	8.97202238e-03	5.66250495e-17	8.97202238e-03	-8.97202238e-03
1565            	1.79469898e+00	9.00779915e-01	8.93919067e-01	-6.86084779e-01	-3.42768691e-01	-3.43316088e-01	2.73698856e-04	3.43042390e-03	8.97349491e-03	5.66248535e-17	8.97349491e-03	-8.97349491e-03
1566            	1.79493571e+00	9.00893274e-01	8.94042438e-01	-6.85083635e-01	-3.42263834e-01	-3.42819801e-01	2.77983266e-04	3.42541818e-03	8.97467856e-03	5.66248097e-17	8.97467856e-03	-8.97467856e-03
1567            	1.79549691e+00	9.01168795e-01	8.94328116e-01	-6.84067833e-01	-3.41751639e-01	-3.42316193e-01	2.82277057e-04	3.42033916e-03	8.97748456e-03	5.66244691e-17	8.97748456e-03	-8.97748456e-03
1568            	1.79623527e+00	9.01533492e-01	8.94701780e-01	-6.83171162e-01	-3.41299001e-01	-3.41872161e-01	2.86580148e-04	3.41585581e-03	8.98117636e-03	5.66240999e-17	8.98117636e-03	-8.98117636e-03
1569            	1.79676317e+00	9.01792755e-01	8.94970418e-01	-6.82233743e-01	-3.40825979e-01	-3.41407764e-01	2.90892351e-04	3.41116871e-03	8.98381587e-03	5.66240290e-17	8.98381587e-03	-8.98381587e-03
1570            	1.79729034e+00	9.02051537e-01	8.95238806e-01	-6.81273101e-01	-3.40341337e-01	-3.40931764e-01	2.95213387e-04	3.40636551e-03	8.98645172e-03	5.66240479e-17	8.98645172e-03	-8.98645172e-03
1571            	1.79774271e+00	9.02272945e-01	8.95469769e-01	-6.80317609e-01	-3.39859261e-01	-3.40458348e-01	2.99543091e-04	3.40158804e-03	8.98871357e-03	5.66242399e-17	8.98871357e-03	-8.98871357e-03
1572            	1.79817772e+00	9.02485415e-01	8.95692307e-01	-6.79310747e-01	-3.39351492e-01	-3.39959255e-01	3.03881313e-04	3.39655373e-03	8.99088861e-03	5.66245341e-17	8.99088861e-03	-8.99088861e-03
1573            	1.79872166e+00	9.02752656e-01	8.95969003e-01	-6.78365262e-01	-3.38874403e-01	-3.39490859e-01	3.08227959e-04	3.39182631e-03	8.99360830e-03	5.66247832e-17	8.99360830e-03	-8.99360830e-03
1574            	1.79927277e+00	9.03023593e-01	8.96249178e-01	-6.77441545e-01	-3.38408190e-01	-3.39033355e-01	3.12582954e-04	3.38720772e-03	8.99636386e-03	5.66250840e-17	8.99636386e-03	-8.99636386e-03
1575            	1.79972862e+00	9.03246838e-01	8.96481778e-01	-6.76506002e-01	-3.37936055e-01	-3.38569947e-01	3.16946042e-04	3.38253001e-03	8.99864308e-03	5.66255800e-17	8.99864308e-03	-8.99864308e-03
1576            	1.79999154e+00	9.03373131e-01	8.96618413e-01	-6.75471820e-01	-3.37414593e-01	-3.38057227e-01	3.21316934e-04	3.37735910e-03	8.99995772e-03	5.66263652e-17	8.99995772e-03	-8.99995772e-03
1577            	1.80026609e+00	9.03505150e-01	8.96760938e-01	-6.74421238e-01	-3.36884923e-01	-3.37536314e-01	3.25695342e-04	3.37210619e-03	9.00133044e-03	5.66272086e-17	9.00133044e-03	-9.00133044e-03
1578            	1.80071502e+00	9.03724640e-01	8.96990383e-01	-6.73425706e-01	-3.36382772e-01	-3.37042934e-01	3.30081165e-04	3.36712853e-03	9.00357512e-03	5.66279309e-17	9.00357512e-03	-9.00357512e-03
1579            	1.80069267e+00	9.03708208e-01	8.96984465e-01	-6.72374253e-01	-3.35852652e-01	-3.36521601e-01	3.34474126e-04	3.36187126e-03	9.00346337e-03	5.66292896e-17	9.00346337e-03	-9.00346337e-03
1580            	1.80084168e+00	9.03777955e-01	8.97063725e-01	-6.71423030e-01	-3.35372641e-01	-3.36050389e-01	3.38874050e-04	3.35711515e-03	9.00420840e-03	5.66304410e-17	9.00420840e-03	-9.00420840e-03
1581            	1.80122028e+00	9.03962188e-01	8.97258088e-01	-6.70410008e-01	-3.34861723e-01	-3.35548285e-01	3.43280967e-04	3.35205004e-03	9.00610138e-03	5.66314036e-17	9.00610138e-03	-9.00610138e-03
1582            	1.80165140e+00	9.04172483e-01	8.97478916e-01	-6.69356716e-01	-3.34330663e-01	-3.35026053e-01	3.47694742e-04	3.34678358e-03	9.00825700e-03	5.66323760e-17	9.00825700e-03	-9.00825700e-03
1583            	1.80306221e+00	9.04873619e-01	8.98188590e-01	-6.68502830e-01	-3.33899299e-01	-3.34603530e-01	3.52115519e-04	3.34251415e-03	9.01531105e-03	5.66322576e-17	9.01531105e-03	-9.01531105e-03
1584            	1.80378227e+00	9.05228250e-01	8.98554022e-01	-6.67422790e-01	-3.33354852e-01	-3.34067938e-01	3.56543093e-04	3.33711395e-03	9.01891136e-03	5.66329805e-17	9.01891136e-03	-9.01891136e-03
1585            	1.80389198e+00	9.05277614e-01	8.98614363e-01	-6.66325150e-01	-3.32801598e-01	-3.33523552e-01	3.60976944e-04	3.33162575e-03	9.01945988e-03	5.66343926e-17	9.01945988e-03	-9.01945988e-03
1586            	1.80410733e+00	9.05380229e-01	8.98727096e-01	-6.65313271e-01	-3.32291218e-01	-3.33022052e-01	3.65416834e-04	3.32656635e-03	9.02053663e-03	5.66356785e-17	9.02053663e-03	-9.02053663e-03
1587            	1.80449646e+00	9.05569848e-01	8.98926611e-01	-6.64323682e-01	-3.31791978e-01	-3.32531703e-01	3.69862671e-04	3.32161841e-03	9.02248230e-03	5.66367309e-17	9.02248230e-03	-9.02248230e-03
1588            	1.80369320e+00	9.05162075e-01	8.98531129e-01	-6.63094610e-01	-3.31172991e-01	-3.31921619e-01	3.74313943e-04	3.31547305e-03	9.01846602e-03	5.66392175e-17	9.01846602e-03	-9.01846602e-03
1589            	1.80374284e+00	9.05182090e-01	8.98560750e-01	-6.62133987e-01	-3.30688223e-01	-3.31445764e-01	3.78770401e-04	3.31066993e-03	9.01871420e-03	5.66407074e-17	9.01871420e-03	-9.01871420e-03
1590            	1.80433424e+00	9.05472693e-01	8.98861547e-01	-6.61114584e-01	-3.30174060e-01	-3.30940524e-01	3.83232101e-04	3.30557292e-03	9.02167120e-03	5.66416249e-17	9.02167120e-03	-9.02167120e-03
1591            	1.80483591e+00	9.05718429e-01	8.99117485e-01	-6.60094441e-01	-3.29659522e-01	-3.30434919e-01	3.87698868e-04	3.30047220e-03	9.02417957e-03	5.66425951e-17	9.02417957e-03	-9.02417957e-03
1592            	1.80516351e+00	9.05877029e-01	8.99286483e-01	-6.59054643e-01	-3.29135151e-01	-3.29919492e-01	3.92170468e-04	3.29527321e-03	9.02581756e-03	5.66437254e-17	9.02581756e-03	-9.02581756e-03
1593            	1.80550949e+00	9.06044908e-01	8.99464584e-01	-6.58032460e-01	-3.28619584e-01	-3.29412877e-01	3.96646653e-04	3.29016230e-03	9.02754746e-03	5.66448463e-17	9.02754746e-03	-9.02754746e-03
1594            	1.80595556e+00	9.06262911e-01	8.99692648e-01	-6.57026278e-01	-3.28112012e-01	-3.28914266e-01	4.01127291e-04	3.28513139e-03	9.02977780e-03	5.66458409e-17	9.02977780e-03	-9.02977780e-03
1595            	1.80629714e+00	9.06428609e-01	8.99868532e-01	-6.56007674e-01	-3.27598225e-01	-3.28409449e-01	4.05612234e-04	3.28003837e-03	9.03148571e-03	5.66468963e-17	9.03148571e-03	-9.03148571e-03
1596            	1.80502537e+00	9.05786557e-01	8.99238814e-01	-6.54774259e-01	-3.26977029e-01	-3.27797230e-01	4.10100861e-04	3.27387130e-03	9.02512686e-03	5.66497883e-17	9.02512686e-03	-9.02512686e-03
1597            	1.80462894e+00	9.05583124e-01	8.99045811e-01	-6.53731300e-01	-3.26451057e-01	-3.27280243e-01	4.14593020e-04	3.26865650e-03	9.02314468e-03	5.66515613e-17	9.02314468e-03	-9.02314468e-03
1598            	1.80678098e+00	9.06654825e-01	9.00126151e-01	-6.52867436e-01	-3.26014628e-01	-3.26852807e-01	4.19089548e-04	3.26433718e-03	9.03390488e-03	5.66504577e-17	9.03390488e-03	-9.03390488e-03
1599            	1.80776406e+00	9.07140740e-01	9.00623320e-01	-6.51742011e-01	-3.25447415e-01	-3.26294596e-01	4.23590182e-04	3.25871005e-03	9.03882030e-03	5.66506761e-17	9.03882030e-03	-9.03882030e-03
1600            	1.80761152e+00	9.07058896e-01	9.00552627e-01	-6.50626836e-01	-3.24885324e-01	-3.25741512e-01	4.28094031e-04	3.25313418e-03	9.03805762e-03	5.66521201e-17	9.03805762e-03	-9.03805762e-03
1601            	1.80748180e+00	9.06988861e-01	9.00492935e-01	-6.49592661e-01	-3.24363730e-01	-3.25228931e-01	4.32600718e-04	3.24796331e-03	9.03740898e-03	5.66535235e-17	9.03740898e-03	-9.03740898e-03
1602            	1.80774855e+00	9.07117263e-01	9.00631290e-01	-6.48597311e-01	-3.23861545e-01	-3.24735766e-01	4.37110182e-04	3.24298656e-03	9.03874277e-03	5.66544977e-17	9.03874277e-03	-9.03874277e-03
1603            	1.80820549e+00	9.07340079e-01	9.00865407e-01	-6.47467202e-01	-3.23291979e-01	-3.24175223e-01	4.41622269e-04	3.23733601e-03	9.04102743e-03	5.66552483e-17	9.04102743e-03	-9.04102743e-03
1604            	1.81045230e+00	9.08459129e-01	9.01993167e-01	-6.46596146e-01	-3.22851936e-01	-3.23744210e-01	4.46137109e-04	3.23298073e-03	9.05226148e-03	5.66539486e-17	9.05226148e-03	-9.05226148e-03
1605            	1.81128089e+00	9.08868137e-01	9.02412756e-01	-6.45538052e-01	-3.22318372e-01	-3.23219681e-01	4.50654363e-04	3.22769026e-03	9.05640447e-03	5.66542003e-17	9.05640447e-03	-9.05640447e-03
1606            	1.81120614e+00	9.08825534e-01	9.02380607e-01	-6.44492708e-01	-3.21791181e-01	-3.22701527e-01	4.55173312e-04	3.22246354e-03	9.05603071e-03	5.66555018e-17	9.05603071e-03	-9.05603071e-03
1607            	1.81121765e+00	9.08825987e-01	9.02391662e-01	-6.43432520e-01	-3.21256566e-01	-3.22175954e-01	4.59693676e-04	3.21716260e-03	9.05608825e-03	5.66566405e-17	9.05608825e-03	-9.05608825e-03
1608            	1.81176301e+00	9.09093503e-01	9.02669512e-01	-6.42399099e-01	-3.20735334e-01	-3.21663765e-01	4.64215360e-04	3.21199550e-03	9.05881507e-03	5.66571542e-17	9.05881507e-03	-9.05881507e-03
1609            	1.81228531e+00	9.09349399e-01	9.02935911e-01	-6.41348723e-01	-3.20205623e-01	-3.21143099e-01	4.68738124e-04	3.20674361e-03	9.06142655e-03	5.66576510e-17	9.06142655e-03	-9.06142655e-03
1610            	1.81234652e+00	9.09374286e-01	9.02972237e-01	-6.40204863e-01	-3.19629170e-01	-3.20575693e-01	4.73261517e-04	3.20102431e-03	9.06173262e-03	5.66586123e-17	9.06173262e-03	-9.06173262e-03
1611            	1.81243330e+00	9.09412083e-01	9.03021215e-01	-6.39086793e-01	-3.19065611e-01	-3.20021181e-01	4.77785161e-04	3.19543396e-03	9.06216649e-03	5.66595599e-17	9.06216649e-03	-9.06216649e-03
1612            	1.81265054e+00	9.09514992e-01	9.03135544e-01	-6.37944758e-01	-3.18490070e-01	-3.19454688e-01	4.82308780e-04	3.18972379e-03	9.06325268e-03	5.66603387e-17	9.06325268e-03	-9.06325268e-03
1613            	1.81294512e+00	9.09656720e-01	9.03288398e-01	-6.36832138e-01	-3.17929237e-01	-3.18902901e-01	4.86832180e-04	3.18416069e-03	9.06472559e-03	5.66610075e-17	9.06472559e-03	-9.06472559e-03
1614            	1.81123947e+00	9.08797585e-01	9.02441888e-01	-6.35569700e-01	-3.17293495e-01	-3.18276205e-01	4.91354726e-04	3.17784850e-03	9.05619737e-03	5.66639573e-17	9.05619737e-03	-9.05619737e-03
1615            	1.81108354e+00	9.08714292e-01	9.02369251e-01	-6.34504096e-01	-3.16756172e-01	-3.17747924e-01	4.95876262e-04	3.17252048e-03	9.05541772e-03	5.66651339e-17	9.05541772e-03	-9.05541772e-03
1616            	1.81175554e+00	9.09045646e-01	9.02709895e-01	-6.33575103e-01	-3.16287154e-01	-3.17287949e-01	5.00397192e-04	3.16787552e-03	9.05877771e-03	5.66653287e-17	9.05877771e-03	-9.05877771e-03
1617            	1.81233797e+00	9.09331233e-01	9.03006739e-01	-6.32449377e-01	-3.15719771e-01	-3.16729606e-01	5.04917438e-04	3.16224688e-03	9.06168986e-03	5.66656458e-17	9.06168986e-03	-9.06168986e-03
1618            	1.81244802e+00	9.09380381e-01	9.03067635e-01	-6.31274626e-01	-3.15127876e-01	-3.16146749e-01	5.09436404e-04	3.15637313e-03	9.06224008e-03	5.66664742e-17	9.06224008e-03	-9.06224008e-03
1619            	1.81470765e+00	9.10505800e-01	9.04201845e-01	-6.30395455e-01	-3.14683773e-01	-3.15711682e-01	5.13954334e-04	3.15197728e-03	9.07353823e-03	5.66648485e-17	9.07353823e-03	-9.07353823e-03
1620            	1.81542854e+00	9.10860449e-01	9.04568088e-01	-6.29236063e-01	-3.14099561e-01	-3.15136502e-01	5.18470829e-04	3.14618031e-03	9.07714269e-03	5.66649628e-17	9.07714269e-03	-9.07714269e-03
1621            	1.81511218e+00	9.10696250e-01	9.04415935e-01	-6.28031418e-01	-3.13492724e-01	-3.14538694e-01	5.22984980e-04	3.14015709e-03	9.07556092e-03	5.66662257e-17	9.07556092e-03	-9.07556092e-03
1622            	1.81481240e+00	9.10540735e-01	9.04271664e-01	-6.26907106e-01	-3.12926057e-01	-3.13981049e-01	5.27496349e-04	3.13453553e-03	9.07406199e-03	5.66674459e-17	9.07406199e-03	-9.07406199e-03
1623            	1.81504317e+00	9.10650444e-01	9.04392727e-01	-6.25771733e-01	-3.12353862e-01	-3.13417871e-01	5.32004766e-04	3.12885866e-03	9.07521585e-03	5.66680660e-17	9.07521585e-03	-9.07521585e-03
1624            	1.81541326e+00	9.10829676e-01	9.04583586e-01	-6.24609010e-01	-3.11767995e-01	-3.12841015e-01	5.36509944e-04	3.12304505e-03	9.07706631e-03	5.66685116e-17	9.07706631e-03	-9.07706631e-03
1625            	1.81558019e+00	9.10907351e-01	9.04672836e-01	-6.23451505e-01	-3.11184741e-01	-3.12266764e-01	5.41011595e-04	3.11725752e-03	9.07790094e-03	5.66691462e-17	9.07790094e-03	-9.07790094e-03
1626            	1.81575499e+00	9.10989266e-01	9.04765726e-01	-6.22354002e-01	-3.10631492e-01	-3.11722511e-01	5.45509491e-04	3.11177001e-03	9.07877496e-03	5.66697694e-17	9.07877496e-03	-9.07877496e-03
1627            	1.81611791e+00	9.11165292e-01	9.04952617e-01	-6.21267522e-01	-3.10083758e-01	-3.11183764e-01	5.50003358e-04	3.10633761e-03	9.08058954e-03	5.66701494e-17	9.08058954e-03	-9.08058954e-03
1628            	1.81613369e+00	9.11167059e-01	9.04966630e-01	-6.20042867e-01	-3.09466941e-01	-3.10575926e-01	5.54492766e-04	3.10021433e-03	9.08066844e-03	5.66708095e-17	9.08066844e-03	-9.08066844e-03
1629            	1.81620097e+00	9.11194660e-01	9.05006308e-01	-6.18835206e-01	-3.08858626e-01	-3.09976580e-01	5.58977352e-04	3.09417603e-03	9.08100484e-03	5.66714307e-17	9.08100484e-03	-9.08100484e-03
1630            	1.81632792e+00	9.11252225e-01	9.05075691e-01	-6.17653426e-01	-3.08263256e-01	-3.09390170e-01	5.63456837e-04	3.08826713e-03	9.08163958e-03	5.66719430e-17	9.08163958e-03	-9.08163958e-03
1631            	1.81637699e+00	9.11270904e-01	9.05106087e-01	-6.16481667e-01	-3.07672902e-01	-3.08808764e-01	5.67930951e-04	3.08240833e-03	9.08188496e-03	5.66724910e-17	9.08188496e-03	-9.08188496e-03
1632            	1.81640784e+00	9.11280273e-01	9.05127571e-01	-6.15270224e-01	-3.07062713e-01	-3.08207511e-01	5.72399376e-04	3.07635112e-03	9.08203922e-03	5.66729990e-17	9.08203922e-03	-9.08203922e-03
1633            	1.81633093e+00	9.11235616e-01	9.05095317e-01	-6.14029840e-01	-3.06438058e-01	-3.07591782e-01	5.76861755e-04	3.07014920e-03	9.08165466e-03	5.66736276e-17	9.08165466e-03	-9.08165466e-03
1634            	1.81627367e+00	9.11200935e-01	9.05072735e-01	-6.12820005e-01	-3.05828684e-01	-3.06991320e-01	5.81317837e-04	3.06410002e-03	9.08136835e-03	5.66743053e-17	9.08136835e-03	-9.08136835e-03
1635            	1.81631968e+00	9.11217699e-01	9.05101979e-01	-6.11571979e-01	-3.05200222e-01	-3.06371757e-01	5.85767410e-04	3.05785990e-03	9.08159839e-03	5.66749241e-17	9.08159839e-03	-9.08159839e-03
1636            	1.81634701e+00	9.11225219e-01	9.05121793e-01	-6.10342612e-01	-3.04581096e-01	-3.05761516e-01	5.90210128e-04	3.05171306e-03	9.08173506e-03	5.66755869e-17	9.08173506e-03	-9.08173506e-03
1637            	1.81657579e+00	9.11333997e-01	9.05241792e-01	-6.09220422e-01	-3.04015565e-01	-3.05204857e-01	5.94645771e-04	3.04610211e-03	9.08287894e-03	5.66760407e-17	9.08287894e-03	-9.08287894e-03
1638            	1.81664527e+00	9.11362567e-01	9.05282702e-01	-6.07986473e-01	-3.03394163e-01	-3.04592311e-01	5.99073997e-04	3.03993237e-03	9.08322635e-03	5.66765647e-17	9.08322635e-03	-9.08322635e-03
1639            	1.81837019e+00	9.12218955e-01	9.06151237e-01	-6.06771788e-01	-3.02782399e-01	-3.03989389e-01	6.03494744e-04	3.03385894e-03	9.09185096e-03	5.66750936e-17	9.09185096e-03	-9.09185096e-03
1640            	1.81884235e+00	9.12448445e-01	9.06393908e-01	-6.05453666e-01	-3.02118926e-01	-3.03334741e-01	6.07907562e-04	3.02726833e-03	9.09421177e-03	5.66751568e-17	9.09421177e-03	-9.09421177e-03
1641            	1.81826917e+00	9.12155288e-01	9.06113881e-01	-6.04140688e-01	-3.01458032e-01	-3.02682656e-01	6.12311650e-04	3.02070344e-03	9.09134585e-03	5.66763447e-17	9.09134585e-03	-9.09134585e-03
1642            	1.81804894e+00	9.12039066e-01	9.06009876e-01	-6.02918975e-01	-3.00842781e-01	-3.02076194e-01	6.16706558e-04	3.01459487e-03	9.09024471e-03	5.66770833e-17	9.09024471e-03	-9.09024471e-03
1643            	1.81794662e+00	9.11981511e-01	9.05965104e-01	-6.01640702e-01	-3.00199259e-01	-3.01441443e-01	6.21092037e-04	3.00820351e-03	9.08973308e-03	5.66776240e-17	9.08973308e-03	-9.08973308e-03
1644            	1.81762363e+00	9.11812825e-01	9.05810807e-01	-6.00201803e-01	-2.99475434e-01	-3.00726369e-01	6.25467781e-04	3.00100901e-03	9.08811816e-03	5.66783378e-17	9.08811816e-03	-9.08811816e-03
1645            	1.81768286e+00	9.11836341e-01	9.05846517e-01	-5.98982457e-01	-2.98861395e-01	-3.00121062e-01	6.29833347e-04	2.99491228e-03	9.08841429e-03	5.66787105e-17	9.08841429e-03	-9.08841429e-03
1646            	1.81753451e+00	9.11755837e-01	9.05778672e-01	-5.97716496e-01	-2.98224059e-01	-2.99492436e-01	6.34188395e-04	2.98858248e-03	9.08767255e-03	5.66792625e-17	9.08767255e-03	-9.08767255e-03
1647            	1.81735796e+00	9.11660890e-01	9.05697067e-01	-5.96382303e-01	-2.97552619e-01	-2.98829684e-01	6.38532678e-04	2.98191152e-03	9.08678979e-03	5.66797604e-17	9.08678979e-03	-9.08678979e-03
1648            	1.81719832e+00	9.11574413e-01	9.05623908e-01	-5.95050498e-01	-2.96882383e-01	-2.98168115e-01	6.42865866e-04	2.97525249e-03	9.08599161e-03	5.66801976e-17	9.08599161e-03	-9.08599161e-03
1649            	1.81701251e+00	9.11474743e-01	9.05537769e-01	-5.93697330e-01	-2.96201477e-01	-2.97495853e-01	6.47187543e-04	2.96848665e-03	9.08506256e-03	5.66806336e-17	9.08506256e-03	-9.08506256e-03
1650            	1.81684694e+00	9.11385268e-01	9.05461669e-01	-5.92359844e-01	-2.95528424e-01	-2.96831419e-01	6.51497381e-04	2.96179922e-03	9.08423468e-03	5.66809386e-17	9.08423468e-03	-9.08423468e-03
1651            	1.81666309e+00	9.11286662e-01	9.05376429e-01	-5.91023302e-01	-2.94855856e-01	-2.96167446e-01	6.55795093e-04	2.95511651e-03	9.08331546e-03	5.66811955e-17	9.08331546e-03	-9.08331546e-03
1652            	1.81644198e+00	9.11169177e-01	9.05272806e-01	-5.89637024e-01	-2.94158432e-01	-2.95478593e-01	6.60080381e-04	2.94818512e-03	9.08220992e-03	5.66814384e-17	9.08220992e-03	-9.08220992e-03
1653            	1.81609103e+00	9.10986784e-01	9.05104245e-01	-5.88253950e-01	-2.93462622e-01	-2.94791328e-01	6.64352885e-04	2.94126975e-03	9.08045514e-03	5.66817748e-17	9.08045514e-03	-9.08045514e-03
1654            	1.81556897e+00	9.10718307e-01	9.04850667e-01	-5.86764059e-01	-2.92713417e-01	-2.94050642e-01	6.68612318e-04	2.93382029e-03	9.07784487e-03	5.66822557e-17	9.07784487e-03	-9.07784487e-03
1655            	1.81508905e+00	9.10471065e-01	9.04617987e-01	-5.85307787e-01	-2.91981035e-01	-2.93326752e-01	6.72858528e-04	2.92653894e-03	9.07544526e-03	5.66825763e-17	9.07544526e-03	-9.07544526e-03
1656            	1.81495917e+00	9.10399233e-01	9.04559939e-01	-5.83929410e-01	-2.91287614e-01	-2.92641796e-01	6.77091262e-04	2.91964705e-03	9.07479586e-03	5.66824986e-17	9.07479586e-03	-9.07479586e-03
1657            	1.81466187e+00	9.10243497e-01	9.04418376e-01	-5.82512066e-01	-2.90574723e-01	-2.91937343e-01	6.81310253e-04	2.91256033e-03	9.07330937e-03	5.66825075e-17	9.07330937e-03	-9.07330937e-03
1658            	1.81432805e+00	9.10069377e-01	9.04258673e-01	-5.81070400e-01	-2.89849685e-01	-2.91220716e-01	6.85515319e-04	2.90535200e-03	9.07164025e-03	5.66825271e-17	9.07164025e-03	-9.07164025e-03
1659            	1.81397192e+00	9.09884206e-01	9.04087712e-01	-5.79649426e-01	-2.89135007e-01	-2.90514419e-01	6.89706245e-04	2.89824713e-03	9.06985959e-03	5.66826019e-17	9.06985959e-03	-9.06985959e-03
1660            	1.81366160e+00	9.09721839e-01	9.03939758e-01	-5.78208058e-01	-2.88410146e-01	-2.89797912e-01	6.93882805e-04	2.89104029e-03	9.06830799e-03	5.66824780e-17	9.06830799e-03	-9.06830799e-03
1661            	1.81326758e+00	9.09517563e-01	9.03750019e-01	-5.76754415e-01	-2.87679162e-01	-2.89075252e-01	6.98044768e-04	2.88377207e-03	9.06633791e-03	5.66824182e-17	9.06633791e-03	-9.06633791e-03
1662            	1.81278108e+00	9.09266711e-01	9.03514371e-01	-5.75233965e-01	-2.86914791e-01	-2.88319174e-01	7.02191950e-04	2.87616983e-03	9.06390541e-03	5.66824819e-17	9.06390541e-03	-9.06390541e-03
1663            	1.81234096e+00	9.09038996e-01	9.03301968e-01	-5.73702773e-01	-2.86145062e-01	-2.87557710e-01	7.06324176e-04	2.86851386e-03	9.06170482e-03	5.66824808e-17	9.06170482e-03	-9.06170482e-03
1664            	1.81166183e+00	9.08691771e-01	9.02970063e-01	-5.72170820e-01	-2.85374969e-01	-2.86795851e-01	7.10441281e-04	2.86085410e-03	9.05830917e-03	5.66827111e-17	9.05830917e-03	-9.05830917e-03
1665            	1.81105251e+00	9.08379250e-01	9.02673258e-01	-5.70599218e-01	-2.84585066e-01	-2.86014152e-01	7.14543099e-04	2.85299609e-03	9.05526254e-03	5.66828872e-17	9.05526254e-03	-9.05526254e-03
1666            	1.81060452e+00	9.08147485e-01	9.02457034e-01	-5.69045061e-01	-2.83803901e-01	-2.85241160e-01	7.18629526e-04	2.84522530e-03	9.05302260e-03	5.66829059e-17	9.05302260e-03	-9.05302260e-03
1667            	1.81011750e+00	9.07896087e-01	9.02221409e-01	-5.67467798e-01	-2.83011199e-01	-2.84456600e-01	7.22700468e-04	2.83733899e-03	9.05058748e-03	5.66829699e-17	9.05058748e-03	-9.05058748e-03
1668            	1.80959738e+00	9.07628280e-01	9.01969095e-01	-5.65918531e-01	-2.82232510e-01	-2.83686021e-01	7.26755777e-04	2.82959265e-03	9.04798688e-03	5.66831119e-17	9.04798688e-03	-9.04798688e-03
1669            	1.80910202e+00	9.07372761e-01	9.01729263e-01	-5.64349811e-01	-2.81444110e-01	-2.82905701e-01	7.30795396e-04	2.82174905e-03	9.04551012e-03	5.66832521e-17	9.04551012e-03	-9.04551012e-03
1670            	1.80862889e+00	9.07128472e-01	9.01500413e-01	-5.62805884e-01	-2.80668123e-01	-2.82137761e-01	7.34819262e-04	2.81402942e-03	9.04314443e-03	5.66833496e-17	9.04314443e-03	-9.04314443e-03
1671            	1.80797157e+00	9.06791508e-01	9.01180060e-01	-5.61144755e-01	-2.79833551e-01	-2.81311205e-01	7.38827210e-04	2.80572378e-03	9.03985784e-03	5.66837353e-17	9.03985784e-03	-9.03985784e-03
1672            	1.80734268e+00	9.06468776e-01	9.00873901e-01	-5.59487482e-01	-2.79000922e-01	-2.80486560e-01	7.42819119e-04	2.79743741e-03	9.03671339e-03	5.66841427e-17	9.03671339e-03	-9.03671339e-03
1673            	1.80660900e+00	9.06093302e-01	9.00515702e-01	-5.57759968e-01	-2.78133189e-01	-2.79626779e-01	7.46794851e-04	2.78879984e-03	9.03304502e-03	5.66846541e-17	9.03304502e-03	-9.03304502e-03
1674            	1.80585178e+00	9.05706467e-01	9.00145313e-01	-5.56115433e-01	-2.77306962e-01	-2.78808471e-01	7.50754345e-04	2.78057716e-03	9.02925890e-03	5.66852242e-17	9.02925890e-03	-9.02925890e-03
1675            	1.80519291e+00	9.05368627e-01	8.99824283e-01	-5.54434364e-01	-2.76462485e-01	-2.77971880e-01	7.54697649e-04	2.77217182e-03	9.02596455e-03	5.66857159e-17	9.02596455e-03	-9.02596455e-03
1676            	1.80448767e+00	9.05007807e-01	8.99479863e-01	-5.52794416e-01	-2.75638583e-01	-2.77155833e-01	7.58624733e-04	2.76397208e-03	9.02243835e-03	5.66862167e-17	9.02243835e-03	-9.02243835e-03
1677            	1.80366097e+00	9.04585580e-01	8.99075387e-01	-5.51019265e-01	-2.74747097e-01	-2.76272168e-01	7.62535421e-04	2.75509633e-03	9.01830483e-03	5.66868295e-17	9.01830483e-03	-9.01830483e-03
1678            	1.80297082e+00	9.04231891e-01	8.98738933e-01	-5.49295770e-01	-2.73881455e-01	-2.75414315e-01	7.66429672e-04	2.74647885e-03	9.01485412e-03	5.66873503e-17	9.01485412e-03	-9.01485412e-03
1679            	1.80230489e+00	9.03890370e-01	8.98414517e-01	-5.47585298e-01	-2.73022342e-01	-2.74562957e-01	7.70307497e-04	2.73792649e-03	9.01152444e-03	5.66878362e-17	9.01152444e-03	-9.01152444e-03
1680            	1.80164069e+00	9.03549677e-01	8.98091017e-01	-5.45865925e-01	-2.72158794e-01	-2.73707131e-01	7.74168901e-04	2.72932963e-03	9.00820347e-03	5.66883006e-17	9.00820347e-03	-9.00820347e-03
1681            	1.80098028e+00	9.03210672e-01	8.97769605e-01	-5.44106769e-01	-2.71275371e-01	-2.72831398e-01	7.78013841e-04	2.72053385e-03	9.00490138e-03	5.66887291e-17	9.00490138e-03	-9.00490138e-03
1682            	1.80031775e+00	9.02870628e-01	8.97447117e-01	-5.42351084e-01	-2.70393700e-01	-2.71957384e-01	7.81842282e-04	2.71175542e-03	9.00158873e-03	5.66891583e-17	9.00158873e-03	-9.00158873e-03
1683            	1.79956122e+00	9.02483303e-01	8.97077912e-01	-5.40539130e-01	-2.69483911e-01	-2.71055219e-01	7.85654159e-04	2.70269565e-03	8.99780608e-03	5.66896496e-17	8.99780608e-03	-8.99780608e-03
1684            	1.79882211e+00	9.02104981e-01	8.96717127e-01	-5.38785406e-01	-2.68603254e-01	-2.70182153e-01	7.89449511e-04	2.69392703e-03	8.99411054e-03	5.66901356e-17	8.99411054e-03	-8.99411054e-03
1685            	1.79787168e+00	9.01620417e-01	8.96251261e-01	-5.36915655e-01	-2.67664599e-01	-2.69251056e-01	7.93228310e-04	2.68457828e-03	8.98935839e-03	5.66908078e-17	8.98935839e-03	-8.98935839e-03
1686            	1.79681508e+00	9.01082696e-01	8.95732385e-01	-5.35031070e-01	-2.66718545e-01	-2.68312526e-01	7.96990526e-04	2.67515535e-03	8.98407541e-03	5.66915466e-17	8.98407541e-03	-8.98407541e-03
1687            	1.79597645e+00	9.00653813e-01	8.95322635e-01	-5.33117894e-01	-2.65758211e-01	-2.67359683e-01	8.00736232e-04	2.66558947e-03	8.97988224e-03	5.66920401e-17	8.97988224e-03	-8.97988224e-03
1688            	1.79508217e+00	9.00197133e-01	8.94885037e-01	-5.31209571e-01	-2.64800320e-01	-2.66409251e-01	8.04465480e-04	2.65604786e-03	8.97541085e-03	5.66925932e-17	8.97541085e-03	-8.97541085e-03
1689            	1.79418779e+00	8.99740759e-01	8.94447032e-01	-5.29372695e-01	-2.63878169e-01	-2.65494526e-01	8.08178334e-04	2.64686348e-03	8.97093895e-03	5.66931535e-17	8.97093895e-03	-8.97093895e-03
1690            	1.79325402e+00	8.99264466e-01	8.93989552e-01	-5.27491399e-01	-2.62933824e-01	-2.64557574e-01	8.11874833e-04	2.63745699e-03	8.96627009e-03	5.66937181e-17	8.96627009e-03	-8.96627009e-03
1691            	1.79253399e+00	8.98895075e-01	8.93638919e-01	-5.25615654e-01	-2.61992272e-01	-2.63623382e-01	8.15555059e-04	2.62807827e-03	8.96266997e-03	5.66940372e-17	8.96266997e-03	-8.96266997e-03
1692            	1.79186096e+00	8.98549137e-01	8.93311822e-01	-5.23731525e-01	-2.61046544e-01	-2.62684982e-01	8.19219127e-04	2.61865763e-03	8.95930480e-03	5.66942966e-17	8.95930480e-03	-8.95930480e-03
1693            	1.79110906e+00	8.98163727e-01	8.92945329e-01	-5.21839747e-01	-2.60097007e-01	-2.61742741e-01	8.22867009e-04	2.60919874e-03	8.95554528e-03	5.66946187e-17	8.95554528e-03	-8.95554528e-03
1694            	1.79007335e+00	8.97636230e-01	8.92437123e-01	-5.19910736e-01	-2.59128869e-01	-2.60781867e-01	8.26498665e-04	2.59955368e-03	8.95036676e-03	5.66952690e-17	8.95036676e-03	-8.95036676e-03
1695            	1.78911571e+00	8.97147463e-01	8.91968244e-01	-5.17921942e-01	-2.58130857e-01	-2.59791085e-01	8.30114220e-04	2.58960971e-03	8.94557853e-03	5.66958114e-17	8.94557853e-03	-8.94557853e-03
1696            	1.78799688e+00	8.96577899e-01	8.91418976e-01	-5.15892280e-01	-2.57112426e-01	-2.58779854e-01	8.33713687e-04	2.57946140e-03	8.93998438e-03	5.66965140e-17	8.93998438e-03	-8.93998438e-03
1697            	1.78693821e+00	8.96038182e-01	8.90900028e-01	-5.13815340e-01	-2.56070373e-01	-2.57744967e-01	8.37297048e-04	2.56907670e-03	8.93469105e-03	5.66971161e-17	8.93469105e-03	-8.93469105e-03
1698            	1.78594427e+00	8.95531027e-01	8.90413243e-01	-5.11778391e-01	-2.55048331e-01	-2.56730060e-01	8.40864399e-04	2.55889196e-03	8.92972135e-03	5.66976866e-17	8.92972135e-03	-8.92972135e-03
1699            	1.78498308e+00	8.95040410e-01	8.89942675e-01	-5.09773544e-01	-2.54042356e-01	-2.55731188e-01	8.44415905e-04	2.54886772e-03	8.92491542e-03	5.66982456e-17	8.92491542e-03	-8.92491542e-03
1700            	1.78392411e+00	8.94500666e-01	8.89423447e-01	-5.07721986e-01	-2.53013041e-01	-2.54708945e-01	8.47951613e-04	2.53860993e-03	8.91962056e-03	5.66988864e-17	8.91962056e-03	-8.91962056e-03
1701            	1.78306885e+00	8.94062743e-01	8.89006103e-01	-5.05663973e-01	-2.51980515e-01	-2.53683458e-01	8.51471609e-04	2.52831986e-03	8.91534423e-03	5.66992784e-17	8.91534423e-03	-8.91534423e-03
1702            	1.78221363e+00	8.93624791e-01	8.88588836e-01	-5.03595482e-01	-2.50942765e-01	-2.52652717e-01	8.54975978e-04	2.51797741e-03	8.91106813e-03	5.66996512e-17	8.91106813e-03	-8.91106813e-03
1703            	1.78143599e+00	8.93225962e-01	8.88210025e-01	-5.01593711e-01	-2.49938390e-01	-2.51655320e-01	8.58464820e-04	2.50796855e-03	8.90717993e-03	5.66999624e-17	8.90717993e-03	-8.90717993e-03
1704            	1.78057702e+00	8.92786403e-01	8.87790617e-01	-4.99578580e-01	-2.48927352e-01	-2.50651228e-01	8.61938341e-04	2.49789290e-03	8.90288510e-03	5.67003621e-17	8.90288510e-03	-8.90288510e-03
1705            	1.77946896e+00	8.92221937e-01	8.87247028e-01	-4.97490949e-01	-2.47880078e-01	-2.49610871e-01	8.65396489e-04	2.48745474e-03	8.89734482e-03	5.67009854e-17	8.89734482e-03	-8.89734482e-03
1706            	1.77836451e+00	8.91658746e-01	8.86705768e-01	-4.95297853e-01	-2.46780088e-01	-2.48517766e-01	8.68839243e-04	2.47648927e-03	8.89182257e-03	5.67015975e-17	8.89182257e-03	-8.89182257e-03
1707            	1.77725432e+00	8.91092848e-01	8.86161469e-01	-4.93137819e-01	-2.45696643e-01	-2.47441176e-01	8.72266740e-04	2.46568910e-03	8.88627159e-03	5.67021898e-17	8.88627159e-03	-8.88627159e-03
1708            	1.77620842e+00	8.90558978e-01	8.85649446e-01	-4.90953143e-01	-2.44600893e-01	-2.46352251e-01	8.75679155e-04	2.45476572e-03	8.88104212e-03	5.67027091e-17	8.88104212e-03	-8.88104212e-03
1709            	1.77514175e+00	8.90014891e-01	8.85126858e-01	-4.88803257e-01	-2.43522552e-01	-2.45280705e-01	8.79076577e-04	2.44401629e-03	8.87570875e-03	5.67032753e-17	8.87570875e-03	-8.87570875e-03
1710            	1.77409246e+00	8.89479281e-01	8.84613180e-01	-4.86610009e-01	-2.42422545e-01	-2.44187463e-01	8.82459130e-04	2.43305004e-03	8.87046230e-03	5.67037705e-17	8.87046230e-03	-8.87046230e-03
1711            	1.77305075e+00	8.88947423e-01	8.84103323e-01	-4.84410011e-01	-2.41319179e-01	-2.43090832e-01	8.85826934e-04	2.42205005e-03	8.86525373e-03	5.67042099e-17	8.86525373e-03	-8.86525373e-03
1712            	1.77218266e+00	8.88502313e-01	8.83680348e-01	-4.82196496e-01	-2.40209068e-01	-2.41987428e-01	8.89180082e-04	2.41098248e-03	8.86091331e-03	5.67044743e-17	8.86091331e-03	-8.86091331e-03
1713            	1.77123099e+00	8.88015521e-01	8.83215465e-01	-4.80005543e-01	-2.39110253e-01	-2.40895290e-01	8.92518700e-04	2.40002772e-03	8.85615493e-03	5.67048234e-17	8.85615493e-03	-8.85615493e-03
1714            	1.77002502e+00	8.87401274e-01	8.82623747e-01	-4.77752676e-01	-2.37980495e-01	-2.39772181e-01	8.95842873e-04	2.38876338e-03	8.85012510e-03	5.67054026e-17	8.85012510e-03	-8.85012510e-03
1715            	1.76885612e+00	8.86805414e-01	8.82050704e-01	-4.75470990e-01	-2.36836342e-01	-2.38634648e-01	8.99152691e-04	2.37735495e-03	8.84428059e-03	5.67059532e-17	8.84428059e-03	-8.84428059e-03
1716            	1.76776618e+00	8.86248980e-01	8.81517199e-01	-4.73178064e-01	-2.35686584e-01	-2.37491480e-01	9.02448315e-04	2.36589032e-03	8.83883089e-03	5.67063864e-17	8.83883089e-03	-8.83883089e-03
1717            	1.76678061e+00	8.85744907e-01	8.81035705e-01	-4.70920168e-01	-2.34554354e-01	-2.36365814e-01	9.05729915e-04	2.35460084e-03	8.83390306e-03	5.67066984e-17	8.83390306e-03	-8.83390306e-03
1718            	1.76559753e+00	8.85141771e-01	8.80455764e-01	-4.68600742e-01	-2.33391373e-01	-2.35209369e-01	9.08997662e-04	2.34300371e-03	8.82798767e-03	5.67071978e-17	8.82798767e-03	-8.82798767e-03
1719            	1.76448628e+00	8.84574618e-01	8.79911660e-01	-4.66295808e-01	-2.32235653e-01	-2.34060156e-01	9.12251705e-04	2.33147904e-03	8.82243139e-03	5.67076286e-17	8.82243139e-03	-8.82243139e-03
1720            	1.76338641e+00	8.84013092e-01	8.79373313e-01	-4.63977862e-01	-2.31073439e-01	-2.32904423e-01	9.15492156e-04	2.31988931e-03	8.81693203e-03	5.67080267e-17	8.81693203e-03	-8.81693203e-03
1721            	1.76238201e+00	8.83499351e-01	8.78882663e-01	-4.61668711e-01	-2.29915636e-01	-2.31753075e-01	9.18719243e-04	2.30834356e-03	8.81191007e-03	5.67083078e-17	8.81191007e-03	-8.81191007e-03
1722            	1.76142011e+00	8.83006847e-01	8.78413266e-01	-4.59358150e-01	-2.28757142e-01	-2.30601008e-01	9.21933149e-04	2.29679075e-03	8.80710056e-03	5.67085309e-17	8.80710056e-03	-8.80710056e-03
1723            	1.76034928e+00	8.82459411e-01	8.77889866e-01	-4.56954549e-01	-2.27552141e-01	-2.29402409e-01	9.25133948e-04	2.28477275e-03	8.80174639e-03	5.67088493e-17	8.80174639e-03	-8.80174639e-03
1724            	1.75936857e+00	8.81957713e-01	8.77410858e-01	-4.54685530e-01	-2.26414443e-01	-2.28271087e-01	9.28321807e-04	2.27342765e-03	8.79684286e-03	5.67090656e-17	8.79684286e-03	-8.79684286e-03
1725            	1.75818543e+00	8.81354063e-01	8.76831365e-01	-4.52269800e-01	-2.25203403e-01	-2.27066397e-01	9.31496917e-04	2.26134900e-03	8.79092714e-03	5.67094991e-17	8.79092714e-03	-8.79092714e-03
1726            	1.75681810e+00	8.80657743e-01	8.76160354e-01	-4.49738874e-01	-2.23934778e-01	-2.25804096e-01	9.34659319e-04	2.24869437e-03	8.78409049e-03	5.67100770e-17	8.78409049e-03	-8.78409049e-03
1727            	1.75551615e+00	8.79994180e-01	8.75521967e-01	-4.47221353e-01	-2.22672867e-01	-2.24548486e-01	9.37809180e-04	2.23610676e-03	8.77758073e-03	5.67105785e-17	8.77758073e-03	-8.77758073e-03
1728            	1.75458826e+00	8.79518469e-01	8.75069796e-01	-4.44867289e-01	-2.21492697e-01	-2.23374591e-01	9.40946834e-04	2.22433644e-03	8.77294132e-03	5.67106784e-17	8.77294132e-03	-8.77294132e-03
1729            	1.75349228e+00	8.78958103e-01	8.74534178e-01	-4.42392539e-01	-2.20252197e-01	-2.22140342e-01	9.44072468e-04	2.21196269e-03	8.76746140e-03	5.67109436e-17	8.76746140e-03	-8.76746140e-03
1730            	1.75235988e+00	8.78379512e-01	8.73980369e-01	-4.39914300e-01	-2.19009964e-01	-2.20904336e-01	9.47186184e-04	2.19957150e-03	8.76179940e-03	5.67112655e-17	8.76179940e-03	-8.76179940e-03
1731            	1.75129359e+00	8.77834091e-01	8.73459503e-01	-4.37458815e-01	-2.17779119e-01	-2.19679696e-01	9.50288201e-04	2.18729407e-03	8.75646797e-03	5.67114788e-17	8.75646797e-03	-8.75646797e-03
1732            	1.75020424e+00	8.77276859e-01	8.72927383e-01	-4.34947563e-01	-2.16520403e-01	-2.18427160e-01	9.53378777e-04	2.17473781e-03	8.75102121e-03	5.67117112e-17	8.75102121e-03	-8.75102121e-03
1733            	1.74908561e+00	8.76705035e-01	8.72380576e-01	-4.32445901e-01	-2.15266493e-01	-2.17179409e-01	9.56458059e-04	2.16222951e-03	8.74542805e-03	5.67119827e-17	8.74542805e-03	-8.74542805e-03
1734            	1.74797577e+00	8.76137530e-01	8.71838242e-01	-4.29928808e-01	-2.14004878e-01	-2.15923930e-01	9.59526258e-04	2.14964404e-03	8.73987886e-03	5.67122200e-17	8.73987886e-03	-8.73987886e-03
1735            	1.74675360e+00	8.75513581e-01	8.71240015e-01	-4.27356520e-01	-2.12715677e-01	-2.14640844e-01	9.62583548e-04	2.13678260e-03	8.73376798e-03	5.67125990e-17	8.73376798e-03	-8.73376798e-03
1736            	1.74544094e+00	8.74844198e-01	8.70596743e-01	-4.24745468e-01	-2.11407104e-01	-2.13338364e-01	9.65630104e-04	2.12372734e-03	8.72720470e-03	5.67130527e-17	8.72720470e-03	-8.72720470e-03
1737            	1.74428806e+00	8.74254944e-01	8.70033112e-01	-4.22183239e-01	-2.10122953e-01	-2.12060286e-01	9.68666139e-04	2.11091620e-03	8.72144028e-03	5.67133254e-17	8.72144028e-03	-8.72144028e-03
1738            	1.74289591e+00	8.73545471e-01	8.69350435e-01	-4.19503555e-01	-2.08780086e-01	-2.10723469e-01	9.71691891e-04	2.09751777e-03	8.71447953e-03	5.67138366e-17	8.71447953e-03	-8.71447953e-03
1739            	1.74157675e+00	8.72872619e-01	8.68704128e-01	-4.16849135e-01	-2.07449860e-01	-2.09399275e-01	9.74707591e-04	2.08424568e-03	8.70788374e-03	5.67143086e-17	8.70788374e-03	-8.70788374e-03
1740            	1.74043774e+00	8.72290101e-01	8.68147637e-01	-4.14246416e-01	-2.06145495e-01	-2.08100922e-01	9.77713538e-04	2.07123208e-03	8.70218869e-03	5.67145627e-17	8.70218869e-03	-8.70218869e-03
1741            	1.73954130e+00	8.71829140e-01	8.67712165e-01	-4.11697505e-01	-2.04868043e-01	-2.06829463e-01	9.80709997e-04	2.05848753e-03	8.69770652e-03	5.67145957e-17	8.69770652e-03	-8.69770652e-03
1742            	1.73857994e+00	8.71335544e-01	8.67244395e-01	-4.09114883e-01	-2.03573745e-01	-2.05541139e-01	9.83697158e-04	2.04557442e-03	8.69289970e-03	5.67146527e-17	8.69289970e-03	-8.69289970e-03
1743            	1.73713939e+00	8.70601432e-01	8.66537955e-01	-4.06347696e-01	-2.02187173e-01	-2.04160523e-01	9.86675152e-04	2.03173848e-03	8.68569694e-03	5.67151749e-17	8.68569694e-03	-8.68569694e-03
1744            	1.73589058e+00	8.69963519e-01	8.65927057e-01	-4.03646158e-01	-2.00833435e-01	-2.02812723e-01	9.89644195e-04	2.01823079e-03	8.67945288e-03	5.67155320e-17	8.67945288e-03	-8.67945288e-03
1745            	1.73488266e+00	8.69446285e-01	8.65436373e-01	-4.00991230e-01	-1.99503010e-01	-2.01488220e-01	9.92604633e-04	2.00495615e-03	8.67441329e-03	5.67156292e-17	8.67441329e-03	-8.67441329e-03
1746            	1.73380357e+00	8.68893332e-01	8.64910240e-01	-3.98309203e-01	-1.98159045e-01	-2.00150158e-01	9.95556709e-04	1.99154601e-03	8.66901786e-03	5.67157841e-17	8.66901786e-03	-8.66901786e-03
1747            	1.73236634e+00	8.68160623e-01	8.64205717e-01	-3.95490602e-01	-1.96746801e-01	-1.98743801e-01	9.98500449e-04	1.97745301e-03	8.66183170e-03	5.67162705e-17	8.66183170e-03	-8.66183170e-03
1748            	1.73100292e+00	8.67464826e-01	8.63538090e-01	-3.92673545e-01	-1.95335337e-01	-1.97338209e-01	1.00143604e-03	1.96336773e-03	8.65501458e-03	5.67166929e-17	8.65501458e-03	-8.65501458e-03
1749            	1.72971818e+00	8.66808437e-01	8.62909744e-01	-3.89869276e-01	-1.93930274e-01	-1.95939002e-01	1.00436384e-03	1.94934638e-03	8.64859090e-03	5.67170289e-17	8.64859090e-03	-8.64859090e-03
1750            	1.72835010e+00	8.66110091e-01	8.62240007e-01	-3.87008369e-01	-1.92496901e-01	-1.94511469e-01	1.00728404e-03	1.93504185e-03	8.64175049e-03	5.67174495e-17	8.64175049e-03	-8.64175049e-03
1751            	1.72718541e+00	8.65513826e-01	8.61671583e-01	-3.84224274e-01	-1.91101940e-01	-1.93122334e-01	1.01019685e-03	1.92112137e-03	8.63592704e-03	5.67176486e-17	8.63592704e-03	-8.63592704e-03
1752            	1.72599936e+00	8.64906866e-01	8.61092494e-01	-3.81437284e-01	-1.89705539e-01	-1.91731744e-01	1.01310250e-03	1.90718642e-03	8.62999680e-03	5.67178444e-17	8.62999680e-03	-8.62999680e-03
1753            	1.72487308e+00	8.64329589e-01	8.60543489e-01	-3.78610076e-01	-1.88289037e-01	-1.90321039e-01	1.01600128e-03	1.89305038e-03	8.62436539e-03	5.67179563e-17	8.62436539e-03	-8.62436539e-03
1754            	1.72379941e+00	8.63778651e-01	8.60020762e-01	-3.75788918e-01	-1.86875566e-01	-1.88913352e-01	1.01889343e-03	1.87894459e-03	8.61899707e-03	5.67180004e-17	8.61899707e-03	-8.61899707e-03
1755            	1.72258938e+00	8.63159223e-01	8.59430158e-01	-3.72906463e-01	-1.85431453e-01	-1.87475011e-01	1.02177904e-03	1.86453232e-03	8.61294691e-03	5.67181958e-17	8.61294691e-03	-8.61294691e-03
1756            	1.72129813e+00	8.62499007e-01	8.58799128e-01	-3.69987910e-01	-1.83969297e-01	-1.86018613e-01	1.02465833e-03	1.84993955e-03	8.60649067e-03	5.67184859e-17	8.60649067e-03	-8.60649067e-03
1757            	1.71996771e+00	8.61818981e-01	8.58148729e-01	-3.67025163e-01	-1.82485050e-01	-1.84540113e-01	1.02753151e-03	1.83512581e-03	8.59983855e-03	5.67187708e-17	8.59983855e-03	-8.59983855e-03
1758            	1.71872851e+00	8.61184798e-01	8.57543713e-01	-3.64108544e-01	-1.81023873e-01	-1.83084671e-01	1.03039876e-03	1.82054272e-03	8.59364256e-03	5.67189687e-17	8.59364256e-03	-8.59364256e-03
1759            	1.71755253e+00	8.60582268e-01	8.56970258e-01	-3.61201015e-01	-1.79567247e-01	-1.81633768e-01	1.03326032e-03	1.80600507e-03	8.58776263e-03	5.67191130e-17	8.58776263e-03	-8.58776263e-03
1760            	1.71631684e+00	8.59949586e-01	8.56367251e-01	-3.58233524e-01	-1.78080646e-01	-1.80152879e-01	1.03611638e-03	1.79116762e-03	8.58158419e-03	5.67193045e-17	8.58158419e-03	-8.58158419e-03
1761            	1.71488955e+00	8.59220890e-01	8.55668661e-01	-3.55222805e-01	-1.76572435e-01	-1.78650369e-01	1.03896711e-03	1.77611402e-03	8.57444775e-03	5.67196998e-17	8.57444775e-03	-8.57444775e-03
1762            	1.71358728e+00	8.58554667e-01	8.55032613e-01	-3.52205456e-01	-1.75060915e-01	-1.77144541e-01	1.04181274e-03	1.76102728e-03	8.56793640e-03	5.67199715e-17	8.56793640e-03	-8.56793640e-03
1763            	1.71204380e+00	8.57767172e-01	8.54276627e-01	-3.49054501e-01	-1.73482597e-01	-1.75571904e-01	1.04465334e-03	1.74527250e-03	8.56021899e-03	5.67204462e-17	8.56021899e-03	-8.56021899e-03
1764            	1.71067993e+00	8.57069692e-01	8.53610239e-01	-3.45945285e-01	-1.71925153e-01	-1.74020132e-01	1.04748924e-03	1.72972642e-03	8.55339966e-03	5.67207426e-17	8.55339966e-03	-8.55339966e-03
1765            	1.70972558e+00	8.56577984e-01	8.53147591e-01	-3.43039302e-01	-1.70469330e-01	-1.72569972e-01	1.05032076e-03	1.71519651e-03	8.54862788e-03	5.67206682e-17	8.54862788e-03	-8.54862788e-03
1766            	1.70874476e+00	8.56072654e-01	8.52672109e-01	-3.40054502e-01	-1.68974103e-01	-1.71080399e-01	1.05314822e-03	1.70027251e-03	8.54372382e-03	5.67206371e-17	8.54372382e-03	-8.54372382e-03
1767            	1.70743067e+00	8.55399925e-01	8.52030744e-01	-3.36918028e-01	-1.67403042e-01	-1.69514986e-01	1.05597169e-03	1.68459014e-03	8.53715334e-03	5.67209583e-17	8.53715334e-03	-8.53715334e-03
1768            	1.70622778e+00	8.54783097e-01	8.51444683e-01	-3.33841398e-01	-1.65861908e-01	-1.67979490e-01	1.05879134e-03	1.66920699e-03	8.53113890e-03	5.67212247e-17	8.53113890e-03	-8.53113890e-03
1769            	1.70489208e+00	8.54099582e-01	8.50792498e-01	-3.30708421e-01	-1.64292603e-01	-1.66415818e-01	1.06160736e-03	1.65354211e-03	8.52446040e-03	5.67216188e-17	8.52446040e-03	-8.52446040e-03
1770            	1.70352170e+00	8.53398580e-01	8.50123117e-01	-3.27546298e-01	-1.62708729e-01	-1.64837569e-01	1.06441991e-03	1.63773149e-03	8.51760849e-03	5.67220765e-17	8.51760849e-03	-8.51760849e-03
1771            	1.70225119e+00	8.52747454e-01	8.49503741e-01	-3.24371343e-01	-1.61118442e-01	-1.63252901e-01	1.06722917e-03	1.62185671e-03	8.51125597e-03	5.67224054e-17	8.51125597e-03	-8.51125597e-03
1772            	1.70088299e+00	8.52047314e-01	8.48835675e-01	-3.21163891e-01	-1.59511910e-01	-1.61651981e-01	1.07003533e-03	1.60581945e-03	8.50441495e-03	5.67228442e-17	8.50441495e-03	-8.50441495e-03
1773            	1.69935250e+00	8.51265581e-01	8.48086917e-01	-3.17866349e-01	-1.57860336e-01	-1.60006013e-01	1.07283857e-03	1.58933174e-03	8.49676249e-03	5.67234373e-17	8.49676249e-03	-8.49676249e-03
1774            	1.69783583e+00	8.50490766e-01	8.47345069e-01	-3.14569727e-01	-1.56209225e-01	-1.58360503e-01	1.07563904e-03	1.57284864e-03	8.48917917e-03	5.67240244e-17	8.48917917e-03	-8.48917917e-03
1775            	1.69633274e+00	8.49722531e-01	8.46610209e-01	-3.11232239e-01	-1.54537682e-01	-1.56694556e-01	1.07843707e-03	1.55616119e-03	8.48166370e-03	5.67245578e-17	8.48166370e-03	-8.48166370e-03
1776            	1.69537420e+00	8.49227677e-01	8.46146521e-01	-3.08115593e-01	-1.52976563e-01	-1.55139030e-01	1.08123312e-03	1.54057797e-03	8.47687099e-03	5.67246107e-17	8.47687099e-03	-8.47687099e-03
1777            	1.69430592e+00	8.48677438e-01	8.45628483e-01	-3.04895547e-01	-1.51363746e-01	-1.53531801e-01	1.08402744e-03	1.52447773e-03	8.47152961e-03	5.67247277e-17	8.47152961e-03	-8.47152961e-03
1778            	1.69324838e+00	8.48132513e-01	8.45115864e-01	-3.01664920e-01	-1.49745640e-01	-1.51919280e-01	1.08682001e-03	1.50832460e-03	8.46624189e-03	5.67248029e-17	8.46624189e-03	-8.46624189e-03
1779            	1.69204747e+00	8.47515464e-01	8.44532011e-01	-2.98345258e-01	-1.48083018e-01	-1.50262240e-01	1.08961102e-03	1.49172629e-03	8.46023737e-03	5.67249838e-17	8.46023737e-03	-8.46023737e-03
1780            	1.69072121e+00	8.46835740e-01	8.43885469e-01	-2.95027086e-01	-1.46421143e-01	-1.48605944e-01	1.09240054e-03	1.47513543e-03	8.45360604e-03	5.67253085e-17	8.45360604e-03	-8.45360604e-03
1781            	1.68922202e+00	8.46069160e-01	8.43152861e-01	-2.91629887e-01	-1.44719755e-01	-1.46910132e-01	1.09518868e-03	1.45814943e-03	8.44611010e-03	5.67258017e-17	8.44611010e-03	-8.44611010e-03
1782            	1.68765770e+00	8.45269651e-01	8.42388051e-01	-2.88159996e-01	-1.42982022e-01	-1.45177974e-01	1.09797556e-03	1.44079998e-03	8.43828851e-03	5.67263241e-17	8.43828851e-03	-8.43828851e-03
1783            	1.68626729e+00	8.44557123e-01	8.41710169e-01	-2.84695417e-01	-1.41246947e-01	-1.43448470e-01	1.10076141e-03	1.42347708e-03	8.43133646e-03	5.67266621e-17	8.43133646e-03	-8.43133646e-03
1784            	1.68503226e+00	8.43922586e-01	8.41109674e-01	-2.81291171e-01	-1.39542039e-01	-1.41749132e-01	1.10354642e-03	1.40645586e-03	8.42516130e-03	5.67268558e-17	8.42516130e-03	-8.42516130e-03
1785            	1.68369392e+00	8.43236143e-01	8.40457776e-01	-2.77836737e-01	-1.37812038e-01	-1.40024699e-01	1.10633070e-03	1.38918369e-03	8.41846960e-03	5.67271471e-17	8.41846960e-03	-8.41846960e-03
1786            	1.68202201e+00	8.42382301e-01	8.39639712e-01	-2.74258890e-01	-1.36020331e-01	-1.38238559e-01	1.10911426e-03	1.37129445e-03	8.41011007e-03	5.67277687e-17	8.41011007e-03	-8.41011007e-03
1787            	1.68067169e+00	8.41689802e-01	8.38981888e-01	-2.70791436e-01	-1.34283821e-01	-1.36507615e-01	1.11189727e-03	1.35395718e-03	8.40335845e-03	5.67281125e-17	8.40335845e-03	-8.40335845e-03
1788            	1.67967825e+00	8.41176119e-01	8.38502134e-01	-2.67398550e-01	-1.32584595e-01	-1.34813955e-01	1.11468016e-03	1.33699275e-03	8.39839127e-03	5.67280737e-17	8.39839127e-03	-8.39839127e-03
1789            	1.67881455e+00	8.40727511e-01	8.38087035e-01	-2.64047599e-01	-1.30906336e-01	-1.33141263e-01	1.11746310e-03	1.32023799e-03	8.39407273e-03	5.67278906e-17	8.39407273e-03	-8.39407273e-03
1790            	1.67748726e+00	8.40046163e-01	8.37441094e-01	-2.60506906e-01	-1.29133207e-01	-1.31373699e-01	1.12024597e-03	1.30253453e-03	8.38743629e-03	5.67281357e-17	8.38743629e-03	-8.38743629e-03
1791            	1.67608328e+00	8.39326066e-01	8.36757212e-01	-2.56885344e-01	-1.27319643e-01	-1.29565701e-01	1.12302870e-03	1.28442672e-03	8.38041639e-03	5.67284546e-17	8.38041639e-03	-8.38041639e-03
1792            	1.67450983e+00	8.38520947e-01	8.35988884e-01	-2.53206313e-01	-1.25477345e-01	-1.27728968e-01	1.12581136e-03	1.26603156e-03	8.37254916e-03	5.67289472e-17	8.37254916e-03	-8.37254916e-03
1793            	1.67330580e+00	8.37901191e-01	8.35404607e-01	-2.49658379e-01	-1.23700596e-01	-1.25957784e-01	1.12859412e-03	1.24829190e-03	8.36652899e-03	5.67291373e-17	8.36652899e-03	-8.36652899e-03
1794            	1.67206090e+00	8.37260724e-01	8.34800179e-01	-2.46054476e-01	-1.21895861e-01	-1.24158615e-01	1.13137706e-03	1.23027238e-03	8.36030452e-03	5.67292867e-17	8.36030452e-03	-8.36030452e-03
1795            	1.67098252e+00	8.36703950e-01	8.34278575e-01	-2.42537551e-01	-1.20134615e-01	-1.22402936e-01	1.13416028e-03	1.21268775e-03	8.35491262e-03	5.67293017e-17	8.35491262e-03	-8.35491262e-03
1796            	1.66923364e+00	8.35810434e-01	8.33423203e-01	-2.38723132e-01	-1.18224623e-01	-1.20498510e-01	1.13694364e-03	1.19361566e-03	8.34616819e-03	5.67299712e-17	8.34616819e-03	-8.34616819e-03
1797            	1.66801120e+00	8.35180979e-01	8.32830221e-01	-2.35075838e-01	-1.16398192e-01	-1.18677646e-01	1.13972719e-03	1.17537919e-03	8.34005600e-03	5.67301779e-17	8.34005600e-03	-8.34005600e-03
1798            	1.66661034e+00	8.34462218e-01	8.32148122e-01	-2.31409558e-01	-1.14562268e-01	-1.16847290e-01	1.14251122e-03	1.15704779e-03	8.33305170e-03	5.67305257e-17	8.33305170e-03	-8.33305170e-03
1799            	1.66507155e+00	8.33674017e-01	8.31397531e-01	-2.27648575e-01	-1.12678992e-01	-1.14969583e-01	1.14529567e-03	1.13824288e-03	8.32535774e-03	5.67309841e-17	8.32535774e-03	-8.32535774e-03
1800            	1.66400943e+00	8.33124645e-01	8.30884788e-01	-2.23985611e-01	-1.10844725e-01	-1.13140886e-01	1.14808063e-03	1.11992806e-03	8.32004716e-03	5.67309505e-17	8.32004716e-03	-8.32004716e-03
1801            	1.66342681e+00	8.32815827e-01	8.30610983e-01	-2.20484401e-01	-1.09091334e-01	-1.11393067e-01	1.15086636e-03	1.10242200e-03	8.31713405e-03	5.67304519e-17	8.31713405e-03	-8.31713405e-03
1802            	1.66235497e+00	8.32261625e-01	8.30093346e-01	-2.16827933e-01	-1.07260313e-01	-1.09567619e-01	1.15365296e-03	1.08413966e-03	8.31177485e-03	5.67304198e-17	8.31177485e-03	-8.31177485e-03
1803            	1.66095940e+00	8.31544667e-01	8.29414729e-01	-2.12993784e-01	-1.05340452e-01	-1.07653332e-01	1.15644010e-03	1.06496892e-03	8.30479698e-03	5.67306532e-17	8.30479698e-03	-8.30479698e-03
1804            	1.65983794e+00	8.30965029e-01	8.28872911e-01	-2.09211803e-01	-1.03446674e-01	-1.05765129e-01	1.15922778e-03	1.04605902e-03	8.29918970e-03	5.67305531e-17	8.29918970e-03	-8.29918970e-03
1805            	1.65885412e+00	8.30454641e-01	8.28399481e-01	-2.05515956e-01	-1.01595962e-01	-1.03919994e-01	1.16201628e-03	1.02757978e-03	8.29427061e-03	5.67303025e-17	8.29427061e-03	-8.29427061e-03
1806            	1.65758177e+00	8.29799506e-01	8.27782269e-01	-2.01723693e-01	-9.96970408e-02	-1.02026652e-01	1.16480572e-03	1.00861847e-03	8.28790887e-03	5.67303272e-17	8.28790887e-03	-8.28790887e-03
1807            	1.65630558e+00	8.29142154e-01	8.27163423e-01	-1.97873046e-01	-9.77689268e-02	-1.00104119e-01	1.16759601e-03	9.89365228e-04	8.28152788e-03	5.67303691e-17	8.28152788e-03	-8.28152788e-03
1808            	1.65475754e+00	8.28348065e-01	8.26409472e-01	-1.93859301e-01	-9.57592634e-02	-9.81000374e-02	1.17038697e-03	9.69296504e-04	8.27378769e-03	5.67306340e-17	8.27378769e-03	-8.27378769e-03
1809            	1.65323652e+00	8.27567760e-01	8.25668763e-01	-1.89899686e-01	-9.37766642e-02	-9.61230214e-02	1.17317859e-03	9.49498428e-04	8.26618262e-03	5.67308760e-17	8.26618262e-03	-8.26618262e-03
1810            	1.65202100e+00	8.26940678e-01	8.25080319e-01	-1.86035940e-01	-9.18419986e-02	-9.41939409e-02	1.17597112e-03	9.30179698e-04	8.26010498e-03	5.67308318e-17	8.26010498e-03	-8.26010498e-03
1811            	1.65122051e+00	8.26521698e-01	8.24698811e-01	-1.82288681e-01	-8.99655756e-02	-9.23231052e-02	1.17876476e-03	9.11443404e-04	8.25610255e-03	5.67303688e-17	8.25610255e-03	-8.25610255e-03
1812            	1.65066565e+00	8.26225574e-01	8.24440075e-01	-1.78549863e-01	-8.80933718e-02	-9.04564911e-02	1.18155966e-03	8.92749314e-04	8.25332824e-03	5.67296014e-17	8.25332824e-03	-8.25332824e-03
1813            	1.64991082e+00	8.25829236e-01	8.24081588e-01	-1.74764798e-01	-8.61980431e-02	-8.85667548e-02	1.18435585e-03	8.73823989e-04	8.24955412e-03	5.67289946e-17	8.24955412e-03	-8.24955412e-03
1814            	1.64908037e+00	8.25394665e-01	8.23685705e-01	-1.70896000e-01	-8.42608466e-02	-8.66351533e-02	1.18715333e-03	8.54479999e-04	8.24540185e-03	5.67284916e-17	8.24540185e-03	-8.24540185e-03
1815            	1.64788782e+00	8.24778477e-01	8.23109347e-01	-1.66912961e-01	-8.22665283e-02	-8.46464323e-02	1.18995197e-03	8.34564803e-04	8.23943912e-03	5.67282367e-17	8.23943912e-03	-8.23943912e-03
1816            	1.64663308e+00	8.24130993e-01	8.22502089e-01	-1.62890360e-01	-8.02524283e-02	-8.26379317e-02	1.19275170e-03	8.14451800e-04	8.23316541e-03	5.67279955e-17	8.23316541e-03	-8.23316541e-03
1817            	1.64555604e+00	8.23572549e-01	8.21983487e-01	-1.58906153e-01	-7.82575241e-02	-8.06486294e-02	1.19555263e-03	7.94530767e-04	8.22778018e-03	5.67275587e-17	8.22778018e-03	-8.22778018e-03
1818            	1.64473715e+00	8.23143508e-01	8.21593638e-01	-1.54987053e-01	-7.62951715e-02	-7.86918817e-02	1.19835509e-03	7.74935266e-04	8.22368573e-03	5.67268924e-17	8.22368573e-03	-8.22368573e-03
1819            	1.64375664e+00	8.22633388e-01	8.21123250e-01	-1.51013839e-01	-7.43057602e-02	-7.67080784e-02	1.20115910e-03	7.55069193e-04	8.21878319e-03	5.67263651e-17	8.21878319e-03	-8.21878319e-03
1820            	1.64261258e+00	8.22041043e-01	8.20571534e-01	-1.46950917e-01	-7.22714938e-02	-7.46794230e-02	1.20396458e-03	7.34754584e-04	8.21306289e-03	5.67259585e-17	8.21306289e-03	-8.21306289e-03
1821            	1.64144917e+00	8.21438704e-01	8.20010462e-01	-1.42824177e-01	-7.02053169e-02	-7.26188600e-02	1.20677155e-03	7.14120884e-04	8.20724583e-03	5.67254982e-17	8.20724583e-03	-8.20724583e-03
1822            	1.64051403e+00	8.20950960e-01	8.19563065e-01	-1.38789494e-01	-6.81851668e-02	-7.06043270e-02	1.20958010e-03	6.93947469e-04	8.20257013e-03	5.67247982e-17	8.20257013e-03	-8.20257013e-03
1823            	1.64029251e+00	8.20821149e-01	8.19471360e-01	-1.34978875e-01	-6.62770469e-02	-6.87018279e-02	1.21239051e-03	6.74894374e-04	8.20146255e-03	5.67233569e-17	8.20146255e-03	-8.20146255e-03
1824            	1.63970628e+00	8.20508094e-01	8.19198188e-01	-1.30990649e-01	-6.42801216e-02	-6.67105272e-02	1.21520277e-03	6.54953244e-04	8.19853141e-03	5.67222300e-17	8.19853141e-03	-8.19853141e-03
1825            	1.63903067e+00	8.20149978e-01	8.18880694e-01	-1.26928370e-01	-6.22461683e-02	-6.46822016e-02	1.21801665e-03	6.34641849e-04	8.19515336e-03	5.67212020e-17	8.19515336e-03	-8.19515336e-03
1826            	1.63848299e+00	8.19855932e-01	8.18627059e-01	-1.22887226e-01	-6.02227806e-02	-6.26644451e-02	1.22083222e-03	6.14436128e-04	8.19241496e-03	5.67200182e-17	8.19241496e-03	-8.19241496e-03
1827            	1.63787689e+00	8.19532800e-01	8.18344086e-01	-1.18871388e-01	-5.82120446e-02	-6.06593438e-02	1.22364962e-03	5.94356942e-04	8.18938443e-03	5.67189189e-17	8.18938443e-03	-8.18938443e-03
1828            	1.63729844e+00	8.19223449e-01	8.18074988e-01	-1.14846177e-01	-5.61966193e-02	-5.86495574e-02	1.22646904e-03	5.74230883e-04	8.18649218e-03	5.67176762e-17	8.18649218e-03	-8.18649218e-03
1829            	1.63665072e+00	8.18879067e-01	8.17771655e-01	-1.10741174e-01	-5.41412968e-02	-5.65998776e-02	1.22929040e-03	5.53705872e-04	8.18325361e-03	5.67164677e-17	8.18325361e-03	-8.18325361e-03
1830            	1.63597505e+00	8.18520619e-01	8.17454431e-01	-1.06618767e-01	-5.20772696e-02	-5.45414971e-02	1.23211376e-03	5.33093834e-04	8.17987525e-03	5.67153161e-17	8.17987525e-03	-8.17987525e-03
1831            	1.63546358e+00	8.18244497e-01	8.17219086e-01	-1.02541189e-01	-5.00356552e-02	-5.25055337e-02	1.23493925e-03	5.12705944e-04	8.17731791e-03	5.67139953e-17	8.17731791e-03	-8.17731791e-03
1832            	1.63483196e+00	8.17907683e-01	8.16924277e-01	-9.83406236e-02	-4.79325449e-02	-5.04080787e-02	1.23776689e-03	4.91703118e-04	8.17415980e-03	5.67127415e-17	8.17415980e-03	-8.17415980e-03
1833            	1.63449820e+00	8.17720429e-01	8.16777772e-01	-9.42657652e-02	-4.58922859e-02	-4.83734793e-02	1.24059669e-03	4.71328826e-04	8.17249101e-03	5.67112033e-17	8.17249101e-03	-8.17249101e-03
1834            	1.63422843e+00	8.17565154e-01	8.16663279e-01	-9.01875135e-02	-4.38503280e-02	-4.63371855e-02	1.24342874e-03	4.50937568e-04	8.17114217e-03	5.67095777e-17	8.17114217e-03	-8.17114217e-03
1835            	1.63472082e+00	8.17792104e-01	8.16928720e-01	-8.63384364e-02	-4.19229549e-02	-4.44154815e-02	1.24626333e-03	4.31692182e-04	8.17360412e-03	5.67071756e-17	8.17360412e-03	-8.17360412e-03
1836            	1.63516399e+00	8.17993654e-01	8.17170334e-01	-8.23320247e-02	-3.99169119e-02	-4.24151129e-02	1.24910050e-03	4.11660124e-04	8.17581994e-03	5.67047060e-17	8.17581994e-03	-8.17581994e-03
1837            	1.63502637e+00	8.17904286e-01	8.17122083e-01	-7.82202701e-02	-3.78581951e-02	-4.03620750e-02	1.25193992e-03	3.91101350e-04	8.17513185e-03	5.67028582e-17	8.17513185e-03	-8.17513185e-03
1838            	1.63513935e+00	8.17940572e-01	8.17198779e-01	-7.41792864e-02	-3.58348617e-02	-3.83444247e-02	1.25478150e-03	3.70896432e-04	8.17569676e-03	5.67008810e-17	8.17569676e-03	-8.17569676e-03
1839            	1.63554831e+00	8.18125214e-01	8.17423098e-01	-7.02116102e-02	-3.38481798e-02	-3.63634304e-02	1.25762533e-03	3.51058051e-04	8.17774156e-03	5.66985451e-17	8.17774156e-03	-8.17774156e-03
1840            	1.63640537e+00	8.18534620e-01	8.17870752e-01	-6.63867482e-02	-3.19329025e-02	-3.44538458e-02	1.26047163e-03	3.31933741e-04	8.18202686e-03	5.66957469e-17	8.18202686e-03	-8.18202686e-03
1841            	1.63732043e+00	8.18972017e-01	8.18348410e-01	-6.23607654e-02	-2.99170624e-02	-3.24437030e-02	1.26332027e-03	3.11803827e-04	8.18660214e-03	5.66928051e-17	8.18660214e-03	-8.18660214e-03
1842            	1.63845909e+00	8.19522296e-01	8.18936793e-01	-5.85502916e-02	-2.80089745e-02	-3.05413171e-02	1.26617127e-03	2.92751458e-04	8.19229544e-03	5.66896599e-17	8.19229544e-03	-8.19229544e-03
1843            	1.63948958e+00	8.20018311e-01	8.19471271e-01	-5.47040455e-02	-2.60829981e-02	-2.86210474e-02	1.26902467e-03	2.73520227e-04	8.19744791e-03	5.66866965e-17	8.19744791e-03	-8.19744791e-03
1844            	1.64030043e+00	8.20403751e-01	8.19896683e-01	-5.07067763e-02	-2.40815079e-02	-2.66252685e-02	1.27188030e-03	2.53533882e-04	8.20150217e-03	5.66839506e-17	8.20150217e-03	-8.20150217e-03
1845            	1.64198262e+00	8.21226075e-01	8.20756545e-01	-4.69530131e-02	-2.22017683e-02	-2.47512448e-02	1.27473823e-03	2.34765066e-04	8.20991310e-03	5.66803140e-17	8.20991310e-03	-8.20991310e-03
1846            	1.64633546e+00	8.23387930e-01	8.22947526e-01	-4.40404197e-02	-2.07426106e-02	-2.32978091e-02	1.27759923e-03	2.20202099e-04	8.23167728e-03	5.66738798e-17	8.23167728e-03	-8.23167728e-03
1847            	1.72724569e+00	8.63947202e-01	8.63298489e-01	-6.48712664e-02	-3.11551476e-02	-3.37161188e-02	1.28048556e-03	3.24356332e-04	8.63622846e-03	5.65872975e-17	8.63622846e-03	-8.63622846e-03
