-0.5 	1.0037591
-0.48412699 	1.0162687
-0.46825397 	1.0132074
-0.45238095 	1.0073415
-0.43650794 	1.0004806
-0.42063492 	0.99786438
-0.40476191 	0.99765324
-0.3888889 	0.99693167
-0.37301588 	0.99553163
-0.35714287 	0.99430646
-0.34126985 	0.99441918
-0.32539684 	0.99534394
-0.30952379 	0.99587844
-0.29365078 	0.99560808
-0.27777776 	0.99441289
-0.26190475 	0.99242744
-0.24603173 	0.99015476
-0.23015872 	0.98934204
-0.2142857 	0.98956058
-0.19841269 	0.98997496
-0.18253967 	0.99029397
-0.16666666 	0.9904549
-0.15079364 	0.99031422
-0.13492063 	0.99004646
-0.11904758 	0.98979518
-0.10317457 	0.98991589
-0.087301552 	0.99027834
-0.071428537 	0.99061837
-0.055555522 	0.9908508
-0.039682507 	0.99109615
-0.023809493 	0.99142225
-0.0079364777 	0.99181809
0.0079365373 	0.99234485
0.023809552 	0.99340742
0.039682567 	0.99461298
0.055555582 	0.99584992
0.071428597 	0.99638278
0.087301612 	0.99686111
0.10317463 	0.99726086
0.11904764 	0.99742047
0.13492066 	0.99695029
0.15079367 	0.99616397
0.16666669 	0.99520719
0.1825397 	0.99473244
0.19841272 	0.99476344
0.21428573 	0.99478196
0.23015875 	0.99461743
0.24603176 	0.99443577
0.26190484 	0.9947493
0.27777785 	0.99504365
0.29365087 	0.99545236
0.30952388 	0.99611437
0.3253969 	0.99679949
0.34126991 	0.99695647
0.35714292 	0.99689256
0.37301594 	0.99733228
0.38888895 	0.99821234
0.40476197 	0.99835082
0.42063499 	0.99665403
0.436508 	0.99609773
0.45238101 	0.99812082
0.46825403 	0.99439806
0.48412704 	1.0000104
0.5 	0.9905414
