-0.5 	1.0173399
-0.48412699 	1.0232746
-0.46825397 	1.0231852
-0.45238095 	1.0219877
-0.43650794 	1.020438
-0.42063492 	1.0188013
-0.40476191 	1.0176161
-0.3888889 	1.016316
-0.37301588 	1.0153255
-0.35714287 	1.0142282
-0.34126985 	1.0132331
-0.32539684 	1.01221
-0.30952379 	1.0109363
-0.29365078 	1.0096604
-0.27777776 	1.0082111
-0.26190475 	1.0067707
-0.24603173 	1.0052822
-0.23015872 	1.0038191
-0.2142857 	1.00233
-0.19841269 	1.0008273
-0.18253967 	0.99933295
-0.16666666 	0.99779652
-0.15079364 	0.99625614
-0.13492063 	0.99470417
-0.11904758 	0.99316082
-0.10317457 	0.99162146
-0.087301552 	0.99010887
-0.071428537 	0.98865123
-0.055555522 	0.9872678
-0.039682507 	0.9859528
-0.023809493 	0.98474204
-0.0079364777 	0.98371794
0.0079365373 	0.98275336
0.023809552 	0.98204536
0.039682567 	0.98145348
0.055555582 	0.98121755
0.071428597 	0.98125403
0.087301612 	0.98146677
0.10317463 	0.98168354
0.11904764 	0.98154533
0.13492066 	0.9810777
0.15079367 	0.98069837
0.16666669 	0.98012095
0.1825397 	0.97925209
0.19841272 	0.97867732
0.21428573 	0.97794601
0.23015875 	0.97735566
0.24603176 	0.97681106
0.26190484 	0.97659384
0.27777785 	0.97642618
0.29365087 	0.97600853
0.30952388 	0.97516972
0.3253969 	0.9742136
0.34126991 	0.97355743
0.35714292 	0.97347957
0.37301594 	0.97385038
0.38888895 	0.97445977
0.40476197 	0.9751906
0.42063499 	0.97582735
0.436508 	0.97513568
0.45238101 	0.97397051
0.46825403 	0.97482763
0.48412704 	0.97947251
0.5 	0.98907979
