-0.5 	1.0173399
-0.48412699 	1.0049466
-0.46825397 	1.000407
-0.45238095 	0.9976539
-0.43650794 	0.9961489
-0.42063492 	0.99527126
-0.40476191 	0.99470359
-0.3888889 	0.99413637
-0.37301588 	0.99350777
-0.35714287 	0.99280739
-0.34126985 	0.99204818
-0.32539684 	0.99115752
-0.30952379 	0.99030139
-0.29365078 	0.98936258
-0.27777776 	0.98843448
-0.26190475 	0.98745729
-0.24603173 	0.98649493
-0.23015872 	0.98554828
-0.2142857 	0.98464726
-0.19841269 	0.98378055
-0.18253967 	0.98300404
-0.16666666 	0.98235496
-0.15079364 	0.98178636
-0.13492063 	0.98141243
-0.11904758 	0.98116753
-0.10317457 	0.98117469
-0.087301552 	0.98134963
-0.071428537 	0.98183133
-0.055555522 	0.9825647
-0.039682507 	0.98344544
-0.023809493 	0.9843231
-0.0079364777 	0.98502578
0.0079365373 	0.98555018
0.023809552 	0.98613954
0.039682567 	0.98682683
0.055555582 	0.98715687
0.071428597 	0.98730167
0.087301612 	0.98724089
0.10317463 	0.9868992
0.11904764 	0.98623819
0.13492066 	0.98563598
0.15079367 	0.98549793
0.16666669 	0.98577127
0.1825397 	0.98607071
0.19841272 	0.98618127
0.21428573 	0.98592981
0.23015875 	0.98506639
0.24603176 	0.98352559
0.26190484 	0.98145628
0.27777785 	0.97938013
0.29365087 	0.97791815
0.30952388 	0.97759758
0.3253969 	0.97856105
0.34126991 	0.98039135
0.35714292 	0.98218647
0.37301594 	0.9830272
0.38888895 	0.98228338
0.40476197 	0.98076208
0.42063499 	0.98049283
0.436508 	0.98300766
0.45238101 	0.98695938
0.46825403 	0.9885261
0.48412704 	0.98975345
0.5 	0.98907979
