-0.5 	1.0165926
-0.48412699 	1.0119961
-0.46825397 	1.0083122
-0.45238095 	1.001811
-0.43650794 	0.99630391
-0.42063492 	0.98709395
-0.40476191 	0.98369806
-0.3888889 	0.97281118
-0.37301588 	0.97009683
-0.35714287 	0.95851444
-0.34126985 	0.95203621
-0.32539684 	0.94555992
-0.30952379 	0.94305312
-0.29365078 	0.93765217
-0.27777776 	0.92758432
-0.26190475 	0.91855283
-0.24603173 	0.91129671
-0.23015872 	0.90355527
-0.2142857 	0.89654273
-0.19841269 	0.89143716
-0.18253967 	0.88073293
-0.16666666 	0.88569915
-0.15079364 	0.86830816
-0.13492063 	0.86768735
-0.11904758 	0.86402338
-0.10317457 	0.84943152
-0.087301552 	0.85420526
-0.071428537 	0.8452321
-0.055555522 	0.84380043
-0.039682507 	0.8447697
-0.023809493 	0.84200577
-0.0079364777 	0.84343615
0.0079365373 	0.84460059
0.023809552 	0.84693663
0.039682567 	0.84921249
0.055555582 	0.85611718
0.071428597 	0.86130238
0.087301612 	0.86510543
0.10317463 	0.8702985
0.11904764 	0.87592526
0.13492066 	0.88449762
0.15079367 	0.88908929
0.16666669 	0.89838731
0.1825397 	0.90026513
0.19841272 	0.9118075
0.21428573 	0.91523957
0.23015875 	0.91638048
0.24603176 	0.93336925
0.26190484 	0.93811063
0.27777785 	0.93392283
0.29365087 	0.94833501
0.30952388 	0.96364724
0.3253969 	0.95761817
0.34126991 	0.96356661
0.35714292 	0.97428736
0.37301594 	0.98150086
0.38888895 	0.98765319
0.40476197 	0.99031418
0.42063499 	0.99449688
0.436508 	0.99983072
0.45238101 	0.9995833
0.46825403 	1.0030934
0.48412704 	1.0070493
0.5 	1.0075591
