-0.5 	1.0190947
-0.48412699 	1.0139768
-0.46825397 	1.0123151
-0.45238095 	1.003815
-0.43650794 	0.99219482
-0.42063492 	1.0122802
-0.40476191 	1.019186
-0.3888889 	0.99337395
-0.37301588 	0.97426414
-0.35714287 	0.993458
-0.34126985 	1.0301906
-0.32539684 	1.037478
-0.30952379 	1.0010757
-0.29365078 	0.9521725
-0.27777776 	0.9259864
-0.26190475 	0.93976796
-0.24603173 	0.99274369
-0.23015872 	1.0654532
-0.2142857 	1.1009169
-0.19841269 	1.0864997
-0.18253967 	1.0292799
-0.16666666 	0.94986765
-0.15079364 	0.89126802
-0.13492063 	0.85310951
-0.11904758 	0.83440779
-0.10317457 	0.83724808
-0.087301552 	0.85821373
-0.071428537 	0.88962055
-0.055555522 	0.92996408
-0.039682507 	0.97439216
-0.023809493 	1.0150061
-0.0079364777 	1.0514014
0.0079365373 	1.0798151
0.023809552 	1.0986687
0.039682567 	1.1110874
0.055555582 	1.1168118
0.071428597 	1.1090825
0.087301612 	1.0915431
0.10317463 	1.0637347
0.11904764 	1.0223325
0.13492066 	0.9717758
0.15079367 	0.91901897
0.16666669 	0.86773534
0.1825397 	0.82929903
0.19841272 	0.81600666
0.21428573 	0.84861077
0.23015875 	0.94246278
0.24603176 	1.1086473
0.26190484 	1.1617033
0.27777785 	1.0694383
0.29365087 	0.95469211
0.30952388 	0.91509442
0.3253969 	0.96290618
0.34126991 	1.0223834
0.35714292 	1.0257765
0.37301594 	0.98829269
0.38888895 	0.97421373
0.40476197 	0.98622085
0.42063499 	0.99619064
0.436508 	0.98781995
0.45238101 	0.9775529
0.46825403 	0.9836727
0.48412704 	0.98377542
0.5 	0.98447621
