-0.5 	1.0132163
-0.48412699 	1.0139638
-0.46825397 	1.0151778
-0.45238095 	1.0144747
-0.43650794 	1.01287
-0.42063492 	1.0116365
-0.40476191 	1.008974
-0.3888889 	1.0073028
-0.37301588 	1.0043337
-0.35714287 	1.0013558
-0.34126985 	1.0046037
-0.32539684 	0.99747511
-0.30952379 	1.002532
-0.29365078 	0.99393452
-0.27777776 	0.99967895
-0.26190475 	0.99290185
-0.24603173 	0.99446468
-0.23015872 	0.99365956
-0.2142857 	0.98969413
-0.19841269 	0.9918829
-0.18253967 	0.98582482
-0.16666666 	0.98899493
-0.15079364 	0.98552889
-0.13492063 	0.98481348
-0.11904758 	0.98502313
-0.10317457 	0.98121908
-0.087301552 	0.98437413
-0.071428537 	0.97920444
-0.055555522 	0.98309165
-0.039682507 	0.98359415
-0.023809493 	0.98315015
-0.0079364777 	0.98625456
0.0079365373 	0.98424371
0.023809552 	0.99181438
0.039682567 	0.98810111
0.055555582 	0.99016969
0.071428597 	0.99121446
0.087301612 	0.98878459
0.10317463 	0.99469255
0.11904764 	0.9831542
0.13492066 	1.0028192
0.15079367 	0.98575574
0.16666669 	0.99210564
0.1825397 	0.9963543
0.19841272 	0.98861988
0.21428573 	0.99699861
0.23015875 	0.98794888
0.24603176 	0.99526249
0.26190484 	0.99502046
0.27777785 	0.99051475
0.29365087 	0.99393375
0.30952388 	0.99128265
0.3253969 	0.99282144
0.34126991 	0.99519855
0.35714292 	0.99448516
0.37301594 	0.99494337
0.38888895 	0.99404535
0.40476197 	0.99148194
0.42063499 	0.98807804
0.436508 	0.98646533
0.45238101 	0.98837206
0.46825403 	0.98965515
0.48412704 	0.98903269
0.5 	0.98699044
