-0.5 	0.99437957
-0.48412699 	0.99301598
-0.46825397 	0.99177628
-0.45238095 	0.99058028
-0.43650794 	0.98956561
-0.42063492 	0.98916246
-0.40476191 	0.98925844
-0.3888889 	0.9902473
-0.37301588 	0.99220844
-0.35714287 	0.99531743
-0.34126985 	0.99954115
-0.32539684 	1.0054394
-0.30952379 	1.0135512
-0.29365078 	1.0233253
-0.27777776 	1.0338001
-0.26190475 	1.0412797
-0.24603173 	1.0439187
-0.23015872 	1.0432204
-0.2142857 	1.0406423
-0.19841269 	1.0372594
-0.18253967 	1.0339057
-0.16666666 	1.0309678
-0.15079364 	1.0286645
-0.13492063 	1.0271306
-0.11904758 	1.0262773
-0.10317457 	1.025995
-0.087301552 	1.0261857
-0.071428537 	1.0266682
-0.055555522 	1.0273513
-0.039682507 	1.0280967
-0.023809493 	1.0289
-0.0079364777 	1.0297788
0.0079365373 	1.0307384
0.023809552 	1.031728
0.039682567 	1.032677
0.055555582 	1.0338107
0.071428597 	1.0351946
0.087301612 	1.0363535
0.10317463 	1.0369301
0.11904764 	1.0372352
0.13492066 	1.0369673
0.15079367 	1.035449
0.16666669 	1.0345913
0.1825397 	1.0349034
0.19841272 	1.0351446
0.21428573 	1.0347089
0.23015875 	1.0342143
0.24603176 	1.0339731
0.26190484 	1.0339613
0.27777785 	1.0334982
0.29365087 	1.033021
0.30952388 	1.0322988
0.3253969 	1.0308678
0.34126991 	1.0286655
0.35714292 	1.0259585
0.37301594 	1.0235489
0.38888895 	1.022316
0.40476197 	1.0222432
0.42063499 	1.0228172
0.436508 	1.023056
0.45238101 	1.0223935
0.46825403 	1.0203645
0.48412704 	1.0146118
0.5 	0.98836825
