-0.5 	1.0076756
-0.48412699 	1.0173131
-0.46825397 	0.99437416
-0.45238095 	1.0150969
-0.43650794 	0.99237259
-0.42063492 	1.0170355
-0.40476191 	0.98610555
-0.3888889 	1.0193801
-0.37301588 	0.98855343
-0.35714287 	1.0221108
-0.34126985 	0.98881455
-0.32539684 	0.9632723
-0.30952379 	1.0643007
-0.29365078 	1.0310615
-0.27777776 	0.96011937
-0.26190475 	1.005541
-0.24603173 	1.0886303
-0.23015872 	1.0628792
-0.2142857 	0.99952287
-0.19841269 	0.94820597
-0.18253967 	0.93178623
-0.16666666 	0.97253135
-0.15079364 	1.0718748
-0.13492063 	1.130948
-0.11904758 	1.0593681
-0.10317457 	0.95188309
-0.087301552 	0.88902002
-0.071428537 	0.86603714
-0.055555522 	0.86966477
-0.039682507 	0.89274459
-0.023809493 	0.9196804
-0.0079364777 	0.94978142
0.0079365373 	0.97145131
0.023809552 	0.95840033
0.039682567 	0.84401325
0.055555582 	0.78599853
0.071428597 	0.81362093
0.087301612 	0.86106112
0.10317463 	0.88780376
0.11904764 	1.0347476
0.13492066 	1.1085892
0.15079367 	1.0226967
0.16666669 	1.0615997
0.1825397 	0.99198886
0.19841272 	0.93093962
0.21428573 	1.0211165
0.23015875 	1.0137816
0.24603176 	1.0056724
0.26190484 	1.0031503
0.27777785 	0.98771592
0.29365087 	1.0196818
0.30952388 	0.99563307
0.3253969 	0.97896017
0.34126991 	0.99623469
0.35714292 	0.99268209
0.37301594 	0.98244977
0.38888895 	0.96849697
0.40476197 	0.97438112
0.42063499 	0.96927101
0.436508 	0.97023429
0.45238101 	0.96892083
0.46825403 	0.97397695
0.48412704 	0.97446783
0.5 	0.97108344
