-0.5 	1.0507371
-0.48412699 	1.0211313
-0.46825397 	1.0074072
-0.45238095 	1.0307626
-0.43650794 	1.0010467
-0.42063492 	0.99512072
-0.40476191 	1.0073667
-0.3888889 	0.99749782
-0.37301588 	0.97791062
-0.35714287 	0.9762565
-0.34126985 	0.98498053
-0.32539684 	0.98785689
-0.30952379 	0.98028824
-0.29365078 	0.9670118
-0.27777776 	0.96437491
-0.26190475 	0.97160662
-0.24603173 	0.97730403
-0.23015872 	0.97822902
-0.2142857 	0.97622786
-0.19841269 	0.97260964
-0.18253967 	0.96520458
-0.16666666 	0.96032453
-0.15079364 	0.96297401
-0.13492063 	0.96954812
-0.11904758 	0.97460199
-0.10317457 	0.97588048
-0.087301552 	0.97124338
-0.071428537 	0.96478187
-0.055555522 	0.96072079
-0.039682507 	0.95983149
-0.023809493 	0.9615222
-0.0079364777 	0.96483722
0.0079365373 	0.96659728
0.023809552 	0.96680515
0.039682567 	0.96746156
0.055555582 	0.967834
0.071428597 	0.96611741
0.087301612 	0.96372737
0.10317463 	0.96026887
0.11904764 	0.95322312
0.13492066 	0.95070166
0.15079367 	0.95850772
0.16666669 	0.96606193
0.1825397 	0.96794108
0.19841272 	0.96492218
0.21428573 	0.9596895
0.23015875 	0.96143342
0.24603176 	0.96693877
0.26190484 	0.96761813
0.27777785 	0.95960742
0.29365087 	0.94846289
0.30952388 	0.94506855
0.3253969 	0.94647601
0.34126991 	0.95401024
0.35714292 	0.96023199
0.37301594 	0.95014747
0.38888895 	0.93815117
0.40476197 	0.95027459
0.42063499 	0.97727768
0.436508 	0.96491674
0.45238101 	0.95824677
0.46825403 	0.98439034
0.48412704 	0.9610571
0.5 	0.9890291
