-0.5 	1.0046793
-0.48412699 	1.0216778
-0.46825397 	0.92117044
-0.45238095 	1.1646549
-0.43650794 	0.92752755
-0.42063492 	1.005448
-0.40476191 	1.0980177
-0.3888889 	1.0147019
-0.37301588 	0.92061923
-0.35714287 	0.9913703
-0.34126985 	1.1969454
-0.32539684 	1.1891882
-0.30952379 	0.90990134
-0.29365078 	0.81241041
-0.27777776 	0.89217108
-0.26190475 	1.0046353
-0.24603173 	1.0938293
-0.23015872 	1.1246592
-0.2142857 	1.0796864
-0.19841269 	1.0182728
-0.18253967 	1.0253243
-0.16666666 	1.0843421
-0.15079364 	1.1496858
-0.13492063 	1.2038119
-0.11904758 	1.2424067
-0.10317457 	1.2615721
-0.087301552 	1.2533237
-0.071428537 	1.2907571
-0.055555522 	1.5061918
-0.039682507 	1.4198757
-0.023809493 	1.14269
-0.0079364777 	1.1551939
0.0079365373 	1.3069295
0.023809552 	1.2464653
0.039682567 	0.91798546
0.055555582 	0.7700625
0.071428597 	1.0475917
0.087301612 	0.98596314
0.10317463 	0.88686822
0.11904764 	0.90433635
0.13492066 	0.91014433
0.15079367 	0.88769516
0.16666669 	0.86950381
0.1825397 	0.87471229
0.19841272 	0.89975295
0.21428573 	0.92691035
0.23015875 	0.95292614
0.24603176 	0.99003175
0.26190484 	1.0390002
0.27777785 	1.0826097
0.29365087 	1.1057237
0.30952388 	1.0814659
0.3253969 	1.0275591
0.34126991 	0.99607306
0.35714292 	1.0148472
0.37301594 	1.0533077
0.38888895 	1.0427894
0.40476197 	0.99539471
0.42063499 	0.97807973
0.436508 	1.0106888
0.45238101 	1.0474889
0.46825403 	1.0173477
0.48412704 	1.0086625
0.5 	0.97708648
