-0.5 	1.0032236
-0.48412699 	0.99861603
-0.46825397 	0.99554737
-0.45238095 	0.99323296
-0.43650794 	0.99143722
-0.42063492 	0.98983632
-0.40476191 	0.98846906
-0.3888889 	0.98721644
-0.37301588 	0.98584383
-0.35714287 	0.98452213
-0.34126985 	0.983307
-0.32539684 	0.98207469
-0.30952379 	0.98089145
-0.29365078 	0.97969303
-0.27777776 	0.97861875
-0.26190475 	0.97751593
-0.24603173 	0.97657998
-0.23015872 	0.97568933
-0.2142857 	0.9749347
-0.19841269 	0.97430698
-0.18253967 	0.97380537
-0.16666666 	0.97341199
-0.15079364 	0.97313991
-0.13492063 	0.9730083
-0.11904758 	0.97299253
-0.10317457 	0.97310296
-0.087301552 	0.97334792
-0.071428537 	0.97374126
-0.055555522 	0.97426567
-0.039682507 	0.97504151
-0.023809493 	0.97602364
-0.0079364777 	0.97708943
0.0079365373 	0.97811126
0.023809552 	0.97892293
0.039682567 	0.97936886
0.055555582 	0.97959395
0.071428597 	0.97981828
0.087301612 	0.97966622
0.10317463 	0.9792034
0.11904764 	0.97923869
0.13492066 	0.97964951
0.15079367 	0.9794732
0.16666669 	0.97827967
0.1825397 	0.97606864
0.19841272 	0.9732643
0.21428573 	0.97109063
0.23015875 	0.97037233
0.24603176 	0.97088043
0.26190484 	0.97180348
0.27777785 	0.97250061
0.29365087 	0.97291678
0.30952388 	0.97322809
0.3253969 	0.97380783
0.34126991 	0.97480736
0.35714292 	0.97567275
0.37301594 	0.97514459
0.38888895 	0.97177625
0.40476197 	0.96764409
0.42063499 	0.96880112
0.436508 	0.97439249
0.45238101 	0.97761961
0.46825403 	0.97726145
0.48412704 	0.96774508
0.5 	0.96678931
