-0.5 	1.0184138
-0.48412699 	1.0184961
-0.46825397 	1.0212626
-0.45238095 	1.0079685
-0.43650794 	1.0169235
-0.42063492 	1.0213056
-0.40476191 	1.0062398
-0.3888889 	1.0102544
-0.37301588 	1.0011194
-0.35714287 	1.0171878
-0.34126985 	1.0044997
-0.32539684 	0.99203143
-0.30952379 	1.0267991
-0.29365078 	0.98644102
-0.27777776 	0.98115819
-0.26190475 	1.0243019
-0.24603173 	1.0000532
-0.23015872 	0.96587643
-0.2142857 	1.0124718
-0.19841269 	1.0571463
-0.18253967 	0.9741819
-0.16666666 	0.93024647
-0.15079364 	0.97020618
-0.13492063 	1.0792051
-0.11904758 	1.0868105
-0.10317457 	0.98722199
-0.087301552 	0.92837106
-0.071428537 	0.91078623
-0.055555522 	0.9154055
-0.039682507 	0.94893124
-0.023809493 	1.0031177
-0.0079364777 	1.0602542
0.0079365373 	1.1042522
0.023809552 	1.1275144
0.039682567 	1.1374963
0.055555582 	1.1379544
0.071428597 	1.1044474
0.087301612 	1.0474576
0.10317463 	0.99687222
0.11904764 	0.94632472
0.13492066 	0.90484758
0.15079367 	0.90140869
0.16666669 	0.9392067
0.1825397 	1.0329258
0.19841272 	1.1220788
0.21428573 	1.0294646
0.23015875 	0.93440389
0.24603176 	0.95551225
0.26190484 	1.052645
0.27777785 	1.0158585
0.29365087 	0.95131778
0.30952388 	1.0161429
0.3253969 	1.0032444
0.34126991 	0.97464716
0.35714292 	1.01515
0.37301594 	0.99829476
0.38888895 	0.99794403
0.40476197 	1.0055272
0.42063499 	0.99724245
0.436508 	1.0028167
0.45238101 	1.0033945
0.46825403 	1.0007369
0.48412704 	1.0002266
0.5 	0.99983396
