-0.5 	1.0007087
-0.48412699 	1.0085325
-0.46825397 	1.0175257
-0.45238095 	1.0069635
-0.43650794 	1.0175327
-0.42063492 	1.0280853
-0.40476191 	1.0053451
-0.3888889 	0.98672994
-0.37301588 	1.0022046
-0.35714287 	1.0278313
-0.34126985 	1.0222804
-0.32539684 	0.98559301
-0.30952379 	0.9558781
-0.29365078 	0.96129147
-0.27777776 	1.0013109
-0.26190475 	1.053474
-0.24603173 	1.0858672
-0.23015872 	1.0527186
-0.2142857 	0.98915828
-0.19841269 	0.9297
-0.18253967 	0.88943548
-0.16666666 	0.87950839
-0.15079364 	0.90331262
-0.13492063 	0.94757409
-0.11904758 	1.0066126
-0.10317457 	1.0718722
-0.087301552 	1.1207017
-0.071428537 	1.1523995
-0.055555522 	1.1654471
-0.039682507 	1.155194
-0.023809493 	1.1399968
-0.0079364777 	1.1213906
0.0079365373 	1.1009221
0.023809552 	1.0855746
0.039682567 	1.0760635
0.055555582 	1.0736974
0.071428597 	1.0819433
0.087301612 	1.0971549
0.10317463 	1.1189264
0.11904764 	1.1468795
0.13492066 	1.175209
0.15079367 	1.19728
0.16666669 	1.2067642
0.1825397 	1.1760826
0.19841272 	1.0882904
0.21428573 	0.97138987
0.23015875 	0.86057397
0.24603176 	0.8312009
0.26190484 	0.93562702
0.27777785 	1.0612953
0.29365087 	1.1218251
0.30952388 	1.0813057
0.3253969 	0.98673027
0.34126991 	0.93673333
0.35714292 	0.96193501
0.37301594 	1.0028203
0.38888895 	1.0062152
0.40476197 	0.98375079
0.42063499 	0.9802722
0.436508 	1.006986
0.45238101 	1.0096739
0.46825403 	0.97729312
0.48412704 	0.99270099
0.5 	0.9928923
