# Force and moment coefficients
# dragDir       : (1.00000000e+00 0.00000000e+00 0.00000000e+00)
# sideDir       : (0.00000000e+00 0.00000000e+00 -1.00000000e+00)
# liftDir       : (0.00000000e+00 1.00000000e+00 0.00000000e+00)
# rollAxis      : (1.00000000e+00 0.00000000e+00 0.00000000e+00)
# pitchAxis     : (0.00000000e+00 0.00000000e+00 -1.00000000e+00)
# yawAxis       : (0.00000000e+00 1.00000000e+00 0.00000000e+00)
# magUInf       : 1.77482393e-01
# lRef          : 1.00000000e+00
# Aref          : 1.00000000e-02
# CofR          : (0.00000000e+00 0.00000000e+00 0.00000000e+00)
#
# Time          	Cd              	Cd(f)           	Cd(r)           	Cl              	Cl(f)           	Cl(r)           	CmPitch         	CmRoll          	CmYaw           	Cs              	Cs(f)           	Cs(r)           
0.998           	8.28147518e-01	4.05311056e-01	4.22836462e-01	1.75254054e+00	8.78316825e-01	8.74223719e-01	2.04655335e-03	-8.76270272e-03	4.14073759e-03	3.18492709e-17	4.14073759e-03	-4.14073759e-03
1.003           	8.28478400e-01	4.05486085e-01	4.22992315e-01	1.75062298e+00	8.77358098e-01	8.73264886e-01	2.04660600e-03	-8.75311492e-03	4.14239200e-03	3.18527303e-17	4.14239200e-03	-4.14239200e-03
1.008           	8.28727434e-01	4.05620315e-01	4.23107119e-01	1.74868034e+00	8.76386745e-01	8.72293596e-01	2.04657408e-03	-8.74340170e-03	4.14363717e-03	3.18542679e-17	4.14363717e-03	-4.14363717e-03
1.013           	8.28963485e-01	4.05748223e-01	4.23215262e-01	1.74670390e+00	8.75398404e-01	8.71305492e-01	2.04645567e-03	-8.73351948e-03	4.14481743e-03	3.18543861e-17	4.14481743e-03	-4.14481743e-03
1.018           	8.29219408e-01	4.05886097e-01	4.23333312e-01	1.74472151e+00	8.74407009e-01	8.70314503e-01	2.04625281e-03	-8.72360756e-03	4.14609704e-03	3.18539081e-17	4.14609704e-03	-4.14609704e-03
1.023           	8.29518821e-01	4.06045792e-01	4.23473029e-01	1.74272362e+00	8.73407776e-01	8.69315841e-01	2.04596706e-03	-8.71361809e-03	4.14759411e-03	3.18535653e-17	4.14759411e-03	-4.14759411e-03
1.028           	8.29866509e-01	4.06229723e-01	4.23636786e-01	1.74070627e+00	8.72398731e-01	8.68307535e-01	2.04559820e-03	-8.70353133e-03	4.14933255e-03	3.18530296e-17	4.14933255e-03	-4.14933255e-03
1.033           	8.30245329e-01	4.06429312e-01	4.23816017e-01	1.73867044e+00	8.71380364e-01	8.67290072e-01	2.04514619e-03	-8.69335218e-03	4.15122665e-03	3.18526568e-17	4.15122665e-03	-4.15122665e-03
1.038           	8.30647125e-01	4.06640543e-01	4.24006581e-01	1.73660380e+00	8.70346513e-01	8.66257288e-01	2.04461277e-03	-8.68301901e-03	4.15323562e-03	3.18522732e-17	4.15323562e-03	-4.15323562e-03
1.043           	8.31075484e-01	4.06865247e-01	4.24210238e-01	1.73449913e+00	8.69293561e-01	8.65205564e-01	2.04399871e-03	-8.67249563e-03	4.15537742e-03	3.18517157e-17	4.15537742e-03	-4.15537742e-03
1.048           	8.31528451e-01	4.07102351e-01	4.24426100e-01	1.73237486e+00	8.68230733e-01	8.64144123e-01	2.04330492e-03	-8.66187428e-03	4.15764226e-03	3.18511157e-17	4.15764226e-03	-4.15764226e-03
1.053           	8.32013653e-01	4.07355672e-01	4.24657980e-01	1.73023083e+00	8.67157949e-01	8.63072885e-01	2.04253178e-03	-8.65115417e-03	4.16006826e-03	3.18505492e-17	4.16006826e-03	-4.16006826e-03
1.058           	8.32521630e-01	4.07620478e-01	4.24901152e-01	1.72806735e+00	8.66075355e-01	8.61991996e-01	2.04167980e-03	-8.64033675e-03	4.16260815e-03	3.18503947e-17	4.16260815e-03	-4.16260815e-03
1.063           	8.33054856e-01	4.07898053e-01	4.25156803e-01	1.72587500e+00	8.64978251e-01	8.60896752e-01	2.04074948e-03	-8.62937502e-03	4.16527428e-03	3.18503584e-17	4.16527428e-03	-4.16527428e-03
1.068           	8.33618021e-01	4.08190746e-01	4.25427276e-01	1.72365301e+00	8.63866246e-01	8.59786763e-01	2.03974153e-03	-8.61826505e-03	4.16809011e-03	3.18500041e-17	4.16809011e-03	-4.16809011e-03
1.073           	8.34208427e-01	4.08497175e-01	4.25711252e-01	1.72140765e+00	8.62742484e-01	8.58665171e-01	2.03865675e-03	-8.60703827e-03	4.17104213e-03	3.18495343e-17	4.17104213e-03	-4.17104213e-03
1.078           	8.34822808e-01	4.08815722e-01	4.26007085e-01	1.71913630e+00	8.61605647e-01	8.57530655e-01	2.03749576e-03	-8.59568151e-03	4.17411404e-03	3.18491328e-17	4.17411404e-03	-4.17411404e-03
1.083           	8.35458329e-01	4.09144977e-01	4.26313352e-01	1.71683753e+00	8.60455024e-01	8.56382506e-01	2.03625905e-03	-8.58418765e-03	4.17729165e-03	3.18486990e-17	4.17729165e-03	-4.17729165e-03
1.088           	8.36111888e-01	4.09483428e-01	4.26628460e-01	1.71450327e+00	8.59286580e-01	8.55216686e-01	2.03494712e-03	-8.57251633e-03	4.18055944e-03	3.18483829e-17	4.18055944e-03	-4.18055944e-03
1.093           	8.36797459e-01	4.09838047e-01	4.26959412e-01	1.71213656e+00	8.58101840e-01	8.54034719e-01	2.03356035e-03	-8.56068279e-03	4.18398729e-03	3.18478542e-17	4.18398729e-03	-4.18398729e-03
1.098           	8.37512252e-01	4.10207452e-01	4.27304800e-01	1.70973478e+00	8.56899488e-01	8.52835290e-01	2.03209921e-03	-8.54867389e-03	4.18756126e-03	3.18466349e-17	4.18756126e-03	-4.18756126e-03
1.103           	8.38251270e-01	4.10589114e-01	4.27662156e-01	1.70730414e+00	8.55682634e-01	8.51621505e-01	2.03056441e-03	-8.53652069e-03	4.19125635e-03	3.18452891e-17	4.19125635e-03	-4.19125635e-03
1.108           	8.39009040e-01	4.10980321e-01	4.28028719e-01	1.70483979e+00	8.54448853e-01	8.50390940e-01	2.02895647e-03	-8.52419897e-03	4.19504520e-03	3.18438977e-17	4.19504520e-03	-4.19504520e-03
1.113           	8.39788035e-01	4.11382355e-01	4.28405680e-01	1.70233249e+00	8.53193521e-01	8.49138970e-01	2.02727577e-03	-8.51166246e-03	4.19894017e-03	3.18424435e-17	4.19894017e-03	-4.19894017e-03
1.118           	8.40583204e-01	4.11792651e-01	4.28790553e-01	1.69979023e+00	8.51920640e-01	8.47869595e-01	2.02552246e-03	-8.49895117e-03	4.20291602e-03	3.18410298e-17	4.20291602e-03	-4.20291602e-03
1.123           	8.41396782e-01	4.12212295e-01	4.29184487e-01	1.69721919e+00	8.50633293e-01	8.46585899e-01	2.02369682e-03	-8.48609596e-03	4.20698391e-03	3.18395790e-17	4.20698391e-03	-4.20698391e-03
1.128           	8.42230089e-01	4.12641981e-01	4.29588109e-01	1.69461282e+00	8.49328210e-01	8.45284611e-01	2.02179924e-03	-8.47306410e-03	4.21115045e-03	3.18382062e-17	4.21115045e-03	-4.21115045e-03
1.133           	8.43093660e-01	4.13086999e-01	4.30006661e-01	1.69196621e+00	8.48002932e-01	8.43963273e-01	2.01982999e-03	-8.45983103e-03	4.21546830e-03	3.18368811e-17	4.21546830e-03	-4.21546830e-03
1.138           	8.43979526e-01	4.13543365e-01	4.30436162e-01	1.68927969e+00	8.46657635e-01	8.42622057e-01	2.01778919e-03	-8.44639846e-03	4.21989763e-03	3.18356486e-17	4.21989763e-03	-4.21989763e-03
1.143           	8.44884649e-01	4.14009512e-01	4.30875137e-01	1.68656252e+00	8.45296939e-01	8.41265585e-01	2.01567680e-03	-8.43281262e-03	4.22442325e-03	3.18344682e-17	4.22442325e-03	-4.22442325e-03
1.148           	8.45801525e-01	4.14481675e-01	4.31319850e-01	1.68381757e+00	8.43922278e-01	8.39895293e-01	2.01349265e-03	-8.41908786e-03	4.22900762e-03	3.18335038e-17	4.22900762e-03	-4.22900762e-03
1.153           	8.46736623e-01	4.14963116e-01	4.31773507e-01	1.68103916e+00	8.42530814e-01	8.38508341e-01	2.01123655e-03	-8.40519578e-03	4.23368311e-03	3.18325841e-17	4.23368311e-03	-4.23368311e-03
1.158           	8.47696727e-01	4.15457272e-01	4.32239455e-01	1.67821831e+00	8.41118061e-01	8.37100245e-01	2.00890827e-03	-8.39109153e-03	4.23848363e-03	3.18322126e-17	4.23848363e-03	-4.23848363e-03
1.163           	8.48682844e-01	4.15964638e-01	4.32718206e-01	1.67535682e+00	8.39684917e-01	8.35671902e-01	2.00650762e-03	-8.37678409e-03	4.24341422e-03	3.18318101e-17	4.24341422e-03	-4.24341422e-03
1.168           	8.49689572e-01	4.16482490e-01	4.33207082e-01	1.67245913e+00	8.38233597e-01	8.34225529e-01	2.00403429e-03	-8.36229563e-03	4.24844786e-03	3.18314703e-17	4.24844786e-03	-4.24844786e-03
1.173           	8.50713162e-01	4.17008951e-01	4.33704210e-01	1.66952590e+00	8.36764440e-01	8.32761464e-01	2.00148790e-03	-8.34762952e-03	4.25356581e-03	3.18311282e-17	4.25356581e-03	-4.25356581e-03
1.178           	8.51761961e-01	4.17548228e-01	4.34213733e-01	1.66655051e+00	8.35274121e-01	8.31276385e-01	1.99886805e-03	-8.33275253e-03	4.25880980e-03	3.18307653e-17	4.25880980e-03	-4.25880980e-03
1.183           	8.52830642e-01	4.18097640e-01	4.34733002e-01	1.66353617e+00	8.33764258e-01	8.29771910e-01	1.99617416e-03	-8.31768084e-03	4.26415321e-03	3.18307854e-17	4.26415321e-03	-4.26415321e-03
1.188           	8.53928497e-01	4.18661850e-01	4.35266647e-01	1.66047977e+00	8.32233291e-01	8.28246480e-01	1.99340567e-03	-8.30239886e-03	4.26964249e-03	3.18308604e-17	4.26964249e-03	-4.26964249e-03
1.193           	8.55051541e-01	4.19238841e-01	4.35812700e-01	1.65738594e+00	8.30683531e-01	8.26702407e-01	1.99056199e-03	-8.28692969e-03	4.27525770e-03	3.18309900e-17	4.27525770e-03	-4.27525770e-03
1.198           	8.56197232e-01	4.19827334e-01	4.36369899e-01	1.65425648e+00	8.29115881e-01	8.25140597e-01	1.98764237e-03	-8.27128239e-03	4.28098616e-03	3.18310542e-17	4.28098616e-03	-4.28098616e-03
1.203           	8.57358437e-01	4.20423751e-01	4.36934686e-01	1.65109352e+00	8.27531408e-01	8.23562116e-01	1.98464584e-03	-8.25546762e-03	4.28679218e-03	3.18311430e-17	4.28679218e-03	-4.28679218e-03
1.208           	8.58545055e-01	4.21033083e-01	4.37511972e-01	1.64788891e+00	8.25926027e-01	8.21962884e-01	1.98157141e-03	-8.23944456e-03	4.29272527e-03	3.18312533e-17	4.29272527e-03	-4.29272527e-03
1.213           	8.59757014e-01	4.21655269e-01	4.38101745e-01	1.64464760e+00	8.24302217e-01	8.20345381e-01	1.97841792e-03	-8.22323799e-03	4.29878507e-03	3.18313455e-17	4.29878507e-03	-4.29878507e-03
1.218           	8.60996077e-01	4.22291197e-01	4.38704880e-01	1.64136826e+00	8.22659313e-01	8.18708945e-01	1.97518430e-03	-8.20684129e-03	4.30498038e-03	3.18314256e-17	4.30498038e-03	-4.30498038e-03
1.223           	8.62253552e-01	4.22936501e-01	4.39317051e-01	1.63805501e+00	8.20999374e-01	8.17055635e-01	1.97186919e-03	-8.19027504e-03	4.31126776e-03	3.18314724e-17	4.31126776e-03	-4.31126776e-03
1.228           	8.63534440e-01	4.23593718e-01	4.39940722e-01	1.63470047e+00	8.19318706e-01	8.15381764e-01	1.96847095e-03	-8.17350235e-03	4.31767220e-03	3.18320470e-17	4.31767220e-03	-4.31767220e-03
1.233           	8.64833845e-01	4.24260352e-01	4.40573493e-01	1.63131410e+00	8.17622036e-01	8.13692060e-01	1.96498820e-03	-8.15657048e-03	4.32416923e-03	3.18325785e-17	4.32416923e-03	-4.32416923e-03
1.238           	8.66157753e-01	4.24939420e-01	4.41218333e-01	1.62789124e+00	8.15907040e-01	8.11984201e-01	1.96141959e-03	-8.13945620e-03	4.33078876e-03	3.18330981e-17	4.33078876e-03	-4.33078876e-03
1.243           	8.67496275e-01	4.25625940e-01	4.41870335e-01	1.62443948e+00	8.14177503e-01	8.10261975e-01	1.95776370e-03	-8.12219739e-03	4.33748138e-03	3.18336639e-17	4.33748138e-03	-4.33748138e-03
1.248           	8.68857203e-01	4.26323858e-01	4.42533345e-01	1.62094873e+00	8.12428384e-01	8.08520345e-01	1.95401913e-03	-8.10474364e-03	4.34428601e-03	3.18342214e-17	4.34428601e-03	-4.34428601e-03
1.253           	8.70226712e-01	4.27026223e-01	4.43200489e-01	1.61742666e+00	8.10663513e-01	8.06763144e-01	1.95018452e-03	-8.08713328e-03	4.35113356e-03	3.18348312e-17	4.35113356e-03	-4.35113356e-03
1.258           	8.71607495e-01	4.27734379e-01	4.43873116e-01	1.61387368e+00	8.08883097e-01	8.04990580e-01	1.94625867e-03	-8.06936839e-03	4.35803748e-03	3.18354253e-17	4.35803748e-03	-4.35803748e-03
1.263           	8.72999146e-01	4.28448127e-01	4.44551020e-01	1.61028933e+00	8.07086904e-01	8.03202424e-01	1.94224029e-03	-8.05144664e-03	4.36499573e-03	3.18359563e-17	4.36499573e-03	-4.36499573e-03
1.268           	8.74404454e-01	4.29168862e-01	4.45235592e-01	1.60667296e+00	8.05274607e-01	8.01398351e-01	1.93812834e-03	-8.03336479e-03	4.37202227e-03	3.18366475e-17	4.37202227e-03	-4.37202227e-03
1.273           	8.75816226e-01	4.29892971e-01	4.45923254e-01	1.60302829e+00	8.03448065e-01	7.99580222e-01	1.93392177e-03	-8.01514144e-03	4.37908113e-03	3.18374123e-17	4.37908113e-03	-4.37908113e-03
1.278           	8.77240704e-01	4.30623600e-01	4.46617104e-01	1.59935036e+00	8.01604799e-01	7.97745559e-01	1.92961968e-03	-7.99675179e-03	4.38620352e-03	3.18381881e-17	4.38620352e-03	-4.38620352e-03
1.283           	8.78671334e-01	4.31357434e-01	4.47313899e-01	1.59564650e+00	7.99748474e-01	7.95898031e-01	1.92522121e-03	-7.97823252e-03	4.39335667e-03	3.18388161e-17	4.39335667e-03	-4.39335667e-03
1.288           	8.80112522e-01	4.32096702e-01	4.48015820e-01	1.59191185e+00	7.97876649e-01	7.94035197e-01	1.92072581e-03	-7.95955923e-03	4.40056261e-03	3.18394150e-17	4.40056261e-03	-4.40056261e-03
1.293           	8.81562073e-01	4.32840284e-01	4.48721788e-01	1.58815040e+00	7.95991335e-01	7.92159069e-01	1.91613303e-03	-7.94075202e-03	4.40781036e-03	3.18401516e-17	4.40781036e-03	-4.40781036e-03
1.298           	8.83020636e-01	4.33588502e-01	4.49432134e-01	1.58436326e+00	7.94093072e-01	7.90270188e-01	1.91144247e-03	-7.92181630e-03	4.41510318e-03	3.18409392e-17	4.41510318e-03	-4.41510318e-03
1.303           	8.84482394e-01	4.34338448e-01	4.50143947e-01	1.58054988e+00	7.92181595e-01	7.88368287e-01	1.90665399e-03	-7.90274941e-03	4.42241197e-03	3.18417000e-17	4.42241197e-03	-4.42241197e-03
1.308           	8.85949022e-01	4.35090968e-01	4.50858053e-01	1.57670852e+00	7.90256030e-01	7.86452495e-01	1.90176741e-03	-7.88354262e-03	4.42974511e-03	3.18423726e-17	4.42974511e-03	-4.42974511e-03
1.313           	8.87418687e-01	4.35845118e-01	4.51573569e-01	1.57284508e+00	7.88319323e-01	7.84525757e-01	1.89678288e-03	-7.86422540e-03	4.43709344e-03	3.18429755e-17	4.43709344e-03	-4.43709344e-03
1.318           	8.88888890e-01	4.36599653e-01	4.52289237e-01	1.56895836e+00	7.86370882e-01	7.82587480e-01	1.89170066e-03	-7.84479181e-03	4.44444445e-03	3.18435903e-17	4.44444445e-03	-4.44444445e-03
1.323           	8.90365230e-01	4.37357368e-01	4.53007862e-01	1.56504944e+00	7.84411242e-01	7.80638200e-01	1.88652108e-03	-7.82524721e-03	4.45182615e-03	3.18442017e-17	4.45182615e-03	-4.45182615e-03
1.328           	8.91846443e-01	4.38117648e-01	4.53728795e-01	1.56111473e+00	7.82438611e-01	7.78676121e-01	1.88124472e-03	-7.80557366e-03	4.45923221e-03	3.18446673e-17	4.45923221e-03	-4.45923221e-03
1.333           	8.93326084e-01	4.38877224e-01	4.54448860e-01	1.55716354e+00	7.80457642e-01	7.76705898e-01	1.87587217e-03	-7.78581770e-03	4.46663042e-03	3.18450985e-17	4.46663042e-03	-4.46663042e-03
1.338           	8.94807800e-01	4.39637944e-01	4.55169856e-01	1.55319119e+00	7.78465999e-01	7.74725190e-01	1.87040416e-03	-7.76595595e-03	4.47403900e-03	3.18454803e-17	4.47403900e-03	-4.47403900e-03
1.343           	8.96292083e-01	4.40400047e-01	4.55892036e-01	1.54919889e+00	7.76464288e-01	7.72734605e-01	1.86484154e-03	-7.74599447e-03	4.48146042e-03	3.18458289e-17	4.48146042e-03	-4.48146042e-03
1.348           	8.97779585e-01	4.41163861e-01	4.56615724e-01	1.54518636e+00	7.74452365e-01	7.70733995e-01	1.85918521e-03	-7.72593180e-03	4.48889793e-03	3.18462286e-17	4.48889793e-03	-4.48889793e-03
1.353           	8.99269090e-01	4.41928759e-01	4.57340331e-01	1.54115713e+00	7.72432001e-01	7.68725129e-01	1.85343625e-03	-7.70578565e-03	4.49634545e-03	3.18466317e-17	4.49634545e-03	-4.49634545e-03
1.358           	9.00758956e-01	4.42693927e-01	4.58065029e-01	1.53711011e+00	7.70402650e-01	7.66707459e-01	1.84759573e-03	-7.68555055e-03	4.50379478e-03	3.18469728e-17	4.50379478e-03	-4.50379478e-03
1.363           	9.02250143e-01	4.43459835e-01	4.58790308e-01	1.53304726e+00	7.68365296e-01	7.64681966e-01	1.84166492e-03	-7.66523631e-03	4.51125072e-03	3.18472596e-17	4.51125072e-03	-4.51125072e-03
1.368           	9.03745145e-01	4.44227737e-01	4.59517408e-01	1.52896713e+00	7.66319211e-01	7.62647921e-01	1.83564517e-03	-7.64483566e-03	4.51872572e-03	3.18475384e-17	4.51872572e-03	-4.51872572e-03
1.373           	9.05241737e-01	4.44996522e-01	4.60245216e-01	1.52486942e+00	7.64264247e-01	7.60605171e-01	1.82953793e-03	-7.62434709e-03	4.52620869e-03	3.18478017e-17	4.52620869e-03	-4.52620869e-03
1.378           	9.06736959e-01	4.45764696e-01	4.60972263e-01	1.52075669e+00	7.62201688e-01	7.58554999e-01	1.82334470e-03	-7.60378343e-03	4.53368480e-03	3.18480360e-17	4.53368480e-03	-4.53368480e-03
1.383           	9.08226071e-01	4.46529876e-01	4.61696194e-01	1.51663179e+00	7.60132964e-01	7.56498830e-01	1.81706701e-03	-7.58315897e-03	4.54113035e-03	3.18482510e-17	4.54113035e-03	-4.54113035e-03
1.388           	9.09713543e-01	4.47294315e-01	4.62419228e-01	1.51249135e+00	7.58056382e-01	7.54434969e-01	1.81070655e-03	-7.56245676e-03	4.54856772e-03	3.18484592e-17	4.54856772e-03	-4.54856772e-03
1.393           	9.11199118e-01	4.48057876e-01	4.63141242e-01	1.50833661e+00	7.55972569e-01	7.52364039e-01	1.80426505e-03	-7.54168304e-03	4.55599559e-03	3.18486515e-17	4.55599559e-03	-4.55599559e-03
1.398           	9.12685309e-01	4.48821824e-01	4.63863485e-01	1.50416618e+00	7.53880834e-01	7.50285345e-01	1.79774433e-03	-7.52083089e-03	4.56342655e-03	3.18488326e-17	4.56342655e-03	-4.56342655e-03
1.403           	9.14163314e-01	4.49581720e-01	4.64581594e-01	1.49998744e+00	7.51784865e-01	7.48202573e-01	1.79114616e-03	-7.49993719e-03	4.57081657e-03	3.18489660e-17	4.57081657e-03	-4.57081657e-03
1.408           	9.15633461e-01	4.50337763e-01	4.65295698e-01	1.49579355e+00	7.49681249e-01	7.46112304e-01	1.78447251e-03	-7.47896777e-03	4.57816730e-03	3.18490633e-17	4.57816730e-03	-4.57816730e-03
1.413           	9.17100617e-01	4.51092395e-01	4.66008222e-01	1.49158267e+00	7.47569058e-01	7.44013607e-01	1.77772537e-03	-7.45791333e-03	4.58550308e-03	3.18491479e-17	4.58550308e-03	-4.58550308e-03
1.418           	9.18562887e-01	4.51844659e-01	4.66718228e-01	1.48735696e+00	7.45449387e-01	7.41907574e-01	1.77090680e-03	-7.43678480e-03	4.59281443e-03	3.18492144e-17	4.59281443e-03	-4.59281443e-03
1.423           	9.20014616e-01	4.52591691e-01	4.67422925e-01	1.48312341e+00	7.43325722e-01	7.39797685e-01	1.76401881e-03	-7.41561704e-03	4.60007308e-03	3.18490659e-17	4.60007308e-03	-4.60007308e-03
1.428           	9.21455549e-01	4.53333378e-01	4.68122170e-01	1.47887924e+00	7.41196682e-01	7.37682555e-01	1.75706355e-03	-7.39439619e-03	4.60727774e-03	3.18488929e-17	4.60727774e-03	-4.60727774e-03
1.433           	9.22884759e-01	4.54069251e-01	4.68815508e-01	1.47462568e+00	7.39062885e-01	7.35562799e-01	1.75004308e-03	-7.37312842e-03	4.61442380e-03	3.18486996e-17	4.61442380e-03	-4.61442380e-03
1.438           	9.24305588e-01	4.54801009e-01	4.69504580e-01	1.47035707e+00	7.36921494e-01	7.33435575e-01	1.74295961e-03	-7.35178535e-03	4.62152794e-03	3.18485034e-17	4.62152794e-03	-4.62152794e-03
1.443           	9.25714181e-01	4.55526706e-01	4.70187475e-01	1.46607698e+00	7.34774305e-01	7.31302674e-01	1.73581532e-03	-7.33038490e-03	4.62857091e-03	3.18483049e-17	4.62857091e-03	-4.62857091e-03
1.448           	9.27110689e-01	4.56246410e-01	4.70864279e-01	1.46178685e+00	7.32622037e-01	7.29164812e-01	1.72861244e-03	-7.30893424e-03	4.63555345e-03	3.18480822e-17	4.63555345e-03	-4.63555345e-03
1.453           	9.28491753e-01	4.56958448e-01	4.71533305e-01	1.45748569e+00	7.30464200e-01	7.27021494e-01	1.72135321e-03	-7.28742847e-03	4.64245876e-03	3.18478390e-17	4.64245876e-03	-4.64245876e-03
1.458           	9.29860647e-01	4.57664492e-01	4.72196155e-01	1.45316637e+00	7.28297225e-01	7.24869145e-01	1.71404009e-03	-7.26583185e-03	4.64930323e-03	3.18475978e-17	4.64930323e-03	-4.64930323e-03
1.463           	9.31215579e-01	4.58363627e-01	4.72851952e-01	1.44883251e+00	7.26122929e-01	7.22709578e-01	1.70667533e-03	-7.24416253e-03	4.65607789e-03	3.18471275e-17	4.65607789e-03	-4.65607789e-03
1.468           	9.32556863e-01	4.59056000e-01	4.73500863e-01	1.44448628e+00	7.23942402e-01	7.20543879e-01	1.69926126e-03	-7.22243140e-03	4.66278431e-03	3.18463213e-17	4.66278431e-03	-4.66278431e-03
1.473           	9.33882115e-01	4.59740416e-01	4.74141698e-01	1.44012816e+00	7.21755879e-01	7.18372278e-01	1.69180021e-03	-7.20064079e-03	4.66941057e-03	3.18455059e-17	4.66941057e-03	-4.66941057e-03
1.478           	9.35187019e-01	4.60414718e-01	4.74772301e-01	1.43575825e+00	7.19563419e-01	7.16194830e-01	1.68429448e-03	-7.17879124e-03	4.67593509e-03	3.18446850e-17	4.67593509e-03	-4.67593509e-03
1.483           	9.36472946e-01	4.61079601e-01	4.75393345e-01	1.43137437e+00	7.17363931e-01	7.14010438e-01	1.67674648e-03	-7.15687185e-03	4.68236473e-03	3.18438458e-17	4.68236473e-03	-4.68236473e-03
1.488           	9.37745649e-01	4.61737936e-01	4.76007713e-01	1.42697763e+00	7.15157973e-01	7.11819656e-01	1.66915856e-03	-7.13488815e-03	4.68872824e-03	3.18430377e-17	4.68872824e-03	-4.68872824e-03
1.493           	9.39001719e-01	4.62388011e-01	4.76613708e-01	1.42256971e+00	7.12946387e-01	7.09623321e-01	1.66153309e-03	-7.11284854e-03	4.69500860e-03	3.18422270e-17	4.69500860e-03	-4.69500860e-03
1.498           	9.40240585e-01	4.63029546e-01	4.77211039e-01	1.41814922e+00	7.10728484e-01	7.07420739e-01	1.65387248e-03	-7.09074611e-03	4.70120293e-03	3.18412497e-17	4.70120293e-03	-4.70120293e-03
1.503           	9.41461419e-01	4.63662128e-01	4.77799291e-01	1.41371634e+00	7.08504347e-01	7.05211989e-01	1.64617903e-03	-7.06858168e-03	4.70730709e-03	3.18403837e-17	4.70730709e-03	-4.70730709e-03
1.508           	9.42661274e-01	4.64284262e-01	4.78377012e-01	1.40927496e+00	7.06275935e-01	7.02999024e-01	1.63845530e-03	-7.04637480e-03	4.71330637e-03	3.18395012e-17	4.71330637e-03	-4.71330637e-03
1.513           	9.43844563e-01	4.64898163e-01	4.78946400e-01	1.40482364e+00	7.04042525e-01	7.00781118e-01	1.63070362e-03	-7.02411821e-03	4.71922282e-03	3.18385904e-17	4.71922282e-03	-4.71922282e-03
1.518           	9.45010774e-01	4.65503571e-01	4.79507204e-01	1.40036330e+00	7.01804576e-01	6.98558723e-01	1.62292644e-03	-7.00181650e-03	4.72505387e-03	3.18376642e-17	4.72505387e-03	-4.72505387e-03
1.523           	9.46158525e-01	4.66099809e-01	4.80058716e-01	1.39589070e+00	6.99560476e-01	6.96330224e-01	1.61512611e-03	-6.97945350e-03	4.73079262e-03	3.18367492e-17	4.73079262e-03	-4.73079262e-03
1.528           	9.47285767e-01	4.66685852e-01	4.80599915e-01	1.39140626e+00	6.97310433e-01	6.94095823e-01	1.60730513e-03	-6.95703128e-03	4.73642883e-03	3.18358272e-17	4.73642883e-03	-4.73642883e-03
1.533           	9.48393180e-01	4.67262031e-01	4.81131149e-01	1.38691187e+00	6.95055401e-01	6.91856469e-01	1.59946586e-03	-6.93455935e-03	4.74196590e-03	3.18349095e-17	4.74196590e-03	-4.74196590e-03
1.538           	9.49479945e-01	4.67827917e-01	4.81652028e-01	1.38241108e+00	6.92797150e-01	6.89613928e-01	1.59161069e-03	-6.91205539e-03	4.74739973e-03	3.18339850e-17	4.74739973e-03	-4.74739973e-03
1.543           	9.50548726e-01	4.68384844e-01	4.82163883e-01	1.37790390e+00	6.90535692e-01	6.87368208e-01	1.58374194e-03	-6.88951950e-03	4.75274363e-03	3.18330504e-17	4.75274363e-03	-4.75274363e-03
1.548           	9.51599107e-01	4.68932607e-01	4.82666500e-01	1.37338925e+00	6.88270485e-01	6.85118761e-01	1.57586204e-03	-6.86694623e-03	4.75799554e-03	3.18320845e-17	4.75799554e-03	-4.75799554e-03
1.553           	9.52629301e-01	4.69470313e-01	4.83158989e-01	1.36886761e+00	6.86001780e-01	6.82865834e-01	1.56797323e-03	-6.84433807e-03	4.76314651e-03	3.18311057e-17	4.76314651e-03	-4.76314651e-03
1.558           	9.53641538e-01	4.69999078e-01	4.83642460e-01	1.36433827e+00	6.83729215e-01	6.80609059e-01	1.56007786e-03	-6.82169137e-03	4.76820769e-03	3.18301106e-17	4.76820769e-03	-4.76820769e-03
1.563           	9.54639199e-01	4.70520593e-01	4.84118607e-01	1.35980141e+00	6.81452883e-01	6.78348527e-01	1.55217802e-03	-6.79900705e-03	4.77319600e-03	3.18291239e-17	4.77319600e-03	-4.77319600e-03
1.568           	9.55617824e-01	4.71032618e-01	4.84585206e-01	1.35525873e+00	6.79173640e-01	6.76085088e-01	1.54427589e-03	-6.77629364e-03	4.77808912e-03	3.18281296e-17	4.77808912e-03	-4.77808912e-03
1.573           	9.56574984e-01	4.71533931e-01	4.85041054e-01	1.35071232e+00	6.76892532e-01	6.73819784e-01	1.53637353e-03	-6.75356158e-03	4.78287492e-03	3.18271140e-17	4.78287492e-03	-4.78287492e-03
1.578           	9.57515463e-01	4.72026930e-01	4.85488533e-01	1.34616030e+00	6.74608624e-01	6.71551678e-01	1.52847295e-03	-6.73080151e-03	4.78757731e-03	3.18260832e-17	4.78757731e-03	-4.78757731e-03
1.583           	9.58441980e-01	4.72512985e-01	4.85928995e-01	1.34160102e+00	6.72321086e-01	6.69279934e-01	1.52057606e-03	-6.70800510e-03	4.79220990e-03	3.18250347e-17	4.79220990e-03	-4.79220990e-03
1.588           	9.59350488e-01	4.72990066e-01	4.86360422e-01	1.33703562e+00	6.70030493e-01	6.67005124e-01	1.51268464e-03	-6.68517809e-03	4.79675244e-03	3.18240343e-17	4.79675244e-03	-4.79675244e-03
1.593           	9.60241708e-01	4.73458535e-01	4.86783172e-01	1.33246371e+00	6.67736654e-01	6.64727053e-01	1.50480048e-03	-6.66231853e-03	4.80120854e-03	3.18230048e-17	4.80120854e-03	-4.80120854e-03
1.598           	9.61116658e-01	4.73918903e-01	4.87197755e-01	1.32788524e+00	6.65439547e-01	6.62445696e-01	1.49692523e-03	-6.63942622e-03	4.80558329e-03	3.18219760e-17	4.80558329e-03	-4.80558329e-03
1.603           	9.61978420e-01	4.74372711e-01	4.87605709e-01	1.32329987e+00	6.63138995e-01	6.60160874e-01	1.48906032e-03	-6.61649935e-03	4.80989210e-03	3.18209166e-17	4.80989210e-03	-4.80989210e-03
1.608           	9.62828352e-01	4.74820639e-01	4.88007713e-01	1.31870737e+00	6.60834891e-01	6.57872477e-01	1.48120731e-03	-6.59353684e-03	4.81414176e-03	3.18198470e-17	4.81414176e-03	-4.81414176e-03
1.613           	9.63662941e-01	4.75260916e-01	4.88402025e-01	1.31411089e+00	6.58528814e-01	6.55582079e-01	1.47336748e-03	-6.57055447e-03	4.81831471e-03	3.18187423e-17	4.81831471e-03	-4.81831471e-03
1.618           	9.64482440e-01	4.75693666e-01	4.88788774e-01	1.30951080e+00	6.56220943e-01	6.53289858e-01	1.46554224e-03	-6.54755400e-03	4.82241220e-03	3.18176108e-17	4.82241220e-03	-4.82241220e-03
1.623           	9.65288034e-01	4.76119485e-01	4.89168549e-01	1.30490634e+00	6.53910904e-01	6.50995438e-01	1.45773271e-03	-6.52453171e-03	4.82644017e-03	3.18165003e-17	4.82644017e-03	-4.82644017e-03
1.628           	9.66081987e-01	4.76539508e-01	4.89542479e-01	1.30029709e+00	6.51598485e-01	6.48698605e-01	1.44994004e-03	-6.50148545e-03	4.83040993e-03	3.18153617e-17	4.83040993e-03	-4.83040993e-03
1.633           	9.66861676e-01	4.76952416e-01	4.89909259e-01	1.29568429e+00	6.49284310e-01	6.46399980e-01	1.44216534e-03	-6.47842145e-03	4.83430838e-03	3.18142328e-17	4.83430838e-03	-4.83430838e-03
1.638           	9.67629931e-01	4.77359644e-01	4.90270287e-01	1.29106430e+00	6.46966561e-01	6.44097742e-01	1.43440950e-03	-6.45532152e-03	4.83814966e-03	3.18131095e-17	4.83814966e-03	-4.83814966e-03
1.643           	9.68387785e-01	4.77761710e-01	4.90626075e-01	1.28643650e+00	6.44644923e-01	6.41791576e-01	1.42667339e-03	-6.43218250e-03	4.84193892e-03	3.18120221e-17	4.84193892e-03	-4.84193892e-03
1.648           	9.69138051e-01	4.78160025e-01	4.90978026e-01	1.28180015e+00	6.42319034e-01	6.39481118e-01	1.41895790e-03	-6.40900076e-03	4.84569026e-03	3.18110347e-17	4.84569026e-03	-4.84569026e-03
1.653           	9.69875634e-01	4.78552029e-01	4.91323606e-01	1.27715768e+00	6.39990102e-01	6.37167575e-01	1.41126380e-03	-6.38578838e-03	4.84937817e-03	3.18100360e-17	4.84937817e-03	-4.84937817e-03
1.658           	9.70606851e-01	4.78940901e-01	4.91665949e-01	1.27250482e+00	6.37656003e-01	6.34848819e-01	1.40359188e-03	-6.36252411e-03	4.85303425e-03	3.18090006e-17	4.85303425e-03	-4.85303425e-03
1.663           	9.71327736e-01	4.79324644e-01	4.92003093e-01	1.26784494e+00	6.35318410e-01	6.32526525e-01	1.39594277e-03	-6.33922468e-03	4.85663868e-03	3.18079802e-17	4.85663868e-03	-4.85663868e-03
1.668           	9.72038837e-01	4.79703516e-01	4.92335321e-01	1.26318048e+00	6.32978555e-01	6.30201921e-01	1.38831708e-03	-6.31590238e-03	4.86019418e-03	3.18069220e-17	4.86019418e-03	-4.86019418e-03
1.673           	9.72740694e-01	4.80077798e-01	4.92662897e-01	1.25850993e+00	6.30635682e-01	6.27874251e-01	1.38071533e-03	-6.29254967e-03	4.86370347e-03	3.18058009e-17	4.86370347e-03	-4.86370347e-03
1.678           	9.73433579e-01	4.80447642e-01	4.92985937e-01	1.25382950e+00	6.28287888e-01	6.25541612e-01	1.37313801e-03	-6.26914750e-03	4.86716790e-03	3.18047379e-17	4.86716790e-03	-4.86716790e-03
1.683           	9.74118576e-01	4.80813597e-01	4.93304979e-01	1.24913822e+00	6.25934695e-01	6.23203523e-01	1.36558557e-03	-6.24569109e-03	4.87059288e-03	3.18036482e-17	4.87059288e-03	-4.87059288e-03
1.688           	9.74795911e-01	4.81175763e-01	4.93620149e-01	1.24443859e+00	6.23577352e-01	6.20861235e-01	1.35805836e-03	-6.22219293e-03	4.87397956e-03	3.18025393e-17	4.87397956e-03	-4.87397956e-03
1.693           	9.75461879e-01	4.81532276e-01	4.93929603e-01	1.23973269e+00	6.21216904e-01	6.18515791e-01	1.35055673e-03	-6.19866347e-03	4.87730940e-03	3.18014062e-17	4.87730940e-03	-4.87730940e-03
1.698           	9.76122930e-01	4.81886398e-01	4.94236533e-01	1.23501353e+00	6.18849845e-01	6.16163683e-01	1.34308092e-03	-6.17506764e-03	4.88061465e-03	3.18002342e-17	4.88061465e-03	-4.88061465e-03
1.703           	9.76777903e-01	4.82237537e-01	4.94540367e-01	1.23028301e+00	6.16477135e-01	6.13805873e-01	1.33563124e-03	-6.15141504e-03	4.88388952e-03	3.17991253e-17	4.88388952e-03	-4.88388952e-03
1.708           	9.77428887e-01	4.82586728e-01	4.94842159e-01	1.22554307e+00	6.14099741e-01	6.11443325e-01	1.32820780e-03	-6.12771533e-03	4.88714444e-03	3.17980188e-17	4.88714444e-03	-4.88714444e-03
1.713           	9.78066982e-01	4.82929504e-01	4.95137478e-01	1.22079740e+00	6.11719509e-01	6.09077888e-01	1.32081068e-03	-6.10398699e-03	4.89033491e-03	3.17969512e-17	4.89033491e-03	-4.89033491e-03
1.718           	9.78695738e-01	4.83267647e-01	4.95428091e-01	1.21604435e+00	6.09335613e-01	6.06708733e-01	1.31343989e-03	-6.08022173e-03	4.89347869e-03	3.17959049e-17	4.89347869e-03	-4.89347869e-03
1.723           	9.79316647e-01	4.83601896e-01	4.95714751e-01	1.21128542e+00	6.06948806e-01	6.04336615e-01	1.30609549e-03	-6.05642711e-03	4.89658323e-03	3.17949134e-17	4.89658323e-03	-4.89658323e-03
1.728           	9.79932672e-01	4.83933745e-01	4.95998927e-01	1.20651815e+00	6.04557853e-01	6.01960299e-01	1.29877737e-03	-6.03259076e-03	4.89966336e-03	3.17939354e-17	4.89966336e-03	-4.89966336e-03
1.733           	9.80540753e-01	4.84261667e-01	4.96279087e-01	1.20174202e+00	6.02162493e-01	5.99579523e-01	1.29148536e-03	-6.00871008e-03	4.90270377e-03	3.17929011e-17	4.90270377e-03	-4.90270377e-03
1.738           	9.81141313e-01	4.84585858e-01	4.96555455e-01	1.19695967e+00	5.99764056e-01	5.97195617e-01	1.28421941e-03	-5.98479836e-03	4.90570657e-03	3.17919716e-17	4.90570657e-03	-4.90570657e-03
1.743           	9.81737229e-01	4.84907782e-01	4.96829446e-01	1.19216639e+00	5.97360176e-01	5.94806218e-01	1.27697925e-03	-5.96083197e-03	4.90868614e-03	3.17910654e-17	4.90868614e-03	-4.90868614e-03
1.748           	9.82329015e-01	4.85227680e-01	4.97101335e-01	1.18736550e+00	5.94952513e-01	5.92412983e-01	1.26976474e-03	-5.93682748e-03	4.91164507e-03	3.17902026e-17	4.91164507e-03	-4.91164507e-03
1.753           	9.82913355e-01	4.85543876e-01	4.97369479e-01	1.18256031e+00	5.92542731e-01	5.90017580e-01	1.26257560e-03	-5.91280156e-03	4.91456678e-03	3.17893865e-17	4.91456678e-03	-4.91456678e-03
1.758           	9.83493971e-01	4.85858252e-01	4.97635719e-01	1.17774671e+00	5.90128764e-01	5.87617941e-01	1.25541149e-03	-5.88873353e-03	4.91746985e-03	3.17885771e-17	4.91746985e-03	-4.91746985e-03
1.763           	9.84068979e-01	4.86169855e-01	4.97899124e-01	1.17292685e+00	5.87711698e-01	5.85215154e-01	1.24827208e-03	-5.86463426e-03	4.92034490e-03	3.17877506e-17	4.92034490e-03	-4.92034490e-03
1.768           	9.84638657e-01	4.86478808e-01	4.98159849e-01	1.16810416e+00	5.85293235e-01	5.82810921e-01	1.24115702e-03	-5.84052078e-03	4.92319328e-03	3.17869286e-17	4.92319328e-03	-4.92319328e-03
1.773           	9.85198868e-01	4.86783036e-01	4.98415833e-01	1.16327970e+00	5.82873914e-01	5.80405782e-01	1.23406589e-03	-5.81639848e-03	4.92599434e-03	3.17861179e-17	4.92599434e-03	-4.92599434e-03
1.778           	9.85754066e-01	4.87084772e-01	4.98669294e-01	1.15845229e+00	5.80453143e-01	5.77999146e-01	1.22699832e-03	-5.79226145e-03	4.92877033e-03	3.17853138e-17	4.92877033e-03	-4.92877033e-03
1.783           	9.86306881e-01	4.87385363e-01	4.98921518e-01	1.15361556e+00	5.78027732e-01	5.75587825e-01	1.21995382e-03	-5.76807779e-03	4.93153441e-03	3.17845092e-17	4.93153441e-03	-4.93153441e-03
1.788           	9.86857987e-01	4.87685116e-01	4.99172871e-01	1.14877554e+00	5.75600704e-01	5.73174840e-01	1.21293207e-03	-5.74387772e-03	4.93428993e-03	3.17836817e-17	4.93428993e-03	-4.93428993e-03
1.793           	9.87404821e-01	4.87982736e-01	4.99422085e-01	1.14393484e+00	5.73173352e-01	5.70761487e-01	1.20593253e-03	-5.71967420e-03	4.93702410e-03	3.17828468e-17	4.93702410e-03	-4.93702410e-03
1.798           	9.87949206e-01	4.88279146e-01	4.99670059e-01	1.13909130e+00	5.70744603e-01	5.68346693e-01	1.19895479e-03	-5.69545648e-03	4.93974603e-03	3.17818848e-17	4.93974603e-03	-4.93974603e-03
1.803           	9.88486031e-01	4.88571778e-01	4.99914252e-01	1.13424741e+00	5.68315702e-01	5.65931705e-01	1.19199828e-03	-5.67123703e-03	4.94243015e-03	3.17808976e-17	4.94243015e-03	-4.94243015e-03
1.808           	9.89021392e-01	4.88863701e-01	5.00157691e-01	1.12939899e+00	5.65884560e-01	5.63514434e-01	1.18506259e-03	-5.64699497e-03	4.94510696e-03	3.17799084e-17	4.94510696e-03	-4.94510696e-03
1.813           	9.89557068e-01	4.89155823e-01	5.00401245e-01	1.12454217e+00	5.63449233e-01	5.61092938e-01	1.17814720e-03	-5.62271085e-03	4.94778534e-03	3.17789101e-17	4.94778534e-03	-4.94778534e-03
1.818           	9.90092055e-01	4.89447619e-01	5.00644436e-01	1.11968177e+00	5.61012135e-01	5.58669632e-01	1.17125164e-03	-5.59840884e-03	4.95046027e-03	3.17779053e-17	4.95046027e-03	-4.95046027e-03
1.823           	9.90621635e-01	4.89736698e-01	5.00884937e-01	1.11482398e+00	5.58576366e-01	5.56247614e-01	1.16437557e-03	-5.57411990e-03	4.95310818e-03	3.17768675e-17	4.95310818e-03	-4.95310818e-03
1.828           	9.91145299e-01	4.90022807e-01	5.01122492e-01	1.10996853e+00	5.56141785e-01	5.53826748e-01	1.15751847e-03	-5.54984266e-03	4.95572650e-03	3.17758397e-17	4.95572650e-03	-4.95572650e-03
1.833           	9.91667347e-01	4.90308119e-01	5.01359228e-01	1.10511085e+00	5.53706104e-01	5.51404744e-01	1.15067994e-03	-5.52555424e-03	4.95833674e-03	3.17748026e-17	4.95833674e-03	-4.95833674e-03
1.838           	9.92186723e-01	4.90592096e-01	5.01594627e-01	1.10025303e+00	5.51270376e-01	5.48982657e-01	1.14385950e-03	-5.50126516e-03	4.96093362e-03	3.17738000e-17	4.96093362e-03	-4.96093362e-03
1.843           	9.92702744e-01	4.90874395e-01	5.01828349e-01	1.09539535e+00	5.48834734e-01	5.46560621e-01	1.13705668e-03	-5.47697677e-03	4.96351372e-03	3.17728870e-17	4.96351372e-03	-4.96351372e-03
1.848           	9.93213109e-01	4.91153837e-01	5.02059272e-01	1.09054356e+00	5.46402052e-01	5.44141509e-01	1.13027118e-03	-5.45271780e-03	4.96606555e-03	3.17719729e-17	4.96606555e-03	-4.96606555e-03
1.853           	9.93718776e-01	4.91430909e-01	5.02287867e-01	1.08569585e+00	5.43971427e-01	5.41724422e-01	1.12350259e-03	-5.42847925e-03	4.96859388e-03	3.17710657e-17	4.96859388e-03	-4.96859388e-03
1.858           	9.94219431e-01	4.91705442e-01	5.02513989e-01	1.08085474e+00	5.41544119e-01	5.39310617e-01	1.11675067e-03	-5.40427368e-03	4.97109715e-03	3.17701135e-17	4.97109715e-03	-4.97109715e-03
1.863           	9.94713971e-01	4.91976891e-01	5.02737080e-01	1.07601883e+00	5.39119432e-01	5.36899402e-01	1.11001503e-03	-5.38009417e-03	4.97356985e-03	3.17691973e-17	4.97356985e-03	-4.97356985e-03
1.868           	9.95199363e-01	4.92243729e-01	5.02955633e-01	1.07119041e+00	5.36698502e-01	5.34491911e-01	1.10329540e-03	-5.35595207e-03	4.97599681e-03	3.17682560e-17	4.97599681e-03	-4.97599681e-03
1.873           	9.95677252e-01	4.92506787e-01	5.03170464e-01	1.06636771e+00	5.34280446e-01	5.32087263e-01	1.09659152e-03	-5.33183855e-03	4.97838626e-03	3.17673228e-17	4.97838626e-03	-4.97838626e-03
1.878           	9.96146626e-01	4.92765544e-01	5.03381081e-01	1.06155373e+00	5.31866767e-01	5.29686961e-01	1.08990318e-03	-5.30776864e-03	4.98073313e-03	3.17663849e-17	4.98073313e-03	-4.98073313e-03
1.883           	9.96609873e-01	4.93021190e-01	5.03588683e-01	1.05674931e+00	5.29457886e-01	5.27291426e-01	1.08323021e-03	-5.28374656e-03	4.98304937e-03	3.17654478e-17	4.98304937e-03	-4.98304937e-03
1.888           	9.97066360e-01	4.93273404e-01	5.03792956e-01	1.05195515e+00	5.27054147e-01	5.24901003e-01	1.07657239e-03	-5.25977575e-03	4.98533180e-03	3.17645250e-17	4.98533180e-03	-4.98533180e-03
1.893           	9.97514253e-01	4.93521265e-01	5.03992988e-01	1.04717225e+00	5.24656055e-01	5.22516196e-01	1.06992960e-03	-5.23586126e-03	4.98757127e-03	3.17636266e-17	4.98757127e-03	-4.98757127e-03
1.898           	9.97954194e-01	4.93765106e-01	5.04189088e-01	1.04239816e+00	5.22262384e-01	5.20135781e-01	1.06330165e-03	-5.21199082e-03	4.98977097e-03	3.17627135e-17	4.98977097e-03	-4.98977097e-03
1.903           	9.98388922e-01	4.94006279e-01	5.04382642e-01	1.03763630e+00	5.19874836e-01	5.17761459e-01	1.05668845e-03	-5.18818148e-03	4.99194461e-03	3.17617657e-17	4.99194461e-03	-4.99194461e-03
1.908           	9.98814807e-01	4.94242952e-01	5.04571855e-01	1.03289035e+00	5.17495267e-01	5.15395088e-01	1.05008986e-03	-5.16445177e-03	4.99407404e-03	3.17608057e-17	4.99407404e-03	-4.99407404e-03
1.913           	9.99230776e-01	4.94474580e-01	5.04756196e-01	1.02816165e+00	5.15124330e-01	5.13037318e-01	1.04350576e-03	-5.14080824e-03	4.99615388e-03	3.17598238e-17	4.99615388e-03	-4.99615388e-03
1.918           	9.99636987e-01	4.94701256e-01	5.04935732e-01	1.02344760e+00	5.12760736e-01	5.10686864e-01	1.03693600e-03	-5.11723800e-03	4.99818494e-03	3.17588363e-17	4.99818494e-03	-4.99818494e-03
1.923           	1.00003627e+00	4.94924405e-01	5.05111862e-01	1.01874573e+00	5.10403246e-01	5.08342485e-01	1.03038056e-03	-5.09372865e-03	5.00018133e-03	3.17578568e-17	5.00018133e-03	-5.00018133e-03
1.928           	1.00043110e+00	4.95145262e-01	5.05285836e-01	1.01405740e+00	5.08052542e-01	5.06004863e-01	1.02383931e-03	-5.07028702e-03	5.00215549e-03	3.17568755e-17	5.00215549e-03	-5.00215549e-03
1.933           	1.00081945e+00	4.95362809e-01	5.05456644e-01	1.00938357e+00	5.05709096e-01	5.03674472e-01	1.01731213e-03	-5.04691784e-03	5.00409727e-03	3.17558738e-17	5.00409727e-03	-5.00409727e-03
1.938           	1.00120465e+00	4.95578719e-01	5.05625935e-01	1.00472160e+00	5.03371600e-01	5.01350002e-01	1.01079895e-03	-5.02360801e-03	5.00602327e-03	3.17548585e-17	5.00602327e-03	-5.00602327e-03
1.943           	1.00158397e+00	4.95791615e-01	5.05792351e-01	1.00007359e+00	5.01041096e-01	4.99032496e-01	1.00429972e-03	-5.00036796e-03	5.00791983e-03	3.17538625e-17	5.00791983e-03	-5.00791983e-03
1.948           	1.00195639e+00	4.96000998e-01	5.05955395e-01	9.95439623e-01	4.98717626e-01	4.96721997e-01	9.97814371e-04	-4.97719812e-03	5.00978196e-03	3.17528715e-17	5.00978196e-03	-5.00978196e-03
1.953           	1.00232534e+00	4.96208590e-01	5.06116753e-01	9.90816301e-01	4.96399493e-01	4.94416808e-01	9.91342809e-04	-4.95408150e-03	5.01162671e-03	3.17518480e-17	5.01162671e-03	-5.01162671e-03
1.958           	1.00269335e+00	4.96415665e-01	5.06277689e-01	9.86202461e-01	4.94086116e-01	4.92116346e-01	9.84884983e-04	-4.93101231e-03	5.01346677e-03	3.17508498e-17	5.01346677e-03	-5.01346677e-03
1.963           	1.00306038e+00	4.96622200e-01	5.06438183e-01	9.81598289e-01	4.91777585e-01	4.89820704e-01	9.78440836e-04	-4.90799144e-03	5.01530191e-03	3.17498481e-17	5.01530191e-03	-5.01530191e-03
1.968           	1.00342691e+00	4.96828438e-01	5.06598471e-01	9.77003313e-01	4.89473667e-01	4.87529646e-01	9.72010291e-04	-4.88501656e-03	5.01713455e-03	3.17488860e-17	5.01713455e-03	-5.01713455e-03
1.973           	1.00379094e+00	4.97033378e-01	5.06757563e-01	9.72418488e-01	4.87174837e-01	4.85243651e-01	9.65593306e-04	-4.86209244e-03	5.01895470e-03	3.17479242e-17	5.01895470e-03	-5.01895470e-03
1.978           	1.00415023e+00	4.97235889e-01	5.06914344e-01	9.67845430e-01	4.84881905e-01	4.82963525e-01	9.59189839e-04	-4.83922715e-03	5.02075117e-03	3.17469757e-17	5.02075117e-03	-5.02075117e-03
1.983           	1.00451002e+00	4.97438613e-01	5.07071410e-01	9.63279745e-01	4.82592672e-01	4.80687073e-01	9.52799804e-04	-4.81639873e-03	5.02255011e-03	3.17460273e-17	5.02255011e-03	-5.02255011e-03
1.988           	1.00487205e+00	4.97642415e-01	5.07229636e-01	9.58722121e-01	4.80307484e-01	4.78414637e-01	9.46423137e-04	-4.79361060e-03	5.02436025e-03	3.17450784e-17	5.02436025e-03	-5.02436025e-03
1.993           	1.00523433e+00	4.97846295e-01	5.07388032e-01	9.54173675e-01	4.78026897e-01	4.76146778e-01	9.40059791e-04	-4.77086838e-03	5.02617163e-03	3.17441176e-17	5.02617163e-03	-5.02617163e-03
1.998           	1.00559397e+00	4.98048796e-01	5.07545169e-01	9.49637265e-01	4.75752342e-01	4.73884923e-01	9.33709656e-04	-4.74818632e-03	5.02796983e-03	3.17431771e-17	5.02796983e-03	-5.02796983e-03
2.003           	1.00595047e+00	4.98249678e-01	5.07700792e-01	9.45111383e-01	4.73483064e-01	4.71628319e-01	9.27372634e-04	-4.72555691e-03	5.02975235e-03	3.17422407e-17	5.02975235e-03	-5.02975235e-03
2.008           	1.00630494e+00	4.98449494e-01	5.07855448e-01	9.40595363e-01	4.71218730e-01	4.69376633e-01	9.21048592e-04	-4.70297681e-03	5.03152471e-03	3.17413561e-17	5.03152471e-03	-5.03152471e-03
2.013           	1.00665963e+00	4.98649370e-01	5.08010263e-01	9.36089282e-01	4.68959378e-01	4.67129903e-01	9.14737447e-04	-4.68044641e-03	5.03329816e-03	3.17404728e-17	5.03329816e-03	-5.03329816e-03
2.018           	1.00701878e+00	4.98851442e-01	5.08167339e-01	9.31589681e-01	4.66703280e-01	4.64886401e-01	9.08439065e-04	-4.65794840e-03	5.03509390e-03	3.17394370e-17	5.03509390e-03	-5.03509390e-03
2.023           	1.00737988e+00	4.99054453e-01	5.08325429e-01	9.27097552e-01	4.64450929e-01	4.62646623e-01	9.02153278e-04	-4.63548776e-03	5.03689941e-03	3.17383777e-17	5.03689941e-03	-5.03689941e-03
2.028           	1.00773921e+00	4.99256519e-01	5.08482689e-01	9.22616938e-01	4.62204349e-01	4.60412589e-01	8.95879971e-04	-4.61308469e-03	5.03869604e-03	3.17373289e-17	5.03869604e-03	-5.03869604e-03
2.033           	1.00810022e+00	4.99459389e-01	5.08640829e-01	9.18144053e-01	4.59961645e-01	4.58182407e-01	8.89618961e-04	-4.59072026e-03	5.04050109e-03	3.17362765e-17	5.04050109e-03	-5.04050109e-03
2.038           	1.00846357e+00	4.99663395e-01	5.08800171e-01	9.13677615e-01	4.57722178e-01	4.55955438e-01	8.83370110e-04	-4.56838808e-03	5.04231783e-03	3.17351987e-17	5.04231783e-03	-5.04231783e-03
2.043           	1.00883015e+00	4.99868992e-01	5.08961159e-01	9.09216676e-01	4.55485471e-01	4.53731205e-01	8.77133260e-04	-4.54608338e-03	5.04415075e-03	3.17341147e-17	5.04415075e-03	-5.04415075e-03
2.048           	1.00919871e+00	5.00075537e-01	5.09123172e-01	9.04763452e-01	4.53252634e-01	4.51510818e-01	8.70908272e-04	-4.52381726e-03	5.04599355e-03	3.17330196e-17	5.04599355e-03	-5.04599355e-03
2.053           	1.00957199e+00	5.00284415e-01	5.09287574e-01	9.00315950e-01	4.51022670e-01	4.49293280e-01	8.64694932e-04	-4.50157975e-03	5.04785995e-03	3.17319152e-17	5.04785995e-03	-5.04785995e-03
2.058           	1.00994530e+00	5.00493264e-01	5.09452037e-01	8.95877312e-01	4.48797149e-01	4.47080163e-01	8.58493091e-04	-4.47938656e-03	5.04972651e-03	3.17307713e-17	5.04972651e-03	-5.04972651e-03
2.063           	1.01032060e+00	5.00703071e-01	5.09617526e-01	8.91445429e-01	4.46575017e-01	4.44870412e-01	8.52302567e-04	-4.45722714e-03	5.05160299e-03	3.17296288e-17	5.05160299e-03	-5.05160299e-03
2.068           	1.01069660e+00	5.00913200e-01	5.09783403e-01	8.87020290e-01	4.44356268e-01	4.42664022e-01	8.46123178e-04	-4.43510145e-03	5.05348302e-03	3.17284846e-17	5.05348302e-03	-5.05348302e-03
2.073           	1.01107370e+00	5.01123849e-01	5.09949854e-01	8.82600490e-01	4.42140200e-01	4.40460290e-01	8.39954688e-04	-4.41300245e-03	5.05536851e-03	3.17273806e-17	5.05536851e-03	-5.05536851e-03
2.078           	1.01145386e+00	5.01336001e-01	5.10117855e-01	8.78185380e-01	4.39926487e-01	4.38258893e-01	8.33796921e-04	-4.39092690e-03	5.05726928e-03	3.17262710e-17	5.05726928e-03	-5.05726928e-03
2.083           	1.01183581e+00	5.01549025e-01	5.10286790e-01	8.73776553e-01	4.37715926e-01	4.36060627e-01	8.27649681e-04	-4.36888276e-03	5.05917907e-03	3.17251685e-17	5.05917907e-03	-5.05917907e-03
2.088           	1.01222007e+00	5.01763167e-01	5.10456907e-01	8.69373992e-01	4.35508509e-01	4.33865483e-01	8.21512785e-04	-4.34686996e-03	5.06110037e-03	3.17240301e-17	5.06110037e-03	-5.06110037e-03
2.093           	1.01260524e+00	5.01977729e-01	5.10627511e-01	8.64978171e-01	4.33304471e-01	4.31673699e-01	8.15385993e-04	-4.32489085e-03	5.06302620e-03	3.17229183e-17	5.06302620e-03	-5.06302620e-03
2.098           	1.01299398e+00	5.02194059e-01	5.10799925e-01	8.60586584e-01	4.31102561e-01	4.29484023e-01	8.09269126e-04	-4.30293292e-03	5.06496992e-03	3.17218140e-17	5.06496992e-03	-5.06496992e-03
2.103           	1.01338745e+00	5.02412730e-01	5.10974715e-01	8.56198494e-01	4.28902409e-01	4.27296085e-01	8.03161991e-04	-4.28099247e-03	5.06693723e-03	3.17207080e-17	5.06693723e-03	-5.06693723e-03
2.108           	1.01378509e+00	5.02633469e-01	5.11151624e-01	8.51815543e-01	4.26704836e-01	4.25110707e-01	7.97064406e-04	-4.25907771e-03	5.06892546e-03	3.17195917e-17	5.06892546e-03	-5.06892546e-03
2.113           	1.01418777e+00	5.02856705e-01	5.11331066e-01	8.47436045e-01	4.24508999e-01	4.22927046e-01	7.90976170e-04	-4.23718023e-03	5.07093886e-03	3.17185439e-17	5.07093886e-03	-5.07093886e-03
2.118           	1.01459371e+00	5.03081539e-01	5.11512176e-01	8.43063686e-01	4.22316740e-01	4.20746946e-01	7.84897076e-04	-4.21531843e-03	5.07296857e-03	3.17175094e-17	5.07296857e-03	-5.07296857e-03
2.123           	1.01500171e+00	5.03307375e-01	5.11694337e-01	8.38696170e-01	4.20126912e-01	4.18569258e-01	7.78826913e-04	-4.19348085e-03	5.07500856e-03	3.17164049e-17	5.07500856e-03	-5.07500856e-03
2.128           	1.01541312e+00	5.03534883e-01	5.11878237e-01	8.34335392e-01	4.17940461e-01	4.16394931e-01	7.72765492e-04	-4.17167696e-03	5.07706560e-03	3.17152985e-17	5.07706560e-03	-5.07706560e-03
2.133           	1.01582694e+00	5.03763564e-01	5.12063375e-01	8.29981083e-01	4.15757254e-01	4.14223829e-01	7.66712610e-04	-4.14990542e-03	5.07913469e-03	3.17141920e-17	5.07913469e-03	-5.07913469e-03
2.138           	1.01624809e+00	5.03995900e-01	5.12252191e-01	8.25629119e-01	4.13575227e-01	4.12053891e-01	7.60668071e-04	-4.12814559e-03	5.08124045e-03	3.17130795e-17	5.08124045e-03	-5.08124045e-03
2.143           	1.01667445e+00	5.04230816e-01	5.12443632e-01	8.21281595e-01	4.11395429e-01	4.09886166e-01	7.54631691e-04	-4.10640797e-03	5.08337224e-03	3.17119330e-17	5.08337224e-03	-5.08337224e-03
2.148           	1.01710484e+00	5.04467724e-01	5.12637115e-01	8.16939097e-01	4.09218152e-01	4.07720945e-01	7.48603310e-04	-4.08469549e-03	5.08552419e-03	3.17107788e-17	5.08552419e-03	-5.08552419e-03
2.153           	1.01754045e+00	5.04707219e-01	5.12833235e-01	8.12601528e-01	4.07043347e-01	4.05558181e-01	7.42582704e-04	-4.06300764e-03	5.08770227e-03	3.17096193e-17	5.08770227e-03	-5.08770227e-03
2.158           	1.01798033e+00	5.04948819e-01	5.13031515e-01	8.08269629e-01	4.04871384e-01	4.03398245e-01	7.36569671e-04	-4.04134815e-03	5.08990167e-03	3.17084571e-17	5.08990167e-03	-5.08990167e-03
2.163           	1.01842471e+00	5.05192631e-01	5.13232080e-01	8.03944881e-01	4.02703005e-01	4.01241877e-01	7.30563994e-04	-4.01972441e-03	5.09212356e-03	3.17072590e-17	5.09212356e-03	-5.09212356e-03
2.168           	1.01887676e+00	5.05440254e-01	5.13436502e-01	7.99624851e-01	4.00536991e-01	3.99087860e-01	7.24565483e-04	-3.99812425e-03	5.09438378e-03	3.17060475e-17	5.09438378e-03	-5.09438378e-03
2.173           	1.01933535e+00	5.05691124e-01	5.13644221e-01	7.95309696e-01	3.98373422e-01	3.96936274e-01	7.18573899e-04	-3.97654848e-03	5.09667673e-03	3.17048302e-17	5.09667673e-03	-5.09667673e-03
2.178           	1.01979703e+00	5.05943502e-01	5.13853528e-01	7.91002580e-01	3.96213879e-01	3.94788701e-01	7.12589072e-04	-3.95501290e-03	5.09898515e-03	3.17036241e-17	5.09898515e-03	-5.09898515e-03
2.183           	1.02026152e+00	5.06197243e-01	5.14064278e-01	7.86703532e-01	3.94058377e-01	3.92645155e-01	7.06610794e-04	-3.93351766e-03	5.10130760e-03	3.17023944e-17	5.10130760e-03	-5.10130760e-03
2.188           	1.02073111e+00	5.06453506e-01	5.14277603e-01	7.82409725e-01	3.91905501e-01	3.90504224e-01	7.00638863e-04	-3.91204862e-03	5.10365554e-03	3.17012183e-17	5.10365554e-03	-5.10365554e-03
2.193           	1.02120636e+00	5.06712572e-01	5.14493784e-01	7.78121202e-01	3.89755274e-01	3.88365928e-01	6.94673088e-04	-3.89060601e-03	5.10603178e-03	3.16999698e-17	5.10603178e-03	-5.10603178e-03
2.198           	1.02168705e+00	5.06974333e-01	5.14712719e-01	7.73838615e-01	3.87608021e-01	3.86230594e-01	6.88713335e-04	-3.86919308e-03	5.10843526e-03	3.16988212e-17	5.10843526e-03	-5.10843526e-03
2.203           	1.02217241e+00	5.07238397e-01	5.14934012e-01	7.69561504e-01	3.85463511e-01	3.84097993e-01	6.82759423e-04	-3.84780752e-03	5.11086204e-03	3.16976228e-17	5.11086204e-03	-5.11086204e-03
2.208           	1.02266177e+00	5.07504425e-01	5.15157341e-01	7.65291613e-01	3.83322618e-01	3.81968995e-01	6.76811238e-04	-3.82645807e-03	5.11330883e-03	3.16964885e-17	5.11330883e-03	-5.11330883e-03
2.213           	1.02315337e+00	5.07771542e-01	5.15381832e-01	7.61028977e-01	3.81185357e-01	3.79843620e-01	6.70868628e-04	-3.80514489e-03	5.11576687e-03	3.16953135e-17	5.11576687e-03	-5.11576687e-03
2.218           	1.02364901e+00	5.08040641e-01	5.15608368e-01	7.56772780e-01	3.79051321e-01	3.77721458e-01	6.64931494e-04	-3.78386390e-03	5.11824505e-03	3.16941494e-17	5.11824505e-03	-5.11824505e-03
2.223           	1.02415056e+00	5.08312683e-01	5.15837879e-01	7.52519632e-01	3.76918816e-01	3.75600816e-01	6.58999717e-04	-3.76259816e-03	5.12075281e-03	3.16929747e-17	5.12075281e-03	-5.12075281e-03
2.228           	1.02465869e+00	5.08587986e-01	5.16070703e-01	7.48271660e-01	3.74788903e-01	3.73482757e-01	6.53073209e-04	-3.74135830e-03	5.12329345e-03	3.16918028e-17	5.12329345e-03	-5.12329345e-03
2.233           	1.02517266e+00	5.08866181e-01	5.16306476e-01	7.44029512e-01	3.72661908e-01	3.71367604e-01	6.47151865e-04	-3.72014756e-03	5.12586328e-03	3.16906536e-17	5.12586328e-03	-5.12586328e-03
2.238           	1.02569351e+00	5.09147804e-01	5.16545709e-01	7.39790481e-01	3.70536476e-01	3.69254005e-01	6.41235555e-04	-3.69895240e-03	5.12846756e-03	3.16895365e-17	5.12846756e-03	-5.12846756e-03
2.243           	1.02621981e+00	5.09432121e-01	5.16787685e-01	7.35556426e-01	3.68413537e-01	3.67142889e-01	6.35324188e-04	-3.67778213e-03	5.13109903e-03	3.16884132e-17	5.13109903e-03	-5.13109903e-03
2.248           	1.02675076e+00	5.09718746e-01	5.17032012e-01	7.31326602e-01	3.66292718e-01	3.65033883e-01	6.29417671e-04	-3.65663301e-03	5.13375379e-03	3.16873232e-17	5.13375379e-03	-5.13375379e-03
2.253           	1.02728785e+00	5.10008425e-01	5.17279422e-01	7.27099693e-01	3.64173362e-01	3.62926331e-01	6.23515927e-04	-3.63549846e-03	5.13643924e-03	3.16862093e-17	5.13643924e-03	-5.13643924e-03
2.258           	1.02783167e+00	5.10301456e-01	5.17530211e-01	7.22875496e-01	3.62055367e-01	3.60820129e-01	6.17618880e-04	-3.61437748e-03	5.13915833e-03	3.16850827e-17	5.13915833e-03	-5.13915833e-03
2.263           	1.02838182e+00	5.10597642e-01	5.17784179e-01	7.18653730e-01	3.59938592e-01	3.58715139e-01	6.11726471e-04	-3.59326865e-03	5.14190910e-03	3.16840138e-17	5.14190910e-03	-5.14190910e-03
2.268           	1.02893736e+00	5.10896504e-01	5.18040860e-01	7.14435598e-01	3.57823638e-01	3.56611960e-01	6.05838666e-04	-3.57217799e-03	5.14468682e-03	3.16829258e-17	5.14468682e-03	-5.14468682e-03
2.273           	1.02949962e+00	5.11198712e-01	5.18300907e-01	7.10219544e-01	3.55709728e-01	3.54509817e-01	5.99955400e-04	-3.55109772e-03	5.14749810e-03	3.16818342e-17	5.14749810e-03	-5.14749810e-03
2.278           	1.03006908e+00	5.11504514e-01	5.18564566e-01	7.06005131e-01	3.53596642e-01	3.52408489e-01	5.94076624e-04	-3.53002566e-03	5.15034540e-03	3.16807149e-17	5.15034540e-03	-5.15034540e-03
2.283           	1.03064637e+00	5.11814224e-01	5.18832146e-01	7.01792129e-01	3.51484267e-01	3.50307862e-01	5.88202282e-04	-3.50896064e-03	5.15323185e-03	3.16796214e-17	5.15323185e-03	-5.15323185e-03
2.288           	1.03123027e+00	5.12127232e-01	5.19103037e-01	6.97580462e-01	3.49372563e-01	3.48207899e-01	5.82332334e-04	-3.48790231e-03	5.15615134e-03	3.16785252e-17	5.15615134e-03	-5.15615134e-03
2.293           	1.03182152e+00	5.12443905e-01	5.19377612e-01	6.93370680e-01	3.47261807e-01	3.46108873e-01	5.76466755e-04	-3.46685340e-03	5.15910758e-03	3.16774272e-17	5.15910758e-03	-5.15910758e-03
2.298           	1.03242073e+00	5.12764553e-01	5.19656176e-01	6.89162267e-01	3.45151739e-01	3.44010528e-01	5.70605545e-04	-3.44581133e-03	5.16210365e-03	3.16763215e-17	5.16210365e-03	-5.16210365e-03
2.303           	1.03302780e+00	5.13089126e-01	5.19938679e-01	6.84955257e-01	3.43042377e-01	3.41912880e-01	5.64748693e-04	-3.42477629e-03	5.16513902e-03	3.16752063e-17	5.16513902e-03	-5.16513902e-03
2.308           	1.03364079e+00	5.13416640e-01	5.20224147e-01	6.80750626e-01	3.40934209e-01	3.39816417e-01	5.58896191e-04	-3.40375313e-03	5.16820393e-03	3.16740890e-17	5.16820393e-03	-5.16820393e-03
2.313           	1.03425961e+00	5.13747061e-01	5.20512550e-01	6.76548817e-01	3.38827457e-01	3.37721361e-01	5.53048002e-04	-3.38274409e-03	5.17129805e-03	3.16729673e-17	5.17129805e-03	-5.17129805e-03
2.318           	1.03488599e+00	5.14081253e-01	5.20804736e-01	6.72348295e-01	3.36721352e-01	3.35626943e-01	5.47204088e-04	-3.36174147e-03	5.17442994e-03	3.16718425e-17	5.17442994e-03	-5.17442994e-03
2.323           	1.03552071e+00	5.14419611e-01	5.21101104e-01	6.68149302e-01	3.34616015e-01	3.33533286e-01	5.41364414e-04	-3.34074651e-03	5.17760357e-03	3.16707108e-17	5.17760357e-03	-5.17760357e-03
2.328           	1.03616355e+00	5.14762017e-01	5.21401538e-01	6.63952180e-01	3.32511619e-01	3.31440561e-01	5.35528977e-04	-3.31976090e-03	5.18081777e-03	3.16695776e-17	5.18081777e-03	-5.18081777e-03
2.333           	1.03681423e+00	5.15108328e-01	5.21705898e-01	6.59756999e-01	3.30408197e-01	3.29348802e-01	5.29697758e-04	-3.29878499e-03	5.18407113e-03	3.16684403e-17	5.18407113e-03	-5.18407113e-03
2.338           	1.03746937e+00	5.15456862e-01	5.22012510e-01	6.55564780e-01	3.28306261e-01	3.27258519e-01	5.23870744e-04	-3.27782390e-03	5.18734686e-03	3.16672995e-17	5.18734686e-03	-5.18734686e-03
2.343           	1.03813145e+00	5.15808855e-01	5.22322598e-01	6.51374344e-01	3.26205220e-01	3.25169124e-01	5.18047915e-04	-3.25687172e-03	5.19065726e-03	3.16661550e-17	5.19065726e-03	-5.19065726e-03
2.348           	1.03880058e+00	5.16164362e-01	5.22636223e-01	6.47186096e-01	3.24105277e-01	3.23080819e-01	5.12229287e-04	-3.23593048e-03	5.19400292e-03	3.16650083e-17	5.19400292e-03	-5.19400292e-03
2.353           	1.03947671e+00	5.16523353e-01	5.22953355e-01	6.43000184e-01	3.22006507e-01	3.20993677e-01	5.06414853e-04	-3.21500092e-03	5.19738354e-03	3.16638499e-17	5.19738354e-03	-5.19738354e-03
2.358           	1.04016091e+00	5.16886377e-01	5.23274537e-01	6.38816049e-01	3.19908629e-01	3.18907420e-01	5.00604669e-04	-3.19408024e-03	5.20080457e-03	3.16626864e-17	5.20080457e-03	-5.20080457e-03
2.363           	1.04085386e+00	5.17253756e-01	5.23600100e-01	6.34634424e-01	3.17812011e-01	3.16822413e-01	4.94798776e-04	-3.17317212e-03	5.20426928e-03	3.16615145e-17	5.20426928e-03	-5.20426928e-03
2.368           	1.04155490e+00	5.17625172e-01	5.23929723e-01	6.30455120e-01	3.15716557e-01	3.14738563e-01	4.88997216e-04	-3.15227560e-03	5.20777448e-03	3.16603184e-17	5.20777448e-03	-5.20777448e-03
2.373           	1.04226292e+00	5.18000066e-01	5.24262850e-01	6.26278453e-01	3.13622426e-01	3.12656026e-01	4.83200011e-04	-3.13139226e-03	5.21131458e-03	3.16591430e-17	5.21131458e-03	-5.21131458e-03
2.378           	1.04297857e+00	5.18378761e-01	5.24599808e-01	6.22104707e-01	3.11529761e-01	3.10574946e-01	4.77407197e-04	-3.11052354e-03	5.21489285e-03	3.16579669e-17	5.21489285e-03	-5.21489285e-03
2.383           	1.04370161e+00	5.18761135e-01	5.24940479e-01	6.17934384e-01	3.09438811e-01	3.08495573e-01	4.71618817e-04	-3.08967192e-03	5.21850807e-03	3.16567999e-17	5.21850807e-03	-5.21850807e-03
2.388           	1.04443474e+00	5.19148540e-01	5.25286196e-01	6.13765627e-01	3.07348648e-01	3.06416979e-01	4.65834914e-04	-3.06882814e-03	5.22217368e-03	3.16556205e-17	5.22217368e-03	-5.22217368e-03
2.393           	1.04517638e+00	5.19540192e-01	5.25636183e-01	6.09599086e-01	3.05259598e-01	3.04339487e-01	4.60055544e-04	-3.04799543e-03	5.22588188e-03	3.16544189e-17	5.22588188e-03	-5.22588188e-03
2.398           	1.04592698e+00	5.19936314e-01	5.25990666e-01	6.05435171e-01	3.03171866e-01	3.02263305e-01	4.54280799e-04	-3.02717586e-03	5.22963490e-03	3.16531821e-17	5.22963490e-03	-5.22963490e-03
2.403           	1.04668662e+00	5.20336937e-01	5.26349683e-01	6.01274635e-01	3.01085828e-01	3.00188807e-01	4.48510760e-04	-3.00637317e-03	5.23343310e-03	3.16519435e-17	5.23343310e-03	-5.23343310e-03
2.408           	1.04745630e+00	5.20742565e-01	5.26713732e-01	5.97116675e-01	2.99001083e-01	2.98115592e-01	4.42745513e-04	-2.98558338e-03	5.23728148e-03	3.16507302e-17	5.23728148e-03	-5.23728148e-03
2.413           	1.04823498e+00	5.21152676e-01	5.27082308e-01	5.92963159e-01	2.96918565e-01	2.96044595e-01	4.36985148e-04	-2.96481580e-03	5.24117492e-03	3.16494988e-17	5.24117492e-03	-5.24117492e-03
2.418           	1.04902184e+00	5.21566851e-01	5.27454988e-01	5.88813660e-01	2.94838060e-01	2.93975600e-01	4.31229765e-04	-2.94406830e-03	5.24510920e-03	3.16482287e-17	5.24510920e-03	-5.24510920e-03
2.423           	1.04981820e+00	5.21985762e-01	5.27832435e-01	5.84667317e-01	2.92759138e-01	2.91908179e-01	4.25479485e-04	-2.92333659e-03	5.24909098e-03	3.16469502e-17	5.24909098e-03	-5.24909098e-03
2.428           	1.05062432e+00	5.22409539e-01	5.28214779e-01	5.80523946e-01	2.90681708e-01	2.89842239e-01	4.19734468e-04	-2.90261973e-03	5.25312159e-03	3.16456693e-17	5.25312159e-03	-5.25312159e-03
2.433           	1.05144038e+00	5.22838270e-01	5.28602111e-01	5.76384113e-01	2.88606052e-01	2.87778062e-01	4.13994839e-04	-2.88192057e-03	5.25720190e-03	3.16443682e-17	5.25720190e-03	-5.25720190e-03
2.438           	1.05226487e+00	5.23271190e-01	5.28993680e-01	5.72249011e-01	2.86532766e-01	2.85716245e-01	4.08260740e-04	-2.86124505e-03	5.26132435e-03	3.16430788e-17	5.26132435e-03	-5.26132435e-03
2.443           	1.05309855e+00	5.23708685e-01	5.29389869e-01	5.68118372e-01	2.84461718e-01	2.83656654e-01	4.02532291e-04	-2.84059186e-03	5.26549277e-03	3.16418071e-17	5.26549277e-03	-5.26549277e-03
2.448           	1.05394182e+00	5.24150950e-01	5.29790873e-01	5.63992296e-01	2.82392958e-01	2.81599338e-01	3.96809631e-04	-2.81996148e-03	5.26970911e-03	3.16405267e-17	5.26970911e-03	-5.26970911e-03
2.453           	1.05479531e+00	5.24598302e-01	5.30197008e-01	5.59870584e-01	2.80326385e-01	2.79544199e-01	3.91092897e-04	-2.79935292e-03	5.27397655e-03	3.16392282e-17	5.27397655e-03	-5.27397655e-03
2.458           	1.05566018e+00	5.25051324e-01	5.30608853e-01	5.55752881e-01	2.78261823e-01	2.77491058e-01	3.85382256e-04	-2.77876441e-03	5.27830088e-03	3.16379240e-17	5.27830088e-03	-5.27830088e-03
2.463           	1.05653499e+00	5.25509294e-01	5.31025695e-01	5.51640043e-01	2.76199699e-01	2.75440344e-01	3.79677873e-04	-2.75820022e-03	5.28267494e-03	3.16366026e-17	5.28267494e-03	-5.28267494e-03
2.468           	1.05742015e+00	5.25972411e-01	5.31447737e-01	5.47532608e-01	2.74140284e-01	2.73392324e-01	3.73979944e-04	-2.73766304e-03	5.28710074e-03	3.16352721e-17	5.28710074e-03	-5.28710074e-03
2.473           	1.05831522e+00	5.26440455e-01	5.31874768e-01	5.43431273e-01	2.72083925e-01	2.71347348e-01	3.68288658e-04	-2.71715636e-03	5.29157612e-03	3.16339482e-17	5.29157612e-03	-5.29157612e-03
2.478           	1.05921993e+00	5.26913289e-01	5.32306643e-01	5.39335403e-01	2.70030306e-01	2.69305097e-01	3.62604215e-04	-2.69667702e-03	5.29609966e-03	3.16326164e-17	5.29609966e-03	-5.29609966e-03
2.483           	1.06013335e+00	5.27390445e-01	5.32742902e-01	5.35245666e-01	2.67979760e-01	2.67265906e-01	3.56926822e-04	-2.67622833e-03	5.30066673e-03	3.16312699e-17	5.30066673e-03	-5.30066673e-03
