-0.5 	1.0243
-0.48412699 	1.0184631
-0.46825397 	1.0170368
-0.45238095 	1.0162939
-0.43650794 	1.0161323
-0.42063492 	1.0157884
-0.40476191 	1.0153522
-0.3888889 	1.014769
-0.37301588 	1.0138802
-0.35714287 	1.012907
-0.34126985 	1.0117124
-0.32539684 	1.0101827
-0.30952379 	1.0086024
-0.29365078 	1.0068386
-0.27777776 	1.0050361
-0.26190475 	1.0032176
-0.24603173 	1.0014104
-0.23015872 	0.99969224
-0.2142857 	0.99805486
-0.19841269 	0.99652279
-0.18253967 	0.99511121
-0.16666666 	0.99382548
-0.15079364 	0.99264522
-0.13492063 	0.99160645
-0.11904758 	0.99063547
-0.10317457 	0.98972636
-0.087301552 	0.98889359
-0.071428537 	0.98809839
-0.055555522 	0.98732993
-0.039682507 	0.98662927
-0.023809493 	0.9858843
-0.0079364777 	0.98519485
0.0079365373 	0.98444849
0.023809552 	0.98378244
0.039682567 	0.98310442
0.055555582 	0.98249284
0.071428597 	0.98193449
0.087301612 	0.98145036
0.10317463 	0.98105017
0.11904764 	0.98074323
0.13492066 	0.98055838
0.15079367 	0.98043091
0.16666669 	0.98036757
0.1825397 	0.98030449
0.19841272 	0.9801843
0.21428573 	0.97998086
0.23015875 	0.97984475
0.24603176 	0.97986255
0.26190484 	0.98002105
0.27777785 	0.98014338
0.29365087 	0.97969184
0.30952388 	0.9785494
0.3253969 	0.97721058
0.34126991 	0.9760179
0.35714292 	0.97511571
0.37301594 	0.97449245
0.38888895 	0.9735877
0.40476197 	0.97203291
0.42063499 	0.97053413
0.436508 	0.96950587
0.45238101 	0.96828449
0.46825403 	0.96616885
0.48412704 	0.96282045
0.5 	0.96175487
