-0.5 	1.0105365
-0.48412699 	1.0054714
-0.46825397 	1.0055158
-0.45238095 	0.99878385
-0.43650794 	1.0055502
-0.42063492 	1.00382
-0.40476191 	0.9861645
-0.3888889 	0.98424144
-0.37301588 	1.0008997
-0.35714287 	1.0079657
-0.34126985 	0.99020099
-0.32539684 	0.96567306
-0.30952379 	0.95975364
-0.29365078 	0.97829748
-0.27777776 	1.0079597
-0.26190475 	1.0285125
-0.24603173 	1.0224028
-0.23015872 	0.98415773
-0.2142857 	0.94684327
-0.19841269 	0.9223563
-0.18253967 	0.9155437
-0.16666666 	0.93094141
-0.15079364 	0.96735247
-0.13492063 	1.0069808
-0.11904758 	1.0435915
-0.10317457 	1.0638986
-0.087301552 	1.0626465
-0.071428537 	1.0498844
-0.055555522 	1.0277727
-0.039682507 	1.0012168
-0.023809493 	0.97720913
-0.0079364777 	0.95604894
0.0079365373 	0.94025756
0.023809552 	0.92818286
0.039682567 	0.91885568
0.055555582 	0.91249672
0.071428597 	0.91330859
0.087301612 	0.91727057
0.10317463 	0.9240747
0.11904764 	0.93371944
0.13492066 	0.94765495
0.15079367 	0.96711717
0.16666669 	0.99343849
0.1825397 	1.029317
0.19841272 	1.0700273
0.21428573 	1.1022383
0.23015875 	1.1118773
0.24603176 	1.0751768
0.26190484 	1.0049891
0.27777785 	0.94379613
0.29365087 	0.9084276
0.30952388 	0.91353293
0.3253969 	0.96259355
0.34126991 	1.0287926
0.35714292 	1.0518569
0.37301594 	1.0076267
0.38888895 	0.95559401
0.40476197 	0.95983964
0.42063499 	1.0042845
0.436508 	1.0123914
0.45238101 	0.96868782
0.46825403 	0.97041415
0.48412704 	0.99349731
0.5 	0.98369202
