-0.5 	1.0105365
-0.48412699 	1.0089931
-0.46825397 	1.001895
-0.45238095 	0.99902909
-0.43650794 	0.99986096
-0.42063492 	1.0018768
-0.40476191 	1.0008281
-0.3888889 	0.99922273
-0.37301588 	0.99839257
-0.35714287 	0.99751547
-0.34126985 	0.99569015
-0.32539684 	0.99398624
-0.30952379 	0.99267657
-0.29365078 	0.99188149
-0.27777776 	0.99172311
-0.26190475 	0.99199973
-0.24603173 	0.99218125
-0.23015872 	0.99171852
-0.2142857 	0.99098307
-0.19841269 	0.99025578
-0.18253967 	0.98969788
-0.16666666 	0.98947961
-0.15079364 	0.98990479
-0.13492063 	0.99056129
-0.11904758 	0.99115535
-0.10317457 	0.99097688
-0.087301552 	0.99132685
-0.071428537 	0.99213852
-0.055555522 	0.99339045
-0.039682507 	0.99374507
-0.023809493 	0.99424206
-0.0079364777 	0.99489095
0.0079365373 	0.99577323
0.023809552 	0.99587903
0.039682567 	0.99564531
0.055555582 	0.99517927
0.071428597 	0.99544516
0.087301612 	0.99641532
0.10317463 	0.99775568
0.11904764 	0.99847351
0.13492066 	0.99793453
0.15079367 	0.99732341
0.16666669 	0.99704629
0.1825397 	0.99714793
0.19841272 	0.99739274
0.21428573 	0.99765661
0.23015875 	0.99763735
0.24603176 	0.99656902
0.26190484 	0.99516633
0.27777785 	0.99482753
0.29365087 	0.99507441
0.30952388 	0.99534024
0.3253969 	0.99545277
0.34126991 	0.99569157
0.35714292 	0.99611838
0.37301594 	0.99684303
0.38888895 	0.99666882
0.40476197 	0.99622347
0.42063499 	0.99821168
0.436508 	1.0024075
0.45238101 	1.0005738
0.46825403 	0.99444083
0.48412704 	0.99930028
0.5 	0.98369202
