-0.5 	0.99780301
-0.48412699 	0.9983894
-0.46825397 	1.0038565
-0.45238095 	1.0003608
-0.43650794 	1.0197495
-0.42063492 	1.0355676
-0.40476191 	1.0065743
-0.3888889 	0.97637091
-0.37301588 	0.99301828
-0.35714287 	1.0458679
-0.34126985 	1.0733743
-0.32539684 	1.0333231
-0.30952379 	0.96074061
-0.29365078 	0.91106451
-0.27777776 	0.91196732
-0.26190475 	0.96727803
-0.24603173 	1.0694697
-0.23015872 	1.174361
-0.2142857 	1.2107423
-0.19841269 	1.1824232
-0.18253967 	1.1056435
-0.16666666 	1.0090717
-0.15079364 	0.9344361
-0.13492063 	0.87933192
-0.11904758 	0.84215806
-0.10317457 	0.82373155
-0.087301552 	0.8168514
-0.071428537 	0.81493879
-0.055555522 	0.81637106
-0.039682507 	0.81935458
-0.023809493 	0.82194549
-0.0079364777 	0.82454137
0.0079365373 	0.82852078
0.023809552 	0.83436939
0.039682567 	0.84218011
0.055555582 	0.85260664
0.071428597 	0.8792846
0.087301612 	0.92915047
0.10317463 	1.0091543
0.11904764 	1.1480793
0.13492066 	1.2308342
0.15079367 	1.2211026
0.16666669 	1.1056687
0.1825397 	0.96050425
0.19841272 	0.87928507
0.21428573 	0.8571965
0.23015875 	0.8923143
0.24603176 	0.97480173
0.26190484 	1.0592404
0.27777785 	1.0937648
0.29365087 	1.0694091
0.30952388 	1.0117712
0.3253969 	0.96730723
0.34126991 	0.96301527
0.35714292 	0.9882621
0.37301594 	1.0120029
0.38888895 	1.0051561
0.40476197 	0.98414157
0.42063499 	0.98173789
0.436508 	1.0007175
0.45238101 	1.0076402
0.46825403 	0.99440032
0.48412704 	0.98250369
0.5 	0.98131071
