-0.5 	1.0728968
-0.48412699 	1.0463308
-0.46825397 	1.1049669
-0.45238095 	1.0687013
-0.43650794 	1.0324779
-0.42063492 	1.091321
-0.40476191 	1.0581856
-0.3888889 	0.9626773
-0.37301588 	1.0239607
-0.35714287 	1.1281434
-0.34126985 	1.0412469
-0.32539684 	0.94523048
-0.30952379 	0.95173498
-0.29365078 	1.075647
-0.27777776 	1.1298685
-0.26190475 	0.97647228
-0.24603173 	0.87265019
-0.23015872 	0.89455757
-0.2142857 	1.0645515
-0.19841269 	1.1752839
-0.18253967 	0.9871457
-0.16666666 	0.85477548
-0.15079364 	0.86744149
-0.13492063 	0.99696987
-0.11904758 	1.1523158
-0.10317457 	1.1759612
-0.087301552 	1.0454177
-0.071428537 	0.90771719
-0.055555522 	0.84361607
-0.039682507 	0.87919136
-0.023809493 	0.97833418
-0.0079364777 	1.0920791
0.0079365373 	1.1918985
0.023809552 	1.2723896
0.039682567 	1.3276527
0.055555582 	1.3396095
0.071428597 	1.291311
0.087301612 	1.2009038
0.10317463 	1.0942955
0.11904764 	0.97960624
0.13492066 	0.87021566
0.15079367 	0.76797942
0.16666669 	0.72558164
0.1825397 	0.78757975
0.19841272 	0.97794215
0.21428573 	1.2857953
0.23015875 	1.2830393
0.24603176 	0.84848826
0.26190484 	0.75341791
0.27777785 	0.96065799
0.29365087 	0.75392678
0.30952388 	0.67922719
0.3253969 	0.79294909
0.34126991 	1.0378968
0.35714292 	1.0769579
0.37301594 	1.0565525
0.38888895 	1.0143703
0.40476197 	0.93147228
0.42063499 	0.90288065
0.436508 	0.9863002
0.45238101 	1.0935098
0.46825403 	0.97848442
0.48412704 	1.0723983
0.5 	1.0801528
