-0.5 	1.0250885
-0.48412699 	1.0195405
-0.46825397 	1.0073136
-0.45238095 	1.0167302
-0.43650794 	1.00535
-0.42063492 	0.97942059
-0.40476191 	0.9923008
-0.3888889 	1.0249452
-0.37301588 	1.0249219
-0.35714287 	0.98397618
-0.34126985 	0.95201495
-0.32539684 	0.966551
-0.30952379 	1.0207454
-0.29365078 	1.0711908
-0.27777776 	1.0738804
-0.26190475 	1.0194322
-0.24603173 	0.93638081
-0.23015872 	0.88464151
-0.2142857 	0.8709116
-0.19841269 	0.89104206
-0.18253967 	0.94250827
-0.16666666 	1.0270797
-0.15079364 	1.1164267
-0.13492063 	1.1828946
-0.11904758 	1.2220289
-0.10317457 	1.2218305
-0.087301552 	1.1965774
-0.071428537 	1.1608215
-0.055555522 	1.1179176
-0.039682507 	1.0784553
-0.023809493 	1.0476827
-0.0079364777 	1.0253457
0.0079365373 	1.0154046
0.023809552 	1.0175874
0.039682567 	1.0283962
0.055555582 	1.0482733
0.071428597 	1.0817447
0.087301612 	1.1245499
0.10317463 	1.1747782
0.11904764 	1.2261102
0.13492066 	1.243146
0.15079367 	1.2115359
0.16666669 	1.1201464
0.1825397 	0.96126733
0.19841272 	0.85220695
0.21428573 	0.83473552
0.23015875 	0.91765654
0.24603176 	1.0546738
0.26190484 	1.0983156
0.27777785 	1.0580527
0.29365087 	0.98996209
0.30952388 	0.94846205
0.3253969 	0.95743215
0.34126991 	0.9933335
0.35714292 	1.0130799
0.37301594 	0.99944734
0.38888895 	0.98077099
0.40476197 	0.98563067
0.42063499 	1.0017883
0.436508 	0.99891587
0.45238101 	0.97945007
0.46825403 	0.97612474
0.48412704 	0.98659507
0.5 	0.99266823
