-0.5 	1.0124429
-0.48412699 	1.0123858
-0.46825397 	1.01301
-0.45238095 	1.0116263
-0.43650794 	1.0002262
-0.42063492 	1.0107077
-0.40476191 	1.0174083
-0.3888889 	1.0053736
-0.37301588 	0.9939994
-0.35714287 	0.99867374
-0.34126985 	1.0092431
-0.32539684 	1.0083541
-0.30952379 	0.99460184
-0.29365078 	0.98027396
-0.27777776 	0.97611969
-0.26190475 	0.98456439
-0.24603173 	1.000743
-0.23015872 	1.0106022
-0.2142857 	1.0059077
-0.19841269 	0.99154
-0.18253967 	0.9721292
-0.16666666 	0.95401653
-0.15079364 	0.94498116
-0.13492063 	0.94365463
-0.11904758 	0.94945429
-0.10317457 	0.96296999
-0.087301552 	0.97977977
-0.071428537 	0.99606275
-0.055555522 	1.0106243
-0.039682507 	1.019035
-0.023809493 	1.0244546
-0.0079364777 	1.0273679
0.0079365373 	1.0273586
0.023809552 	1.0255802
0.039682567 	1.0234456
0.055555582 	1.021382
0.071428597 	1.0202344
0.087301612 	1.0203175
0.10317463 	1.0217251
0.11904764 	1.024969
0.13492066 	1.0290277
0.15079367 	1.0327124
0.16666669 	1.0351468
0.1825397 	1.0329752
0.19841272 	1.0230101
0.21428573 	1.004725
0.23015875 	0.97873625
0.24603176 	0.94937123
0.26190484 	0.92935219
0.27777785 	0.92774757
0.29365087 	0.95013235
0.30952388 	0.99022107
0.3253969 	1.0248312
0.34126991 	1.0238296
0.35714292 	0.98610704
0.37301594 	0.95578359
0.38888895 	0.96898621
0.40476197 	1.0008046
0.42063499 	1.0028635
0.436508 	0.98101461
0.45238101 	0.97981492
0.46825403 	0.97729676
0.48412704 	0.98141983
0.5 	0.98291821
