-0.5 	0.98595626
-0.48412699 	0.9723851
-0.46825397 	0.98109636
-0.45238095 	0.98327634
-0.43650794 	0.98509302
-0.42063492 	0.97700564
-0.40476191 	0.97754154
-0.3888889 	0.97091101
-0.37301588 	0.96522971
-0.35714287 	0.96891267
-0.34126985 	0.97005307
-0.32539684 	0.97083477
-0.30952379 	0.97166365
-0.29365078 	0.96996257
-0.27777776 	0.97033835
-0.26190475 	0.96771119
-0.24603173 	0.97025438
-0.23015872 	0.96817024
-0.2142857 	0.97052188
-0.19841269 	0.96753627
-0.18253967 	0.96914859
-0.16666666 	0.97205185
-0.15079364 	0.96828284
-0.13492063 	0.97097006
-0.11904758 	0.97274518
-0.10317457 	0.97278291
-0.087301552 	0.9730344
-0.071428537 	0.97498334
-0.055555522 	0.97741791
-0.039682507 	0.97877307
-0.023809493 	0.97852572
-0.0079364777 	0.98133294
0.0079365373 	0.98192632
0.023809552 	0.98308118
0.039682567 	0.98399486
0.055555582 	0.98450058
0.071428597 	0.98648436
0.087301612 	0.98733424
0.10317463 	0.98797545
0.11904764 	0.98914241
0.13492066 	0.99150892
0.15079367 	0.9928711
0.16666669 	0.99252266
0.1825397 	0.99235954
0.19841272 	0.99394
0.21428573 	0.99566188
0.23015875 	0.99412207
0.24603176 	0.99579097
0.26190484 	0.99497405
0.27777785 	0.99369378
0.29365087 	0.99321608
0.30952388 	0.99246066
0.3253969 	0.99259793
0.34126991 	0.9927639
0.35714292 	0.99286091
0.37301594 	0.99425946
0.38888895 	0.99434831
0.40476197 	0.99540095
0.42063499 	0.99598535
0.436508 	0.9964123
0.45238101 	0.99696465
0.46825403 	0.99699879
0.48412704 	0.99706889
0.5 	0.99828346
