-0.5 	1.0275404
-0.48412699 	1.0327292
-0.46825397 	1.0341331
-0.45238095 	1.0350321
-0.43650794 	1.0351475
-0.42063492 	1.0348743
-0.40476191 	1.034264
-0.3888889 	1.0333275
-0.37301588 	1.032315
-0.35714287 	1.031061
-0.34126985 	1.0296513
-0.32539684 	1.0283724
-0.30952379 	1.0269642
-0.29365078 	1.0255812
-0.27777776 	1.0243165
-0.26190475 	1.0229872
-0.24603173 	1.0216616
-0.23015872 	1.0203156
-0.2142857 	1.0189802
-0.19841269 	1.0176219
-0.18253967 	1.0162793
-0.16666666 	1.0150235
-0.15079364 	1.0138526
-0.13492063 	1.0128272
-0.11904758 	1.0119365
-0.10317457 	1.011177
-0.087301552 	1.0105757
-0.071428537 	1.0101171
-0.055555522 	1.0097891
-0.039682507 	1.0096274
-0.023809493 	1.009645
-0.0079364777 	1.0099068
0.0079365373 	1.0103502
0.023809552 	1.0112461
0.039682567 	1.0124744
0.055555582 	1.0139642
0.071428597 	1.0155517
0.087301612 	1.0168452
0.10317463 	1.017235
0.11904764 	1.0172868
0.13492066 	1.0174939
0.15079367 	1.0176617
0.16666669 	1.0175548
0.1825397 	1.0171699
0.19841272 	1.0171086
0.21428573 	1.0178407
0.23015875 	1.018849
0.24603176 	1.019572
0.26190484 	1.0200973
0.27777785 	1.0203457
0.29365087 	1.0203724
0.30952388 	1.0200609
0.3253969 	1.0187551
0.34126991 	1.0159478
0.35714292 	1.0137421
0.37301594 	1.0150053
0.38888895 	1.0165024
0.40476197 	1.0162761
0.42063499 	1.0154039
0.436508 	1.0137579
0.45238101 	1.011217
0.46825403 	1.0072461
0.48412704 	1.0014742
0.5 	0.99051654
