-0.5 	0.99935798
-0.48412699 	1.0071878
-0.46825397 	1.0141206
-0.45238095 	1.0007288
-0.43650794 	1.0059416
-0.42063492 	1.026229
-0.40476191 	1.0100473
-0.3888889 	0.97706145
-0.37301588 	0.9773424
-0.35714287 	1.0158887
-0.34126985 	1.0468159
-0.32539684 	1.0268171
-0.30952379 	0.97199196
-0.29365078 	0.92816452
-0.27777776 	0.92348524
-0.26190475 	0.96304764
-0.24603173 	1.0380253
-0.23015872 	1.10981
-0.2142857 	1.1224404
-0.19841269 	1.0824449
-0.18253967 	1.0067418
-0.16666666 	0.92522021
-0.15079364 	0.87316795
-0.13492063 	0.84128198
-0.11904758 	0.82720852
-0.10317457 	0.83172019
-0.087301552 	0.84924784
-0.071428537 	0.87285845
-0.055555522 	0.90090142
-0.039682507 	0.9297346
-0.023809493 	0.9536854
-0.0079364777 	0.97282489
0.0079365373 	0.9849885
0.023809552 	0.98971968
0.039682567 	0.98781546
0.055555582 	0.97823886
0.071428597 	0.95828988
0.087301612 	0.93364197
0.10317463 	0.9052629
0.11904764 	0.87562109
0.13492066 	0.8515925
0.15079367 	0.83586539
0.16666669 	0.83224798
0.1825397 	0.85870848
0.19841272 	0.93051267
0.21428573 	1.0331266
0.23015875 	1.1358825
0.24603176 	1.1575168
0.26190484 	1.0414647
0.27777785 	0.9373774
0.29365087 	0.90633034
0.30952388 	0.95161587
0.3253969 	1.0158247
0.34126991 	1.0303857
0.35714292 	0.99242899
0.37301594 	0.9713066
0.38888895 	0.98597095
0.40476197 	1.0001046
0.42063499 	0.99311759
0.436508 	0.98005003
0.45238101 	0.98350253
0.46825403 	0.99109353
0.48412704 	0.98660376
0.5 	0.98861881
