-0.5 	1.0131125
-0.48412699 	0.99821528
-0.46825397 	0.99803293
-0.45238095 	1.0029237
-0.43650794 	1.0035201
-0.42063492 	1.0021918
-0.40476191 	1.0009611
-0.3888889 	0.99900393
-0.37301588 	0.99629699
-0.35714287 	0.99385983
-0.34126985 	0.99207958
-0.32539684 	0.99114
-0.30952379 	0.99009289
-0.29365078 	0.98814443
-0.27777776 	0.98575186
-0.26190475 	0.98379516
-0.24603173 	0.98278834
-0.23015872 	0.98239834
-0.2142857 	0.98192998
-0.19841269 	0.9813653
-0.18253967 	0.98080421
-0.16666666 	0.98049522
-0.15079364 	0.97997233
-0.13492063 	0.97915552
-0.11904758 	0.97830706
-0.10317457 	0.9781737
-0.087301552 	0.97898581
-0.071428537 	0.97996566
-0.055555522 	0.98088863
-0.039682507 	0.9813386
-0.023809493 	0.98194809
-0.0079364777 	0.98273465
0.0079365373 	0.98382782
0.023809552 	0.98455563
0.039682567 	0.98491613
0.055555582 	0.98481703
0.071428597 	0.98430273
0.087301612 	0.9836951
0.10317463 	0.98315279
0.11904764 	0.98327901
0.13492066 	0.98436411
0.15079367 	0.98570535
0.16666669 	0.98705256
0.1825397 	0.98809546
0.19841272 	0.98844711
0.21428573 	0.9883158
0.23015875 	0.98809094
0.24603176 	0.9887606
0.26190484 	0.98940815
0.27777785 	0.98923926
0.29365087 	0.98908283
0.30952388 	0.98935986
0.3253969 	0.98985971
0.34126991 	0.99019017
0.35714292 	0.99011041
0.37301594 	0.9891002
0.38888895 	0.98858074
0.40476197 	0.98943067
0.42063499 	0.98928497
0.436508 	0.98522057
0.45238101 	0.98081031
0.46825403 	0.98574231
0.48412704 	0.98834164
0.5 	0.99687127
