-0.5 	0.92230418
-0.48412699 	0.94143308
-0.46825397 	0.88436707
-0.45238095 	0.92391236
-0.43650794 	0.86396187
-0.42063492 	0.88029873
-0.40476191 	0.92262622
-0.3888889 	0.83267378
-0.37301588 	0.82124376
-0.35714287 	0.91016824
-0.34126985 	0.91990299
-0.32539684 	0.81881661
-0.30952379 	0.78241541
-0.29365078 	0.8403788
-0.27777776 	0.89647942
-0.26190475 	0.90510391
-0.24603173 	0.87014859
-0.23015872 	0.81819429
-0.2142857 	0.78204084
-0.19841269 	0.78342077
-0.18253967 	0.82738413
-0.16666666 	0.88498199
-0.15079364 	0.91459182
-0.13492063 	0.88383604
-0.11904758 	0.81721007
-0.10317457 	0.75277575
-0.087301552 	0.72215618
-0.071428537 	0.72666988
-0.055555522 	0.76141124
-0.039682507 	0.81602485
-0.023809493 	0.87549632
-0.0079364777 	0.92929057
0.0079365373 	0.96832711
0.023809552 	0.99145664
0.039682567 	1.000857
0.055555582 	1.0053606
0.071428597 	1.0087006
0.087301612 	1.0131628
0.10317463 	1.0178747
0.11904764 	1.0218053
0.13492066 	1.0227167
0.15079367 	1.0149883
0.16666669 	0.98927541
0.1825397 	0.94602652
0.19841272 	0.8949208
0.21428573 	0.85296241
0.23015875 	0.83331203
0.24603176 	0.84516571
0.26190484 	0.88894144
0.27777785 	0.94215626
0.29365087 	0.96309307
0.30952388 	0.93574952
0.3253969 	0.90206958
0.34126991 	0.90679251
0.35714292 	0.9441614
0.37301594 	0.97191273
0.38888895 	0.97654767
0.40476197 	0.99642046
0.42063499 	1.0266592
0.436508 	0.99237163
0.45238101 	1.0100466
0.46825403 	1.0404595
0.48412704 	0.99553402
0.5 	1.0176716
