-0.5 	0.99709366
-0.48412699 	1.0068172
-0.46825397 	1.0059393
-0.45238095 	0.97413495
-0.43650794 	1.0227925
-0.42063492 	1.0016557
-0.40476191 	0.96686145
-0.3888889 	0.99773313
-0.37301588 	0.99162289
-0.35714287 	0.95460043
-0.34126985 	0.97590289
-0.32539684 	1.0102019
-0.30952379 	0.97963174
-0.29365078 	0.91728308
-0.27777776 	0.90718898
-0.26190475 	0.95448063
-0.24603173 	0.99877931
-0.23015872 	0.99551287
-0.2142857 	0.95139918
-0.19841269 	0.90146253
-0.18253967 	0.87628964
-0.16666666 	0.87732692
-0.15079364 	0.89502592
-0.13492063 	0.91765886
-0.11904758 	0.93615123
-0.10317457 	0.94549198
-0.087301552 	0.94193549
-0.071428537 	0.93016565
-0.055555522 	0.91476818
-0.039682507 	0.89975612
-0.023809493 	0.88801617
-0.0079364777 	0.88147466
0.0079365373 	0.87957078
0.023809552 	0.88134612
0.039682567 	0.88572282
0.055555582 	0.89177291
0.071428597 	0.89901076
0.087301612 	0.90597867
0.10317463 	0.91128682
0.11904764 	0.91601661
0.13492066 	0.92036054
0.15079367 	0.92314858
0.16666669 	0.92627485
0.1825397 	0.93052281
0.19841272 	0.9364821
0.21428573 	0.9443222
0.23015875 	0.95221015
0.24603176 	0.95777297
0.26190484 	0.95942719
0.27777785 	0.95697484
0.29365087 	0.95081763
0.30952388 	0.94242721
0.3253969 	0.93757152
0.34126991 	0.94600071
0.35714292 	0.97471775
0.37301594 	1.0112862
0.38888895 	1.0255117
0.40476197 	1.0038424
0.42063499 	0.98213944
0.436508 	1.0100785
0.45238101 	1.0374717
0.46825403 	1.0062525
0.48412704 	1.0250946
0.5 	1.0124546
