/*--------------------------------*- C++ -*----------------------------------*\
| =========                 |                                                 |
| \\      /  F ield         | OpenFOAM: The Open Source CFD Toolbox           |
|  \\    /   O peration     | Version:  2406                                  |
|   \\  /    A nd           | Website:  www.openfoam.com                      |
|    \\/     M anipulation  |                                                 |
\*---------------------------------------------------------------------------*/
FoamFile
{
    version     2.0;
    format      ascii;
    arch        "LSB;label=32;scalar=64";
    class       cellSet;
    location    "constant/polyMesh/sets";
    object      highAspectRatioCells;
}
// * * * * * * * * * * * * * * * * * * * * * * * * * * * * * * * * * * * * * //


11466
(
16434
16435
16436
16437
16438
16439
16440
16441
16442
16443
16444
16445
16446
16447
16448
16449
16450
16451
16452
16453
16454
16533
16534
16535
16536
16537
16538
16539
16540
16541
16542
16543
16544
16545
16546
16547
16548
16549
16550
16551
16552
16553
16632
16633
16634
16635
16636
16637
16638
16639
16640
16641
16642
16643
16644
16645
16646
16647
16648
16649
16650
16651
16652
16731
16732
16733
16734
16735
16736
16737
16738
16739
16740
16741
16742
16743
16744
16745
16746
16747
16748
16749
16750
16751
16830
16831
16832
16833
16834
16835
16836
16837
16838
16839
16840
16841
16842
16843
16844
16845
16846
16847
16848
16849
16850
16929
16930
16931
16932
16933
16934
16935
16936
16937
16938
16939
16940
16941
16942
16943
16944
16945
16946
16947
16948
16949
17028
17029
17030
17031
17032
17033
17034
17035
17036
17037
17038
17039
17040
17041
17042
17043
17044
17045
17046
17047
17048
17127
17128
17129
17130
17131
17132
17133
17134
17135
17136
17137
17138
17139
17140
17141
17142
17143
17144
17145
17146
17147
17226
17227
17228
17229
17230
17231
17232
17233
17234
17235
17236
17237
17238
17239
17240
17241
17242
17243
17244
17245
17246
17325
17326
17327
17328
17329
17330
17331
17332
17333
17334
17335
17336
17337
17338
17339
17340
17341
17342
17343
17344
17345
17424
17425
17426
17427
17428
17429
17430
17431
17432
17433
17434
17435
17436
17437
17438
17439
17440
17441
17442
17443
17444
17523
17524
17525
17526
17527
17528
17529
17530
17531
17532
17533
17534
17535
17536
17537
17538
17539
17540
17541
17542
17543
66760
66761
66762
66763
66764
66765
66766
66767
66768
66769
66770
66771
66772
66773
66774
17622
66775
17623
66776
17624
66777
17625
66778
17626
66779
17627
66780
17628
66781
17629
66782
17630
66783
17631
66784
17632
66785
17633
66786
17634
66787
17635
66788
17636
66789
17637
66790
17638
66791
17639
66792
17640
66793
17641
66794
17642
66795
66796
66797
66798
66799
66800
66801
66802
66803
66804
66805
66806
66807
66808
66809
66810
66811
66812
66813
66814
66815
66816
66817
66818
66819
66820
66821
66822
66823
66824
66825
66826
66827
66828
66829
66830
66831
66832
66833
66834
66835
66836
66837
66838
66839
66840
66841
66842
66843
66844
66845
66846
66847
66848
66849
66850
66851
66852
66853
66854
66855
66856
66857
66858
66859
66860
66861
66862
66863
66864
66865
66866
66867
66868
66869
66870
66871
66872
66873
17721
66874
17722
66875
17723
66876
17724
66877
17725
66878
17726
66879
17727
66880
17728
66881
17729
66882
17730
66883
17731
66884
17732
66885
17733
66886
17734
66887
17735
66888
17736
66889
17737
66890
17738
66891
17739
66892
17740
66893
17741
66894
66895
66896
66897
66898
66899
66900
66901
66902
66903
66904
66905
66906
66907
66908
66909
66910
66911
66912
66913
66914
66915
66916
66917
66918
66919
66920
66921
66922
66923
66924
66925
66926
66927
66928
66929
66930
66931
66932
66933
66934
66935
66936
66937
66938
66939
66940
66941
66942
66943
66944
66945
66946
66947
66948
66949
66950
66951
66952
66953
66954
66955
66956
66957
66958
66959
66960
66961
66962
66963
66964
66965
66966
66967
66968
66969
66970
66971
66972
17820
66973
17821
66974
17822
66975
17823
66976
17824
66977
17825
66978
17826
66979
17827
66980
17828
66981
17829
66982
17830
66983
17831
66984
17832
66985
17833
66986
17834
66987
17835
66988
17836
66989
17837
66990
17838
66991
17839
66992
17840
66993
66994
66995
66996
66997
66998
66999
67000
67001
67002
67003
67004
67005
67006
67007
67008
67009
67010
67011
67012
67013
67014
67015
67016
67017
67018
67019
67020
67021
67022
67023
67024
67025
67026
67027
67028
67029
67030
67031
67032
67033
67034
67035
67036
67037
67038
67039
67040
67041
67042
67043
67044
67045
67046
67047
67048
67049
67050
67051
67052
67053
67054
67055
67056
67057
67058
67059
67060
67061
67062
67063
67064
67065
67066
67067
67068
67069
67070
67071
17919
67072
17920
67073
17921
67074
17922
67075
17923
67076
17924
67077
17925
67078
17926
67079
17927
67080
17928
67081
17929
67082
17930
67083
17931
67084
17932
67085
17933
67086
17934
67087
17935
67088
17936
67089
17937
67090
17938
67091
17939
67092
67093
67094
67095
67096
67097
67098
67099
67100
67101
67102
67103
67104
67105
67106
67107
67108
67109
67110
67111
67112
67113
67114
67115
67116
67117
67118
67119
67120
67121
67122
67123
67124
67125
67126
67127
67128
67129
67130
67131
67132
67133
67134
67135
67136
67137
67138
67139
67140
67141
67142
67143
67144
67145
67146
67147
67148
67149
67150
67151
67152
67153
67154
67155
67156
67157
67158
67159
67160
67161
67162
67163
67164
67165
67166
67167
67168
67169
67170
18018
67171
18019
67172
18020
67173
18021
67174
18022
67175
18023
67176
18024
67177
18025
67178
18026
67179
18027
67180
18028
67181
18029
67182
18030
67183
18031
67184
18032
67185
18033
67186
18034
67187
18035
67188
18036
67189
18037
67190
18038
67191
67192
67193
67194
67195
67196
67197
67198
67199
67200
67201
67202
67203
67204
67205
67206
67207
67208
67209
67210
67211
67212
67213
67214
67215
67216
67217
67218
67219
67220
67221
67222
67223
67224
67225
67226
67227
67228
67229
67230
67231
67232
67233
67234
67235
67236
67237
67238
67239
67240
67241
67242
67243
67244
67245
67246
67247
67248
67249
67250
67251
67252
67253
67254
67255
67256
67257
67258
67259
67260
67261
67262
67263
67264
67265
67266
67267
67268
67269
18117
67270
18118
67271
18119
67272
18120
67273
18121
67274
18122
67275
18123
67276
18124
67277
18125
67278
18126
67279
18127
67280
18128
67281
18129
67282
18130
67283
18131
67284
18132
67285
18133
67286
18134
67287
18135
67288
18136
67289
18137
67290
67291
67292
67293
67294
67295
67296
67297
67298
67299
67300
67301
67302
67303
67304
67305
67306
67307
67308
67309
67310
67311
67312
67313
67314
67315
67316
67317
67318
67319
67320
67321
67322
67323
67324
67325
67326
67327
67328
67329
67330
67331
67332
67333
67334
67335
67336
67337
67338
67339
67340
67341
67342
67343
67344
67345
67346
67347
67348
67349
67350
67351
67352
67353
67354
67355
67356
67357
67358
67359
67360
67361
67362
67363
67364
67365
67366
67367
67368
18216
67369
18217
67370
18218
67371
18219
67372
18220
67373
18221
67374
18222
67375
18223
67376
18224
67377
18225
67378
18226
67379
18227
67380
18228
67381
18229
67382
18230
67383
18231
67384
18232
67385
18233
67386
18234
67387
18235
67388
18236
67389
67390
67391
67392
67393
67394
67395
67396
67397
67398
67399
67400
67401
67402
67403
67404
67405
67406
67407
67408
67409
67410
67411
67412
67413
67414
67415
67416
67417
67418
67419
67420
67421
67422
67423
67424
67425
67426
67427
67428
67429
67430
67431
67432
67433
67434
67435
67436
67437
67438
67439
67440
67441
67442
67443
67444
67445
67446
67447
67448
67449
67450
67451
67452
67453
67454
67455
67456
67457
67458
67459
67460
67461
67462
67463
67464
67465
67466
67467
18315
67468
18316
67469
18317
67470
18318
67471
18319
67472
18320
67473
18321
67474
18322
67475
18323
67476
18324
67477
18325
67478
18326
67479
18327
67480
18328
67481
18329
67482
18330
67483
18331
67484
18332
67485
18333
67486
18334
67487
18335
67488
67489
67490
67491
67492
67493
67494
67495
67496
67497
67498
67499
67500
67501
67502
67503
67504
67505
67506
67507
67508
67509
67510
67511
67512
67513
67514
67515
67516
67517
67518
67519
67520
67521
67522
67523
67524
67525
67526
67527
67528
67529
67530
67531
67532
67533
67534
67535
67536
67537
67538
67539
67540
67541
67542
67543
67544
67545
67546
67547
67548
67549
67550
67551
67552
67553
67554
67555
67556
67557
67558
67559
67560
67561
67562
67563
67564
67565
67566
18414
67567
18415
67568
18416
67569
18417
67570
18418
67571
18419
67572
18420
67573
18421
67574
18422
67575
18423
67576
18424
67577
18425
67578
18426
67579
18427
67580
18428
67581
18429
67582
18430
67583
18431
67584
18432
67585
18433
67586
67587
67588
67589
67590
67591
67592
67593
67594
67595
67596
67597
67598
67599
67600
67601
67602
67603
67604
67605
67606
67607
67608
67609
67610
67611
67612
67613
67614
67615
67616
67617
67618
67619
67620
67621
67622
67623
67624
67625
67626
67627
67628
67629
67630
67631
67632
67633
67634
67635
67636
67637
67638
67639
67640
67641
67642
67643
67644
67645
67646
67647
67648
67649
67650
67651
67652
67653
67654
67655
67656
67657
67658
67659
67660
67661
67662
67663
67664
67665
18513
67666
18514
67667
18515
67668
18516
67669
18517
67670
18518
67671
18519
67672
18520
67673
18521
67674
18522
67675
18523
67676
18524
67677
18525
67678
18526
67679
18527
67680
18528
67681
18529
67682
18530
67683
18531
67684
18532
67685
67686
67687
67688
67689
67690
67691
67692
67693
67694
67695
67696
67697
67698
67699
67700
67701
67702
67703
67704
67705
67706
67707
67708
67709
67710
67711
67712
67713
67714
67715
67716
67717
67718
67719
67720
67721
67722
67723
67724
67725
67726
67727
67728
67729
67730
67731
67732
67733
67734
67735
67736
67737
67738
67739
67740
67741
67742
67743
67744
67745
67746
67747
67748
67749
67750
67751
67752
67753
67754
67755
67756
67757
67758
67759
67760
67761
67762
67763
67764
18612
67765
18613
67766
18614
67767
18615
67768
18616
67769
18617
67770
18618
67771
18619
67772
18620
67773
18621
67774
18622
67775
18623
67776
18624
67777
18625
67778
18626
67779
18627
67780
18628
67781
18629
67782
18630
67783
18631
67784
67785
67786
67787
67788
67789
67790
67791
67792
67793
67794
67795
67796
67797
67798
67799
67800
67801
67802
67803
67804
67805
67806
67807
67808
67809
67810
67811
67812
67813
67814
67815
67816
67817
67818
67819
67820
67821
67822
67823
67824
67825
67826
67827
67828
67829
67830
67831
67832
67833
67834
67835
67836
67837
67838
67839
67840
67841
67842
67843
67844
67845
67846
67847
67848
67849
67850
67851
67852
67853
67854
67855
67856
67857
67858
67859
67860
67861
67862
67863
18711
67864
18712
67865
18713
67866
18714
67867
18715
67868
18716
67869
18717
18718
18719
67872
18720
67873
18721
67874
18722
67875
18723
67876
18724
67877
18725
67878
18726
67879
18727
67880
18728
67881
18729
67882
18730
67883
67884
67885
67886
67887
67888
67889
67890
67891
67892
67893
67894
67895
67896
67897
67898
67899
67900
67901
67902
67903
67904
67905
67906
67907
67908
67909
67910
67911
67912
67913
67914
67915
67916
67917
67918
67919
67920
67921
67922
67923
67924
67925
67926
67927
67928
67929
67930
67931
67932
67933
67934
67935
67936
67937
67938
67939
67940
67941
67949
67950
67951
67952
67953
67954
67955
67956
67957
67958
67959
67960
67961
67962
18810
67963
18811
67964
18812
67965
18813
67966
18814
67967
18815
67968
18816
67969
18817
67970
18818
67971
18819
67972
18820
67973
18821
67974
18822
67975
18823
67976
18824
67977
18825
67978
18826
67979
18827
67980
18828
67981
18829
67982
67983
67984
67985
67986
67987
67988
67989
67990
67991
67992
67993
67994
67995
67996
67997
67998
67999
68000
68001
68002
68003
68004
68005
68006
68007
68008
68009
68010
68011
68012
68028
68029
68030
68031
68032
68033
68034
68035
68036
68037
68038
68039
68040
68041
68042
68043
68044
68045
68046
68047
68048
68049
68050
68051
68052
68053
68054
68055
68056
68057
68058
68059
68060
68061
18909
68062
18910
68063
18911
68064
18912
68065
18913
68066
18914
68067
18915
68068
18916
68069
18917
68070
18918
68071
18919
68072
18920
68073
18921
68074
18922
68075
18923
68076
18924
68077
18925
68078
18926
68079
18927
68080
18928
68081
68109
68110
68111
68112
68113
68114
68115
68116
68117
68118
68119
68120
68121
68122
68123
68124
68125
68126
68127
68128
68129
68130
68131
68132
68133
68134
68135
68136
68137
68138
68139
68140
68141
68142
68143
68144
68145
68146
68147
68148
19008
19009
19010
19011
19012
19013
19014
19015
19016
19017
19018
19019
19020
19021
19022
19023
19024
19025
19026
19027
19107
19108
19109
19110
19111
19112
19113
19114
19115
19116
19117
19118
19119
19120
19121
19122
19123
19124
19125
19126
19206
19207
19208
19209
19210
19211
19212
19213
19214
19215
19216
19217
19218
19219
19220
19221
19222
19223
19224
19225
19305
19306
19307
19308
19309
19310
19311
19312
19313
19314
19315
19316
19317
19318
19319
19320
19321
19322
19323
19324
19404
19405
19406
19407
19408
19409
19410
19411
19412
19413
19414
19415
19416
19417
19418
19419
19420
19421
19422
19423
19503
19504
19505
19506
19507
19508
19509
19510
19511
19512
19513
19514
19515
19516
19517
19518
19519
19520
19521
19522
19602
19603
19604
19605
19606
19607
19608
19609
19610
19611
19612
19613
19614
19615
19616
19617
19618
19619
19620
19621
19701
19702
19703
19704
19705
19706
19707
19708
19709
19710
19711
19712
19713
19714
19715
19716
19717
19718
19719
19720
19800
19801
19802
19803
19804
19805
19806
19807
19808
19809
19810
19811
19812
19813
19814
19815
19816
19817
19818
19819
19899
19900
19901
19902
19903
19904
19905
19906
19907
19908
19909
19910
19911
19912
19913
19914
19915
19916
19917
19918
19998
19999
20000
20001
20002
20003
20004
20005
20006
20007
20008
20009
20010
20011
20012
20013
20014
20015
20016
20017
20097
20098
20099
20100
20101
20102
20103
20104
20105
20106
20107
20108
20109
20110
20111
20112
20113
20114
20115
20196
20197
20198
20199
20200
20201
20202
20203
20204
20205
20206
20207
20208
20209
20210
20211
20212
20213
20214
20295
20296
20297
20298
20299
20300
20301
20302
20303
20304
20305
20306
20307
20308
20309
20310
20311
20312
20313
20394
20395
20396
20397
20398
20399
20400
20401
20402
20403
20404
20405
20406
20407
20408
20409
20410
20411
20412
20493
20494
20495
20496
20497
20498
20499
20500
20501
20502
20503
20504
20505
20506
20507
20508
20509
20510
20511
20592
20593
20594
20595
20596
20597
20598
20599
20600
20601
20602
20603
20604
20605
20606
20607
20608
20609
20610
20691
20692
20693
20694
20695
20696
20697
20698
20699
20700
20701
20702
20703
20704
20705
20706
20707
20708
20709
20790
20791
20792
20793
20794
20795
20796
20797
20798
20799
20800
20801
20802
20803
20804
20805
20806
20807
20808
20889
20890
20891
20892
20893
20894
20895
20896
20897
20898
20899
20900
20901
20902
20903
20904
20905
20906
20907
4563
4564
4565
4566
4567
4568
4569
4570
4571
4572
4573
4574
4575
4576
4577
4578
4579
4580
4581
4582
4583
4584
4585
4586
4587
4588
4589
4590
4591
4592
4593
4594
4595
4596
4597
4598
4599
4600
4601
4602
4603
4604
20988
4605
20989
4606
20990
4607
20991
4608
20992
4609
20993
4610
20994
4611
20995
4612
20996
4613
20997
4614
20998
4615
20999
4616
21000
4617
21001
4618
21002
4619
21003
4620
21004
4621
21005
4622
21006
4623
4624
4625
4626
4627
4628
4629
4630
4631
4632
4633
4634
4635
4636
4637
4638
4639
4640
4641
4642
4643
4644
4645
4646
4647
4648
4649
4650
4651
4652
4653
4654
4655
4656
4657
4658
4659
4660
4661
4662
4663
4664
4665
4666
4667
4668
4669
4670
4671
4672
4673
4674
4675
4676
4677
4678
4679
4680
4681
4682
4683
4684
4685
4686
4687
4688
4689
4690
4691
4692
4693
4694
4695
4696
4697
4698
4699
4700
4701
4702
4703
21087
4704
21088
4705
21089
4706
21090
4707
21091
4708
21092
4709
21093
4710
21094
4711
21095
4712
21096
4713
21097
4714
21098
4715
21099
4716
21100
4717
21101
4718
21102
4719
21103
4720
21104
4721
21105
4722
4723
4724
4725
4726
4727
4728
4729
4730
4731
4732
4733
4734
4735
4736
4737
4738
4739
4740
4741
4742
4743
4744
4745
4746
4747
4748
4749
4750
4751
4752
4753
4754
4755
4756
4757
4758
4759
4760
4761
4762
4763
4764
4765
4766
4767
4768
4769
4770
4771
4772
4773
4774
4775
4776
4777
4778
4779
4780
4781
4782
4783
4784
4785
4786
4787
4788
4789
4790
4791
4792
4793
4794
4795
4796
4797
4798
4799
4800
4801
4802
21186
4803
21187
4804
21188
4805
21189
4806
21190
4807
21191
4808
21192
4809
21193
4810
21194
4811
21195
4812
21196
4813
21197
4814
21198
4815
21199
4816
21200
4817
21201
4818
21202
4819
21203
4820
21204
4821
4822
4823
4824
4825
4826
4827
4828
4829
4830
4831
4832
4833
4834
4835
4836
4837
4838
4839
4840
4841
4842
4843
4844
4845
4846
4847
4848
4849
4850
4851
4852
4853
4854
4855
4856
4857
4858
4859
4860
4861
4862
4863
4864
4865
4866
4867
4868
4869
4870
4871
4872
4873
4874
4875
4876
4877
4878
4879
4880
4881
4882
4883
4884
4885
4886
4887
4888
4889
4890
4891
4892
4893
4894
4895
4896
4897
4898
4899
4900
4901
21285
4902
21286
4903
21287
4904
21288
4905
21289
4906
21290
4907
21291
4908
21292
4909
21293
4910
21294
4911
21295
4912
21296
4913
21297
4914
21298
4915
21299
4916
21300
4917
21301
4918
21302
4919
4920
4921
4922
4923
4924
4925
4926
4927
4928
4929
4930
4931
4932
4933
4934
4935
4936
4937
4938
4939
4940
4941
4942
4943
4944
4945
4946
4947
4948
4949
4950
4951
4952
4953
4954
4955
4956
4957
4958
4959
4960
4961
4962
4963
4964
4965
4966
4967
4968
4969
4970
4971
4972
4973
4974
4975
4976
4977
4978
4979
4980
4981
4982
4983
4984
4985
4986
4987
4988
4989
4990
4991
4992
4993
4994
4995
4996
4997
4998
4999
5000
21384
5001
21385
5002
21386
5003
21387
5004
21388
5005
21389
5006
21390
5007
21391
5008
21392
5009
21393
5010
21394
5011
21395
5012
21396
5013
21397
5014
21398
5015
21399
5016
21400
5017
21401
5018
5019
5020
5021
5022
5023
5024
5025
5026
5027
5028
5029
5030
5031
5032
5033
5034
5035
5036
5037
5038
5039
5040
5041
5042
5043
5044
5045
5046
5047
5048
5049
5050
5051
5052
5053
5054
5055
5056
5057
5058
5059
5060
5061
5062
5063
5064
5065
5066
5067
5068
5069
5070
5071
5072
5073
5074
5075
5076
5077
5078
5079
5080
5081
5082
5083
5084
5085
5086
5087
5088
5089
5090
5091
5092
5093
5094
5095
5096
5097
5098
5099
21483
5100
21484
5101
21485
5102
21486
5103
21487
5104
21488
5105
21489
5106
21490
5107
21491
5108
21492
5109
21493
5110
21494
5111
21495
5112
21496
5113
21497
5114
21498
5115
21499
5116
21500
5117
5118
5119
5120
5121
5122
5123
5124
5125
5126
5127
5128
5129
5130
5131
5132
5133
5134
5135
5136
5137
5138
5139
5140
5141
5142
5143
5144
5145
5146
5147
5148
5149
5150
5151
5152
5153
5154
5155
5156
5157
5158
5159
5160
5161
5162
5163
5164
5165
5166
5167
5168
5169
5170
5171
5172
5173
5174
5175
5176
5177
5178
5179
5180
5181
5182
5183
5184
5185
5186
5187
5188
5189
5190
5191
5192
5193
5194
5195
5196
5197
5198
21582
5199
21583
5200
21584
5201
21585
5202
21586
5203
21587
5204
21588
5205
21589
5206
21590
5207
21591
5208
21592
5209
21593
5210
21594
5211
21595
5212
21596
5213
21597
5214
21598
5215
21599
5216
5217
5218
5219
5220
5221
5222
5223
5224
5225
5226
5227
5228
5229
5230
5231
5232
5233
5234
5235
5236
5237
5238
5239
5240
5241
5242
5243
5244
5245
5246
5247
5248
5249
5250
5251
5252
5253
5254
5255
5256
5257
5258
5259
5260
5261
5262
5263
5264
5265
5266
5267
5268
5269
5270
5271
5272
5273
5274
5275
5276
5277
5278
5279
5280
5281
5282
5283
5284
5285
5286
5287
5288
5289
5290
5291
5292
5293
5294
5295
5296
5297
21681
5298
21682
5299
21683
5300
21684
5301
21685
5302
21686
5303
21687
5304
21688
5305
21689
5306
21690
5307
21691
5308
21692
5309
21693
5310
21694
5311
21695
5312
21696
5313
21697
5314
21698
5315
5316
5317
5318
5319
5320
5321
5322
5323
5324
5325
5326
5327
5328
5329
5330
5331
5332
5333
5334
5335
5336
5337
5338
5339
5340
5341
5342
5343
5344
5345
5346
5347
5348
5349
5350
5351
5352
5353
5354
5355
5356
5357
5358
5359
5360
5361
5362
5363
5364
5365
5366
5367
5368
5369
5370
5371
5372
5373
5374
5375
5376
5377
5378
5379
5380
5381
5382
5383
5384
5385
5386
5387
5388
5389
5390
5391
5392
5393
5394
5395
5396
21780
5397
21781
5398
21782
5399
21783
5400
21784
5401
21785
5402
21786
5403
21787
5404
21788
5405
21789
5406
21790
5407
21791
5408
21792
5409
21793
5410
21794
5411
21795
5412
21796
5413
21797
5414
5415
5416
5417
5418
5419
5420
5421
5422
5423
5424
5425
5426
5427
5428
5429
5430
5431
5432
5433
5434
5435
5436
5437
5438
5439
5440
5441
5442
5443
5444
5445
5446
5447
5448
5449
5450
5451
5452
5453
5454
5455
5456
5457
5458
5459
5460
5461
5462
5463
5464
5465
5466
5467
5468
5469
5470
5471
5472
5473
5474
5475
5476
5477
5478
5479
5480
5481
5482
5483
5484
5485
5486
5487
5488
5489
5490
5491
5492
5493
5494
5495
21879
5496
21880
5497
21881
5498
21882
5499
21883
5500
21884
5501
21885
5502
21886
5503
21887
5504
21888
5505
21889
5506
21890
5507
21891
5508
21892
5509
21893
5510
21894
5511
21895
5512
21896
5513
5514
5515
5516
5517
5518
5519
5520
5521
5522
5523
5524
5525
5526
5527
5528
5529
5530
5531
5532
5533
5534
5535
5536
5537
5538
5539
5540
5541
5542
5543
5544
5545
5546
5547
5548
5549
5550
5551
5552
5553
5554
5555
5556
5557
5558
5559
5560
5561
5562
5563
5564
5565
5566
5567
5568
5569
5570
5571
5572
5573
5574
5575
5576
5577
5578
5579
5580
5581
5582
5583
5584
5585
5586
5587
5588
5589
71126
5590
71127
5591
71128
5592
71129
5593
71130
5594
21978
71131
5595
21979
71132
5596
21980
71133
5597
21981
71134
5598
21982
71135
5599
21983
71136
5600
21984
71137
5601
21985
71138
5602
21986
71139
5603
21987
71140
5604
21988
71141
5605
21989
71142
5606
21990
71143
5607
21991
71144
5608
21992
71145
5609
21993
71146
5610
21994
71147
5611
21995
71148
5612
71149
5613
71150
5614
71151
5615
71152
5616
71153
5617
71154
5618
71155
5619
71156
5620
71157
5621
71158
5622
71159
5623
71160
5624
71161
5625
71162
5626
71163
5627
71164
5628
71165
5629
71166
5630
71167
5631
71168
5632
71169
5633
71170
5634
71171
5635
71172
5636
71173
5637
71174
5638
71175
5639
71176
5640
71177
5641
71178
5642
71179
5643
71180
5644
71181
5645
71182
5646
71183
5647
71184
5648
71185
5649
71186
5650
71187
5651
71188
5652
71189
5653
71190
5654
71191
5655
71192
5656
71193
5657
71194
5658
71195
5659
71196
5660
71197
5661
71198
5662
71199
5663
71200
5664
71201
5665
71202
5666
71203
5667
71204
5668
71205
5669
71206
5670
71207
5671
71208
5672
71209
5673
71210
5674
71211
5675
71212
5676
71213
5677
71214
5678
71215
5679
71216
5680
71217
5681
71218
5682
71219
5683
71220
5684
71221
5685
71222
5686
71223
5687
71224
5688
71225
5689
71226
5690
71227
5691
71228
5692
71229
5693
22077
71230
5694
22078
71231
5695
22079
71232
5696
22080
71233
5697
22081
71234
5698
22082
71235
5699
22083
71236
5700
22084
71237
5701
22085
71238
5702
22086
71239
5703
22087
71240
5704
22088
71241
5705
22089
71242
5706
22090
71243
5707
22091
71244
5708
22092
71245
5709
22093
71246
5710
22094
71247
5711
71248
5712
71249
5713
71250
5714
71251
5715
71252
5716
71253
5717
71254
5718
71255
5719
71256
5720
71257
5721
71258
5722
71259
5723
71260
5724
71261
5725
71262
5726
71263
5727
71264
5728
71265
5729
71266
5730
71267
5731
71268
5732
71269
5733
71270
5734
71271
5735
71272
5736
71273
5737
71274
5738
71275
5739
71276
5740
71277
5741
71278
5742
71279
5743
71280
5744
71281
5745
71282
5746
71283
5747
71284
5748
71285
5749
71286
5750
71287
5751
71288
5752
71289
5753
71290
5754
71291
5755
71292
5756
71293
5757
71294
5758
71295
5759
71296
5760
71297
5761
71298
5762
71299
5763
71300
5764
71301
5765
71302
5766
71303
5767
71304
5768
71305
5769
71306
5770
71307
5771
71308
5772
71309
5773
71310
5774
71311
5775
71312
5776
71313
5777
71314
5778
71315
5779
71316
5780
71317
5781
71318
5782
71319
5783
71320
5784
71321
5785
71322
5786
71323
5787
71324
5788
71325
5789
71326
5790
71327
5791
71328
5792
22176
71329
5793
22177
71330
5794
22178
71331
5795
22179
71332
5796
22180
71333
5797
22181
71334
5798
22182
71335
5799
22183
71336
5800
22184
71337
5801
22185
71338
5802
22186
71339
5803
22187
71340
5804
22188
71341
5805
22189
71342
5806
22190
71343
5807
22191
71344
5808
22192
71345
5809
71346
5810
71347
5811
71348
5812
71349
5813
71350
5814
71351
5815
71352
5816
71353
5817
71354
5818
71355
5819
71356
5820
71357
5821
71358
5822
71359
5823
71360
5824
71361
5825
71362
5826
71363
5827
71364
5828
71365
5829
71366
5830
71367
5831
71368
5832
71369
5833
71370
5834
71371
5835
71372
5836
71373
5837
71374
5838
71375
5839
71376
5840
71377
5841
71378
5842
71379
5843
71380
5844
71381
5845
71382
5846
71383
5847
71384
5848
71385
5849
71386
5850
71387
5851
71388
5852
71389
5853
71390
5854
71391
5855
71392
5856
71393
5857
71394
5858
71395
5859
71396
5860
71397
5861
71398
5862
71399
71400
71401
71402
71403
71404
71405
71406
71407
71408
71409
71410
71411
71412
71413
71414
71415
71416
71417
71418
71419
71420
71421
71422
71423
71424
71425
71426
71427
22275
71428
22276
71429
22277
71430
22278
71431
22279
71432
22280
71433
22281
71434
22282
71435
22283
71436
22284
71437
22285
71438
22286
71439
22287
71440
22288
71441
22289
71442
22290
71443
22291
71444
71445
71446
71447
71448
71449
71450
71451
71452
71453
71454
71455
71456
71457
71458
71459
71460
71461
71462
71463
71464
71465
71466
71467
71468
71469
71470
71471
71472
71473
71474
71475
71476
5940
71477
5941
71478
5942
71479
5943
71480
5944
71481
5945
71482
5946
71483
5947
71484
5948
71485
5949
71486
5950
71487
5951
71488
5952
71489
5953
71490
5954
71491
5955
71492
5956
71493
5957
71494
5958
71495
5959
71496
5960
71497
5961
71498
5962
71499
71500
71501
71502
71503
71504
71505
71506
71507
71508
71509
71510
71511
71512
71513
71514
71515
71516
71517
71518
71519
71520
71521
71522
71523
71524
71525
71526
22374
71527
22375
71528
22376
71529
22377
71530
22378
71531
22379
71532
22380
71533
22381
71534
22382
71535
22383
71536
22384
71537
22385
71538
22386
71539
22387
71540
22388
71541
22389
71542
22390
71543
71544
71545
71546
71547
71548
71549
71550
71551
71552
71553
71554
71555
71556
71557
71558
71559
71560
71561
71562
71563
71564
71565
71566
71567
71568
71569
71570
71571
71572
71573
71574
71575
6039
71576
6040
71577
6041
71578
6042
71579
6043
71580
6044
71581
6045
71582
6046
71583
6047
71584
6048
71585
6049
71586
6050
71587
6051
71588
6052
71589
6053
71590
6054
71591
6055
71592
6056
71593
6057
71594
6058
71595
6059
71596
6060
71597
6061
71598
6062
71599
71600
71601
71602
71603
71604
71605
71606
71607
71608
71609
71610
71611
71612
71613
71614
71615
71616
71617
71618
71619
71620
71621
71622
71623
71624
71625
22473
71626
22474
71627
22475
71628
22476
71629
22477
71630
22478
71631
22479
71632
22480
71633
22481
71634
22482
71635
22483
71636
22484
71637
22485
71638
22486
71639
22487
71640
22488
71641
22489
71642
71643
71644
71645
71646
71647
71648
71649
71650
71651
71652
71653
71654
71655
71656
71657
71658
71659
71660
71661
71662
71663
71664
71665
71666
71667
71668
71669
71670
71671
71672
71673
71674
6138
71675
6139
71676
6140
71677
6141
71678
6142
71679
6143
71680
6144
71681
6145
71682
6146
71683
6147
71684
6148
71685
6149
71686
6150
71687
6151
71688
6152
71689
6153
71690
6154
71691
6155
71692
6156
71693
6157
71694
6158
71695
6159
71696
6160
71697
6161
71698
6162
71699
71700
71701
71702
71703
71704
71705
71706
71707
71708
71709
71710
71711
71712
71713
71714
71715
71716
71717
71718
71719
71720
71721
71722
71723
71724
22572
71725
22573
71726
22574
71727
22575
71728
22576
71729
22577
71730
22578
71731
22579
71732
22580
71733
22581
71734
22582
71735
22583
71736
22584
71737
22585
71738
22586
71739
22587
71740
22588
71741
71742
71743
71744
71745
71746
71747
71748
71749
71750
71751
71752
71753
71754
71755
71756
71757
71758
71759
71760
71761
71762
71763
71764
71765
71766
71767
71768
71769
71770
71771
71772
71773
6237
71774
6238
71775
6239
71776
6240
71777
6241
71778
6242
71779
6243
71780
6244
71781
6245
71782
6246
71783
6247
71784
6248
71785
6249
71786
6250
71787
6251
71788
6252
71789
6253
71790
6254
71791
6255
71792
6256
71793
6257
71794
6258
71795
6259
71796
6260
71797
6261
71798
71799
71800
71801
71802
71803
71804
71805
71806
71807
71808
71809
71810
71811
71812
71813
71814
71815
71816
71817
71818
71819
71820
71821
71822
71823
22671
71824
22672
71825
22673
71826
22674
71827
22675
71828
22676
71829
22677
71830
22678
71831
22679
71832
22680
71833
22681
71834
22682
71835
22683
71836
22684
71837
22685
71838
22686
71839
22687
71840
71841
71842
71843
71844
71845
71846
71847
71848
71849
71850
71851
71852
71853
71854
71855
71856
71857
71858
71859
71860
71861
71862
71863
71864
71865
71866
71867
71868
71869
71870
71871
71872
6336
71873
6337
71874
6338
71875
6339
71876
6340
71877
6341
71878
6342
71879
6343
71880
6344
71881
6345
71882
6346
71883
6347
71884
6348
71885
6349
71886
6350
71887
6351
71888
6352
71889
6353
71890
6354
71891
6355
71892
6356
71893
6357
71894
6358
71895
6359
71896
6360
71897
6361
71898
71899
71900
71901
71902
71903
71904
71905
71906
71907
71908
71909
71910
71911
71912
71913
71914
71915
71916
71917
71918
71919
71920
71921
71922
22770
71923
22771
71924
22772
71925
22773
71926
22774
71927
22775
71928
22776
71929
22777
71930
22778
71931
22779
71932
22780
71933
22781
71934
22782
71935
22783
71936
22784
71937
22785
71938
22786
71939
71940
71941
71942
71943
71944
71945
71946
71947
71948
71949
71950
71951
71952
71953
71954
71955
71956
71957
71958
71959
71960
71961
71962
71963
71964
71965
71966
71967
71968
71969
71970
71971
6435
71972
6436
71973
6437
71974
6438
71975
6439
71976
6440
71977
6441
71978
6442
71979
6443
71980
6444
71981
6445
71982
6446
71983
6447
71984
6448
71985
6449
71986
6450
71987
6451
71988
6452
71989
6453
71990
6454
71991
6455
71992
6456
71993
6457
71994
6458
71995
6459
71996
6460
71997
6461
71998
71999
72000
72001
72002
72003
72004
72005
72006
72007
72008
72009
72010
72011
72012
72013
72014
72015
72016
72017
72018
72019
72020
72021
22869
72022
22870
72023
22871
72024
22872
72025
22873
72026
22874
72027
22875
72028
22876
72029
22877
72030
22878
72031
22879
72032
22880
72033
22881
72034
22882
72035
22883
72036
22884
72037
72038
72039
72040
72041
72042
72043
72044
72045
72046
72047
72048
72049
72050
72051
72052
72053
72054
72055
72056
72057
72058
72059
72060
72061
72062
72063
72064
72065
72066
72067
72068
72069
72070
6534
72071
6535
72072
6536
72073
6537
72074
6538
72075
6539
72076
6540
72077
6541
72078
6542
72079
6543
72080
6544
72081
6545
72082
6546
72083
6547
72084
6548
72085
6549
72086
6550
72087
6551
72088
6552
72089
6553
72090
6554
72091
6555
72092
6556
72093
6557
72094
6558
72095
6559
72096
6560
72097
6561
72098
72099
72100
72101
72102
72103
72104
72105
72106
72107
72108
72109
72110
72111
72112
72113
72114
72115
72116
72117
72118
72119
72120
22968
72121
22969
72122
22970
72123
22971
72124
22972
72125
22973
72126
22974
72127
22975
72128
22976
72129
22977
72130
22978
72131
22979
72132
22980
72133
22981
72134
22982
72135
22983
72136
72137
72138
72139
72140
72141
72142
72143
72144
72145
72146
72147
72148
72149
72150
72151
72152
72153
72154
72155
72156
72157
72158
72159
72160
72161
72162
72163
72164
72165
72166
72167
72168
72169
6633
72170
6634
72171
6635
72172
6636
72173
6637
72174
6638
72175
6639
72176
6640
72177
6641
72178
6642
72179
6643
72180
6644
72181
6645
72182
6646
72183
6647
72184
6648
72185
6649
72186
6650
72187
6651
72188
6652
72189
6653
72190
6654
72191
6655
72192
6656
72193
6657
72194
6658
72195
6659
72196
6660
72197
72198
72199
72200
72201
72202
72203
72204
72205
72206
72207
72208
72209
72210
72211
72212
72213
72214
72215
72216
72217
72218
72219
23067
72220
23068
72221
23069
72222
23070
72223
23071
72224
23072
72225
23073
72226
23074
72227
23075
72228
23076
72229
23077
72230
23078
72231
23079
72232
23080
72233
23081
72234
23082
72235
72238
72239
72240
72241
72242
72243
72244
72245
72246
72247
72248
72249
72250
72251
72252
72253
72254
72255
72256
72257
72258
72259
72260
72261
72262
72263
72264
72265
72266
72267
72268
6732
72269
6733
72270
6734
72271
6735
72272
6736
72273
6737
72274
6738
72275
6739
72276
6740
72277
6741
72278
6742
72279
6743
72280
6744
72281
6745
72282
6746
72283
6747
72284
6748
72285
6749
72286
6750
72287
6751
72288
6752
72289
6753
72290
6754
72291
6755
72292
6756
72293
6757
72294
6758
72295
6759
72296
6760
72297
72298
72299
72300
72301
72302
72303
72304
72305
72306
72307
72315
72316
72317
72318
23166
72319
23167
72320
23168
72321
23169
72322
23170
72323
23171
72324
23172
72325
23173
72326
23174
72327
23175
72328
23176
72329
23177
72330
23178
72331
23179
72332
23180
72333
23181
72334
72335
72336
72337
72338
72339
72340
72341
72342
72343
72344
72345
72346
72347
72348
72349
72350
72351
72352
72353
72354
72355
72356
72357
72358
72359
72360
72361
72362
72363
72364
72365
72366
72367
6831
72368
6832
72369
6833
72370
6834
72371
6835
72372
6836
72373
6837
72374
6838
72375
6839
72376
6840
72377
6841
72378
6842
6843
6844
6845
6846
6847
6848
6849
6850
6851
6852
6853
6854
6855
6856
6857
72394
6858
72395
6859
72396
6860
72397
72398
72399
72400
72401
72402
72403
72404
72405
72406
72407
72408
72409
72410
72411
72412
72413
72414
72415
72416
72417
23265
72418
23266
72419
23267
72420
23268
72421
23269
72422
23270
72423
23271
72424
23272
72425
23273
72426
23274
72427
23275
72428
23276
72429
23277
72430
23278
72431
23279
72432
23280
72433
72434
72435
72436
72437
72438
72439
72440
72441
72442
72443
72444
72445
72446
72447
6930
6931
6932
6933
6934
6935
6936
6937
6938
72475
6939
72476
6940
72477
6941
72478
6942
72479
6943
72480
6944
72481
6945
72482
6946
72483
6947
72484
6948
72485
6949
72486
6950
72487
6951
72488
6952
72489
6953
72490
6954
72491
6955
72492
6956
72493
6957
72494
6958
72495
6959
72496
6960
72497
72498
72499
72500
72501
72502
72503
72504
72505
72506
72507
72508
72509
72510
72511
72512
72513
72514
23364
23365
23366
23367
23368
23369
23370
23371
23372
23373
23374
23375
23376
23377
23378
23379
7029
7030
7031
7032
7033
7034
7035
7036
7037
7038
7039
7040
7041
7042
7043
7044
7045
7046
7047
7048
7049
7050
7051
7052
7053
7054
7055
7056
7057
7058
7059
23463
23464
23465
23466
23467
23468
23469
23470
23471
23472
23473
23474
23475
23476
23477
23478
7128
7129
7130
7131
7132
7133
7134
7135
7136
7137
7138
7139
7140
7141
7142
7143
7144
7145
7146
7147
7148
7149
7150
7151
7152
7153
7154
7155
7156
7157
7158
7159
23562
23563
23564
23565
23566
23567
23568
23569
23570
23571
23572
23573
23574
23575
23576
7227
7228
7229
7230
7231
7232
7233
7234
7235
7236
7237
7238
7239
7240
7241
7242
7243
7244
7245
7246
7247
7248
7249
7250
7251
7252
7253
7254
7255
7256
7257
7258
7259
23661
23662
23663
23664
23665
23666
23667
23668
23669
23670
23671
23672
23673
23674
23675
7326
7327
7328
7329
7330
7331
7332
7333
7334
7335
7336
7337
7338
7339
7340
7341
7342
7343
7344
7345
7346
7347
7348
7349
7350
7351
7352
7353
7354
7355
7356
7357
7358
23760
23761
23762
23763
23764
23765
23766
23767
23768
23769
23770
23771
23772
23773
23774
7425
7426
7427
7428
7429
7430
7431
7432
7433
7434
7435
7436
7437
7438
7439
7440
7441
7442
7443
7444
7445
7446
7447
7448
7449
7450
7451
7452
7453
7454
7455
7456
7457
7458
23859
23860
23861
23862
23863
23864
23865
23866
23867
23868
23869
23870
23871
23872
23873
7524
7525
7526
7527
7528
7529
7530
7531
7532
7533
7534
7535
7536
7537
7538
7539
7540
7541
7542
7543
7544
7545
7546
7547
7548
7549
7550
7551
7552
7553
7554
7555
7556
7557
7558
23958
23959
23960
23961
23962
23963
23964
23965
23966
23967
23968
23969
23970
23971
23972
7623
7624
7625
7626
7627
7628
7629
7630
7631
7632
7633
7634
7635
7636
7637
7638
7639
7640
7641
7642
7643
7644
7645
7646
7647
7648
7649
7650
7651
7652
7653
7654
7655
7656
7657
24057
24058
24059
24060
24061
24062
24063
24064
24065
24066
24067
24068
24069
24070
7722
7723
7724
7725
7726
7727
7728
7729
7730
7731
7732
7733
7734
7735
7736
7737
7738
7739
7740
7741
7742
7743
7744
7745
7746
7747
7748
7749
7750
7751
7752
7753
7754
7755
7756
7757
24156
24157
24158
24159
24160
24161
24162
24163
24164
24165
24166
24167
24168
24169
7821
7822
7823
7824
7825
7826
7827
7828
7829
7830
7831
7832
7833
7834
7835
7836
7837
7838
7839
7840
7841
7842
7843
7844
7845
7846
7847
7848
7849
7850
7851
7852
7853
7854
7855
7856
7857
24255
24256
24257
24258
24259
24260
24261
24262
24263
24264
24265
24266
24267
24268
7920
7921
7922
7923
7924
7925
7926
7927
7928
7929
7930
7931
7932
7933
7934
7935
7936
7937
7938
7939
7940
7941
7942
7943
7944
7945
7946
7947
7948
7949
7950
7951
7952
7953
7954
7955
7956
24354
24355
24356
24357
24358
24359
24360
24361
24362
24363
24364
24365
24366
24367
8019
8020
8021
8022
8023
8024
8025
8026
8027
8028
8029
8030
8031
8032
8033
8034
8035
8036
8037
8038
8039
8040
8041
8042
8043
8044
8045
8046
8047
8048
8049
8050
8051
8052
8053
8054
8055
8056
24453
24454
24455
24456
24457
24458
24459
24460
24461
24462
24463
24464
24465
24466
8118
8119
8120
8121
8122
8123
8124
8125
8126
8127
8128
8129
8130
8131
8132
8133
8134
8135
8136
8137
8138
8139
8140
8141
8142
8143
8144
8145
8146
8147
8148
8149
8150
8151
8152
8153
8154
8155
24552
24553
24554
24555
24556
24557
24558
24559
24560
24561
24562
24563
24564
8217
8218
8219
8220
8221
8222
8223
8224
8225
8226
8227
8228
8229
8230
8231
8232
8233
8234
8235
8236
8237
8238
8239
8240
8241
8242
8243
8244
8245
8246
8247
8248
8249
8250
8251
8252
8253
8254
8255
24651
24652
24653
24654
24655
24656
24657
24658
24659
24660
24661
24662
24663
8316
8317
8318
8319
8320
8321
8322
8323
8324
8325
8326
8327
8328
8329
8330
8331
8332
8333
8334
8335
8336
8337
8338
8339
8340
8341
8342
8343
8344
8345
8346
8347
8348
8349
8350
8351
8352
8353
8354
24750
24751
24752
24753
24754
24755
24756
24757
24758
24759
24760
24761
24762
8415
8416
8417
8418
8419
8420
8421
8422
8423
8424
8425
8426
8427
8428
8429
8430
8431
8432
8433
8434
8435
8436
8437
8438
8439
8440
8441
8442
8443
8444
8445
8446
8447
8448
8449
8450
8451
8452
8453
8454
24849
24850
24851
24852
24853
24854
24855
24856
24857
24858
24859
24860
24861
8514
8515
8516
8517
8518
8519
8520
8521
8522
8523
8524
8525
8526
8527
8528
8529
8530
8531
8532
8533
8534
8535
8536
8537
8538
8539
8540
8541
8542
8543
8544
8545
8546
8547
8548
8549
8550
8551
8552
8553
8613
8614
8615
8616
8617
8618
8619
8620
8621
8622
8623
8624
8625
8626
8627
8628
8629
8630
8631
8632
8633
8634
8635
8636
8637
8638
8639
8640
8641
8642
8643
8644
8645
8646
8647
8648
8649
8650
8651
8652
8653
8712
8713
8714
8715
8716
8717
8718
8719
8720
8721
8722
8723
8724
8725
8726
8727
8728
8729
8730
8731
8732
8733
8734
8735
8736
8737
8738
8739
8740
8741
8742
8743
8744
8745
8746
8747
8748
8749
8750
8751
8752
8811
8812
8813
8814
8815
8816
8817
8818
8819
8820
8821
8822
8823
8824
8825
8826
8827
8828
8829
8830
8831
8832
8833
8834
8835
8836
8837
8838
8839
8840
8841
8842
8843
8844
8845
8846
8847
8848
8849
8850
8851
58028
58029
58030
58031
58032
58033
58034
58035
58036
58037
58038
58039
58040
58041
58042
8910
8911
8912
8913
8914
8915
8916
8917
8918
8919
8920
8921
8922
8923
8924
8925
8926
8927
8928
8929
8930
8931
8932
8933
8934
8935
58087
8936
58088
8937
58089
8938
58090
8939
58091
8940
58092
8941
58093
8942
58094
8943
58095
8944
58096
8945
58097
8946
58098
8947
58099
8948
58100
8949
58101
8950
58146
58147
58148
58149
58150
58151
58152
58153
58154
58155
58156
58157
58158
58159
58160
9009
58161
9010
9011
9012
9013
9014
9015
9016
9017
9018
9019
9020
9021
9022
9023
9024
9025
9026
9027
9028
9029
9030
9031
9032
9033
9034
9035
9036
9037
9038
9039
9040
9041
9042
9043
9044
9045
9046
9047
9048
9049
9050
58205
58206
58207
58208
58209
58210
58211
58212
58213
58214
58215
58216
58217
58218
58219
58220
9108
9109
9110
9111
9112
58264
9113
58265
9114
58266
9115
58267
9116
58268
9117
58269
9118
58270
9119
58271
9120
58272
9121
58273
9122
58274
9123
58275
9124
58276
9125
58277
9126
58278
9127
58279
9128
9129
9130
9131
9132
9133
9134
9135
9136
9137
9138
9139
9140
9141
9142
9143
9144
9145
9146
9147
9148
9149
58323
58324
58325
58326
58327
58328
58329
58330
58331
58332
58333
58334
58335
58336
58337
58338
58339
9207
9208
9209
9210
9211
9212
9213
9214
9215
9216
9217
9218
9219
9220
9221
9222
9223
9224
9225
9226
9227
9228
9229
9230
58382
9231
58383
9232
58384
9233
58385
9234
58386
9235
58387
9236
58388
9237
58389
9238
58390
9239
58391
9240
58392
9241
58393
9242
58394
9243
58395
9244
58396
9245
58397
9246
58398
9247
9248
58441
58442
58443
58444
58445
58446
58447
58448
58449
58450
58451
58452
58453
58454
58455
58456
58457
9306
9307
9308
9309
9310
9311
9312
9313
9314
9315
9316
9317
9318
9319
9320
9321
9322
9323
9324
9325
9326
9327
9328
9329
9330
9331
9332
9333
9334
9335
9336
9337
9338
9339
9340
9341
9342
9343
9344
9345
9346
9347
58500
58501
58502
58503
58504
58505
58506
58507
58508
58509
58510
58511
58512
58513
58514
58515
58516
9405
9406
9407
58559
9408
58560
9409
58561
9410
58562
9411
58563
9412
58564
9413
58565
9414
58566
9415
58567
9416
58568
9417
58569
9418
58570
9419
58571
9420
58572
9421
58573
9422
58574
9423
58575
9424
9425
9426
9427
9428
9429
9430
9431
9432
9433
9434
9435
9436
9437
9438
9439
9440
9441
9442
9443
9444
9445
9446
58618
58619
58620
58621
58622
58623
58624
58625
58626
58627
58628
58629
58630
58631
58632
58633
58634
58635
9504
9505
9506
9507
9508
9509
9510
9511
9512
9513
9514
9515
9516
9517
9518
9519
9520
9521
9522
9523
9524
9525
58677
9526
58678
9527
58679
9528
58680
9529
58681
9530
58682
9531
58683
9532
58684
9533
58685
9534
58686
9535
58687
9536
58688
9537
58689
9538
58690
9539
58691
9540
58692
9541
58693
9542
58694
9543
9544
9545
58736
58737
58738
58739
58740
58741
58742
58743
58744
58745
58746
58747
58748
58749
58750
58751
58752
58753
9603
9604
9605
9606
9607
9608
9609
9610
9611
9612
9613
9614
9615
9616
9617
9618
9619
9620
9621
9622
9623
9624
9625
9626
9627
9628
9629
9630
9631
9632
9633
9634
9635
9636
9637
9638
9639
9640
9641
9642
9643
58795
9644
58796
58797
58798
58799
58800
58801
58802
58803
58804
58805
58806
58807
58808
58809
58810
58811
58812
9702
58854
9703
58855
9704
58856
9705
58857
9706
58858
9707
58859
9708
58860
9709
58861
9710
58862
9711
58863
9712
58864
9713
58865
9714
58866
9715
58867
9716
58868
9717
58869
9718
58870
9719
58871
9720
9721
9722
9723
9724
9725
9726
9727
9728
9729
9730
9731
9732
9733
9734
9735
9736
9737
9738
9739
9740
9741
9742
9743
58913
58914
58915
58916
58917
58918
58919
58920
58921
58922
58923
58924
58925
58926
58927
58928
58929
58930
9801
9802
9803
9804
9805
9806
9807
9808
9809
9810
9811
9812
9813
9814
9815
9816
9817
9818
9819
9820
58972
9821
58973
9822
58974
9823
58975
9824
58976
9825
58977
9826
58978
9827
58979
9828
58980
9829
58981
9830
58982
9831
58983
9832
58984
9833
58985
9834
58986
9835
58987
9836
58988
9837
58989
9838
9839
9840
9841
9842
59031
59032
59033
59034
59035
59036
59037
59038
59039
59040
59041
59042
59043
59044
59045
59046
59047
59048
59049
9900
9901
9902
9903
9904
9905
9906
9907
9908
9909
9910
9911
9912
9913
9914
9915
9916
9917
9918
9919
9920
9921
9922
9923
9924
9925
9926
9927
9928
9929
9930
9931
9932
9933
9934
9935
9936
9937
9938
59090
9939
59091
9940
59092
9941
59093
59094
59095
59096
59097
59098
59099
59100
59101
59102
59103
59104
59105
59106
59107
59108
59149
59150
9999
59151
10000
59152
10001
59153
10002
59154
10003
59155
10004
59156
10005
59157
10006
59158
10007
59159
10008
59160
10009
59161
10010
59162
10011
59163
10012
59164
10013
59165
10014
59166
10015
59167
10016
10017
10018
10019
10020
10021
10022
10023
10024
10025
10026
10027
10028
10029
10030
10031
10032
10033
10034
10035
10036
10037
10038
10039
59208
59209
59210
59211
59212
59213
59214
59215
59216
59217
59218
59219
59220
59221
59222
59223
59224
59225
59226
10098
10099
10100
10101
10102
10103
10104
10105
10106
10107
10108
10109
10110
10111
10112
10113
10114
10115
59267
10116
59268
10117
59269
10118
59270
10119
59271
10120
59272
10121
59273
10122
59274
10123
59275
10124
59276
10125
59277
10126
59278
10127
59279
10128
59280
10129
59281
10130
59282
10131
59283
10132
59284
10133
59285
10134
10135
10136
10137
10138
59326
59327
59328
59329
59330
59331
59332
59333
59334
59335
59336
59337
59338
59339
59340
59341
59342
59343
59344
10197
10198
10199
10200
10201
10202
10203
10204
10205
10206
10207
10208
10209
10210
10211
10212
10213
10214
10215
10216
10217
10218
10219
10220
10221
10222
10223
10224
10225
10226
10227
10228
10229
10230
10231
10232
10233
59385
10234
59386
10235
59387
10236
59388
10237
59389
59390
59391
59392
59393
59394
59395
59396
59397
59398
59399
59400
59401
59402
59403
59444
59445
59446
59447
10296
59448
10297
59449
10298
59450
10299
59451
10300
59452
10301
59453
10302
59454
10303
59455
10304
59456
10305
59457
10306
59458
10307
59459
10308
59460
10309
59461
59462
10310
10311
10312
10313
10314
10315
10316
10317
10318
10319
10320
10321
10322
10323
10324
10325
10326
10327
10328
10329
10330
10331
10332
10333
10334
10335
10336
59503
59504
59505
59506
59507
59508
59509
59510
59511
59512
59513
59514
59515
59516
59517
59518
59519
59520
59521
10395
10396
10397
10398
10399
10400
10401
10402
10403
10404
10405
10406
10407
10408
10409
59562
10410
59563
10411
59564
10412
59565
10413
59566
10414
59567
10415
59568
10416
59569
10417
59570
10418
59571
10419
59572
10420
59573
10421
59574
10422
59575
10423
59576
10424
59577
10425
59578
10426
59579
10427
59580
10428
10429
10430
10431
10432
10433
10434
59621
59622
59623
59624
59625
59626
59627
59628
59629
59630
59631
59632
59633
59634
59635
59636
59637
59638
59639
10494
10495
10496
10497
10498
10499
10500
10501
10502
10503
10504
10505
10506
10507
10508
10509
10510
10511
10512
10513
10514
10515
10516
10517
10518
10519
10520
10521
10522
10523
10524
10525
10526
10527
59680
10528
59681
10529
59682
10530
59683
10531
59684
10532
59685
10533
59686
59687
59688
59689
59690
59691
59692
59693
59694
59695
59696
59697
59698
59739
59740
59741
59742
59743
59744
59745
10593
59746
10594
59747
10595
59748
10596
59749
10597
59750
10598
59751
10599
59752
10600
59753
10601
59754
10602
59755
10603
59756
10604
59757
10605
10606
10607
10608
10609
10610
10611
10612
10613
10614
10615
10616
10617
10618
10619
10620
10621
10622
10623
10624
10625
10626
10627
10628
10629
10630
10631
59798
59799
59800
59801
59802
59803
59804
59805
59806
59807
59808
59809
59810
59811
59812
59813
59814
59815
59816
10692
10693
10694
10695
10696
10697
10698
10699
10700
10701
10702
10703
10704
59857
10705
59858
10706
59859
10707
59860
10708
59861
10709
59862
10710
59863
10711
59864
10712
59865
10713
59866
10714
59867
10715
59868
10716
59869
10717
59870
10718
59871
10719
59872
10720
59873
10721
59874
10722
59875
10723
10724
10725
10726
10727
10728
10729
10730
59916
59917
59918
59919
59920
59921
59922
59923
59924
59925
59926
59927
59928
59929
59930
59931
59932
59933
59934
10791
10792
10793
10794
10795
10796
10797
10798
10799
10800
10801
10802
10803
10804
10805
10806
10807
10808
10809
10810
10811
10812
10813
10814
10815
10816
10817
10818
10819
10820
10821
10822
59975
10823
59976
10824
59977
10825
59978
10826
59979
10827
59980
10828
59981
59982
59983
59984
59985
59986
59987
59988
59989
59990
59991
59992
59993
60034
60035
60036
60037
60038
60039
60040
60041
60042
10890
60043
10891
60044
10892
60045
10893
60046
10894
60047
10895
60048
10896
60049
10897
60050
10898
60051
10899
60052
10900
10901
10902
10903
10904
10905
10906
10907
10908
10909
10910
10911
10912
10913
10914
10915
10916
10917
10918
10919
10920
10921
10922
10923
10924
10925
10926
10927
60093
60094
60095
60096
60097
60098
60099
60100
60101
60102
60103
60104
60105
60106
60107
60108
60109
60110
60111
10989
10990
10991
10992
10993
10994
10995
10996
10997
10998
10999
60152
11000
60153
11001
60154
11002
60155
11003
60156
11004
60157
11005
60158
11006
60159
11007
60160
11008
60161
11009
60162
11010
60163
11011
60164
11012
60165
11013
60166
11014
60167
11015
60168
11016
60169
11017
60170
11018
11019
11020
11021
11022
11023
11024
11025
60211
60212
60213
60214
60215
60216
60217
60218
60219
60220
60221
60222
60223
60224
60225
60226
60227
60228
60229
11088
11089
11090
11091
11092
11093
11094
11095
11096
11097
11098
11099
11100
11101
11102
11103
11104
11105
11106
11107
11108
11109
11110
11111
11112
11113
11114
11115
11116
11117
60270
11118
60271
11119
60272
11120
60273
11121
60274
11122
60275
11123
60276
11124
60277
60278
60279
60280
60281
60282
60283
60284
60285
60286
60287
60288
60329
60330
60331
60332
60333
60334
60335
60336
60337
60338
60339
11187
60340
11188
60341
11189
60342
11190
60343
11191
60344
11192
60345
11193
60346
11194
60347
11195
11196
11197
11198
11199
11200
11201
11202
11203
11204
11205
11206
11207
11208
11209
11210
11211
11212
11213
11214
11215
11216
11217
11218
11219
11220
11221
11222
60388
60389
60390
60391
60392
60393
60394
60395
60396
60397
60398
60399
60400
60401
60402
60403
60404
60405
60406
11286
11287
11288
11289
11290
11291
11292
11293
11294
60447
11295
60448
11296
60449
11297
60450
11298
60451
11299
60452
11300
60453
11301
60454
11302
60455
11303
60456
11304
60457
11305
60458
11306
60459
11307
60460
11308
60461
11309
60462
11310
60463
11311
60464
11312
60465
11313
11314
11315
11316
11317
11318
11319
11320
60506
60507
60508
60509
60510
60511
60512
60513
60514
60515
60516
60517
60518
60519
60520
60521
60522
60523
60524
11385
11386
11387
11388
11389
11390
11391
11392
11393
11394
11395
11396
11397
11398
11399
11400
11401
11402
11403
11404
11405
11406
11407
11408
11409
11410
11411
11412
60565
11413
60566
11414
60567
11415
60568
11416
60569
11417
60570
11418
60571
11419
60572
60573
60574
60575
60576
60577
60578
60579
60580
60581
60582
60583
60624
60625
60626
60627
60628
60629
60630
60631
60632
60633
60634
60635
60636
11484
60637
11485
60638
11486
60639
11487
60640
11488
60641
11489
60642
11490
11491
11492
11493
11494
11495
11496
11497
11498
11499
11500
11501
11502
11503
11504
11505
11506
11507
11508
11509
11510
11511
11512
11513
11514
11515
11516
11517
60683
60684
60685
60686
60687
60688
60689
60690
60691
60692
60693
60694
60695
60696
60697
60698
60699
60700
60701
11583
11584
11585
11586
11587
11588
11589
60742
11590
60743
11591
60744
11592
60745
11593
60746
11594
60747
11595
60748
11596
60749
11597
60750
11598
60751
11599
60752
11600
60753
11601
60754
11602
60755
11603
60756
11604
60757
11605
60758
11606
60759
11607
60760
11608
11609
11610
11611
11612
11613
11614
11615
60801
60802
60803
60804
60805
60806
60807
60808
60809
60810
60811
60812
60813
60814
60815
60816
60817
60818
60819
11682
11683
11684
11685
11686
11687
11688
11689
11690
11691
11692
11693
11694
11695
11696
11697
11698
11699
11700
11701
11702
11703
11704
11705
11706
11707
60860
11708
60861
11709
60862
11710
60863
11711
60864
11712
60865
11713
60866
11714
60867
60868
60869
60870
60871
60872
60873
60874
60875
60876
60877
60878
60919
60920
60921
60922
60923
60924
60925
60926
60927
60928
60929
60930
60931
60932
60933
11781
60934
11782
60935
11783
60936
11784
60937
11785
11786
11787
11788
11789
11790
11791
11792
11793
11794
11795
11796
11797
11798
11799
11800
11801
11802
11803
11804
11805
11806
11807
11808
11809
11810
11811
11812
60978
60979
60980
60981
60982
60983
60984
60985
60986
60987
60988
60989
60990
60991
60992
60993
60994
60995
60996
11880
11881
11882
11883
11884
61037
11885
61038
11886
61039
11887
61040
11888
61041
11889
61042
11890
61043
11891
61044
11892
61045
11893
61046
11894
61047
11895
61048
11896
61049
11897
61050
11898
61051
11899
61052
11900
61053
11901
61054
11902
61055
11903
11904
11905
11906
11907
11908
11909
11910
61096
61097
61098
61099
61100
61101
61102
61103
61104
61105
61106
61107
61108
61109
61110
61111
61112
61113
61114
11979
11980
11981
11982
11983
11984
11985
11986
11987
11988
11989
11990
11991
11992
11993
11994
11995
11996
11997
11998
11999
12000
12001
12002
61155
12003
61156
12004
61157
12005
61158
12006
61159
12007
61160
12008
61161
12009
61162
61163
61164
61165
61166
61167
61168
61169
61170
61171
61172
61173
61214
61215
61216
61217
61218
61219
61220
61221
61222
61223
61224
61225
61226
61227
61228
61229
61230
12078
61231
12079
61232
12080
12081
12082
12083
12084
12085
12086
12087
12088
12089
12090
12091
12092
12093
12094
12095
12096
12097
12098
12099
12100
12101
12102
12103
12104
12105
12106
12107
61273
61274
61275
61276
61277
61278
61279
61280
61281
61282
61283
61284
61285
61286
61287
61288
61289
61290
61291
12177
12178
12179
61332
12180
61333
12181
61334
12182
61335
12183
61336
12184
61337
12185
61338
12186
61339
12187
61340
12188
61341
12189
61342
12190
61343
12191
61344
12192
61345
12193
61346
12194
61347
12195
61348
12196
61349
12197
61350
12198
12199
12200
12201
12202
12203
12204
12205
61391
61392
61393
61394
61395
61396
61397
61398
61399
61400
61401
61402
61403
61404
61405
61406
61407
61408
12276
12277
12278
12279
12280
12281
12282
12283
12284
12285
12286
12287
12288
12289
12290
12291
12292
12293
12294
12295
12296
12297
61450
12298
61451
12299
61452
12300
61453
12301
61454
12302
61455
12303
61456
61457
61458
61459
61460
61461
61462
61463
61464
61465
61466
61467
61509
61510
61511
61512
61513
61514
61515
61516
61517
61518
61519
61520
61521
61522
61523
61524
61525
61526
12375
12376
12377
12378
12379
12380
12381
12382
12383
12384
12385
12386
12387
12388
12389
12390
12391
12392
12393
12394
12395
12396
12397
12398
12399
12400
12401
12402
61568
61569
61570
61571
61572
61573
61574
61575
61576
61577
61578
61579
61580
61581
61582
61583
61584
61585
12474
61627
12475
61628
12476
61629
12477
61630
12478
61631
12479
61632
12480
61633
12481
61634
12482
61635
12483
61636
12484
61637
12485
61638
12486
61639
12487
61640
12488
61641
12489
61642
12490
61643
12491
61644
12492
12493
12494
12495
12496
12497
12498
12499
12500
61686
61687
61688
61689
61690
61691
61692
61693
61694
61695
61696
61697
61698
61699
61700
61701
61702
61703
12573
12574
12575
12576
12577
12578
12579
12580
12581
12582
12583
12584
12585
12586
12587
12588
12589
12590
12591
12592
61745
12593
61746
12594
61747
12595
61748
12596
61749
12597
61750
12598
61751
61752
61753
61754
61755
61756
61757
61758
61759
61760
61761
61762
61804
61805
61806
61807
61808
61809
61810
61811
61812
61813
61814
61815
61816
61817
61818
61819
61820
12672
12673
12674
12675
12676
12677
12678
12679
12680
12681
12682
12683
12684
12685
12686
12687
12688
12689
12690
12691
12692
12693
12694
12695
12696
61863
61864
61865
61866
61867
61868
61869
61870
61871
61872
61873
61874
61875
61876
61877
61878
61879
61922
61923
12771
61924
12772
61925
12773
61926
12774
61927
12775
61928
12776
61929
12777
61930
12778
61931
12779
61932
12780
61933
12781
61934
12782
61935
12783
61936
12784
61937
12785
61938
12786
12787
12788
12789
12790
12791
12792
12793
12794
12795
61981
61982
61983
61984
61985
61986
61987
61988
61989
61990
61991
61992
61993
61994
61995
61996
61997
12870
12871
12872
12873
12874
12875
12876
12877
12878
12879
12880
12881
12882
12883
12884
12885
12886
12887
62040
12888
62041
12889
62042
12890
62043
12891
62044
12892
62045
12893
62046
62047
62048
62049
62050
62051
62052
62053
62054
62055
62056
62099
62100
62101
62102
62103
62104
62105
62106
62107
62108
62109
62110
62111
62112
62113
62114
12969
12970
12971
12972
12973
12974
12975
12976
12977
12978
12979
12980
12981
12982
12983
12984
12985
12986
12987
12988
12989
12990
12991
62158
62159
62160
62161
62162
62163
62164
62165
62166
62167
62168
62169
62170
62171
62172
62173
62217
62218
62219
62220
13068
62221
13069
62222
13070
62223
13071
62224
13072
62225
13073
62226
13074
62227
13075
62228
13076
62229
13077
62230
13078
62231
13079
62232
13080
13081
13082
13083
13084
13085
13086
13087
13088
13089
62276
62277
62278
62279
62280
62281
62282
62283
62284
62285
62286
62287
62288
62289
62290
13167
13168
13169
13170
13171
13172
13173
13174
13175
13176
13177
13178
13179
13180
13181
13182
62335
13183
62336
13184
62337
13185
62338
13186
62339
13187
62340
13188
62341
62342
62343
62344
62345
62346
62347
62348
62349
62394
62395
62396
62397
62398
62399
62400
62401
62402
62403
62404
62405
62406
62407
62408
62409
62410
62411
62412
62413
62414
62415
62416
62417
62418
13266
62419
13267
62420
13268
62421
13269
62422
13270
62423
13271
62424
13272
62425
13273
62426
13274
62427
13275
62428
13276
62429
13277
62430
13278
62431
13279
62432
13280
62433
13281
62434
13282
62435
13283
62436
13284
62437
13285
62438
13286
62439
13287
62440
62441
62442
62443
62444
62445
62446
62447
62448
62449
62450
62451
62452
62453
62454
62455
62456
62457
62458
62459
62460
62461
62462
62463
62464
62465
62466
62467
62468
62469
62470
62471
62472
62473
62474
62475
62476
62477
62478
62479
62480
62481
62482
62483
62484
62485
62486
62487
62488
62489
62490
62491
62492
62493
62494
62495
62496
62497
62498
62499
62500
62501
62502
62503
62504
62505
62506
62507
62508
62509
62510
62511
62512
62513
62514
62515
62516
62517
13365
62518
13366
62519
13367
62520
13368
62521
13369
62522
13370
62523
13371
62524
13372
62525
13373
62526
13374
62527
13375
62528
13376
62529
13377
62530
13378
62531
13379
62532
13380
62533
13381
62534
13382
62535
13383
62536
13384
62537
13385
62538
13386
62539
62540
62541
62542
62543
62544
62545
62546
62547
62548
62549
62550
62551
62552
62553
62554
62555
62556
62557
62558
62559
62560
62561
62562
62563
62564
62565
62566
62567
62568
62569
62570
62571
62572
62573
62574
62575
62576
62577
62578
62579
62580
62581
62582
62583
62584
62585
62586
62587
62588
62589
62590
62591
62592
62593
62594
62595
62596
62597
62598
62599
62600
62601
62602
62603
62604
62605
62606
62607
62608
62609
62610
62611
62612
62613
62614
62615
62616
13464
62617
13465
62618
13466
62619
13467
62620
13468
62621
13469
62622
13470
62623
13471
62624
13472
62625
13473
62626
13474
62627
13475
62628
13476
62629
13477
62630
13478
62631
13479
62632
13480
62633
13481
62634
13482
62635
13483
62636
13484
62637
13485
62638
62639
62640
62641
62642
62643
62644
62645
62646
62647
62648
62649
62650
62651
62652
62653
62654
62655
62656
62657
62658
62659
62660
62661
62662
62663
62664
62665
62666
62667
62668
62669
62670
62671
62672
62673
62674
62675
62676
62677
62678
62679
62680
62681
62682
62683
62684
62685
62686
62687
62688
62689
62690
62691
62692
62693
62694
62695
62696
62697
62698
62699
62700
62701
62702
62703
62704
62705
62706
62707
62708
62709
62710
62711
62712
62713
62714
62715
13563
62716
13564
62717
13565
62718
13566
62719
13567
62720
13568
62721
13569
62722
13570
62723
13571
62724
13572
62725
13573
62726
13574
62727
13575
62728
13576
62729
13577
62730
13578
62731
13579
62732
13580
62733
13581
62734
13582
62735
13583
62736
13584
62737
62738
62739
62740
62741
62742
62743
62744
62745
62746
62747
62748
62749
62750
62751
62752
62753
62754
62755
62756
62757
62758
62759
62760
62761
62762
62763
62764
62765
62766
62767
62768
62769
62770
62771
62772
62773
62774
62775
62776
62777
62778
62779
62780
62781
62782
62783
62784
62785
62786
62787
62788
62789
62790
62791
62792
62793
62794
62795
62796
62797
62798
62799
62800
62801
62802
62803
62804
62805
62806
62807
62808
62809
62810
62811
62812
62813
62814
13662
62815
13663
62816
13664
62817
13665
62818
13666
62819
13667
62820
13668
62821
13669
62822
13670
62823
13671
62824
13672
62825
13673
62826
13674
62827
13675
62828
13676
62829
13677
62830
13678
62831
13679
62832
13680
62833
13681
62834
13682
62835
13683
62836
62837
62838
62839
62840
62841
62842
62843
62844
62845
62846
62847
62848
62849
62850
62851
62852
62853
62854
62855
62856
62857
62858
62859
62860
62861
62862
62863
62864
62865
62866
62867
62868
62869
62870
62871
62872
62873
62874
62875
62876
62877
62878
62879
62880
62881
62882
62883
62884
62885
62886
62887
62888
62889
62890
62891
62892
62893
62894
62895
62896
62897
62898
62899
62900
62901
62902
62903
62904
62905
62906
62907
62908
62909
62910
62911
62912
62913
13761
62914
13762
62915
13763
62916
13764
62917
13765
62918
13766
62919
13767
62920
13768
62921
13769
62922
13770
62923
13771
62924
13772
62925
13773
62926
13774
62927
13775
62928
13776
62929
13777
62930
13778
62931
13779
62932
13780
62933
13781
62934
13782
62935
62936
62937
62938
62939
62940
62941
62942
62943
62944
62945
62946
62947
62948
62949
62950
62951
62952
62953
62954
62955
62956
62957
62958
62959
62960
62961
62962
62963
62964
62965
62966
62967
62968
62969
62970
62971
62972
62973
62974
62975
62976
62977
62978
62979
62980
62981
62982
62983
62984
62985
62986
62987
62988
62989
62990
62991
62992
62993
62994
62995
62996
62997
62998
62999
63000
63001
63002
63003
63004
63005
63006
63007
63008
63009
63010
63011
63012
13860
63013
13861
63014
13862
63015
13863
63016
13864
63017
13865
63018
13866
63019
13867
63020
13868
63021
13869
63022
13870
63023
13871
63024
13872
63025
13873
63026
13874
63027
13875
63028
13876
63029
13877
63030
13878
63031
13879
63032
13880
63033
13881
63034
63035
63036
63037
63038
63039
63040
63041
63042
63043
63044
63045
63046
63047
63048
63049
63050
63051
63052
63053
63054
63055
63056
63057
63058
63059
63060
63061
63062
63063
63064
63065
63066
63067
63068
63069
63070
63071
63072
63073
63074
63075
63076
63077
63078
63079
63080
63081
63082
63083
63084
63085
63086
63087
63088
63089
63090
63091
63092
63093
63094
63095
63096
63097
63098
63099
63100
63101
63102
63103
63104
63105
63106
63107
63108
63109
63110
63111
13959
63112
13960
63113
13961
63114
13962
63115
13963
63116
13964
63117
13965
63118
13966
63119
13967
63120
13968
63121
13969
63122
13970
63123
13971
63124
13972
63125
13973
63126
13974
63127
13975
63128
13976
63129
13977
63130
13978
63131
13979
63132
13980
63133
63134
63135
63136
63137
63138
63139
63140
63141
63142
63143
63144
63145
63146
63147
63148
63149
63150
63151
63152
63153
63154
63155
63156
63157
63158
63159
63160
63161
63162
63163
63164
63165
63166
63167
63168
63169
63170
63171
63172
63173
63174
63175
63176
63177
63178
63179
63180
63181
63182
63183
63184
63185
63186
63187
63188
63189
63190
63191
63192
63193
63194
63195
63196
63197
63198
63199
63200
63201
63202
63203
63204
63205
63206
63207
63208
63209
63210
14058
63211
14059
63212
14060
63213
14061
63214
14062
63215
14063
63216
14064
63217
14065
63218
14066
63219
14067
63220
14068
63221
14069
63222
14070
63223
14071
63224
14072
63225
14073
63226
14074
63227
14075
63228
14076
63229
14077
63230
14078
63231
14079
63232
63233
63234
63235
63236
63237
63238
63239
63240
63241
63242
63243
63244
63245
63246
63247
63248
63249
63250
63251
63252
63253
63254
63255
63256
63257
63258
63259
63260
63261
63262
63263
63264
63265
63266
63267
63268
63269
63270
63271
63272
63273
63274
63275
63276
63277
63278
63279
63280
63281
63282
63283
63284
63285
63286
63287
63288
63289
63290
63291
63292
63293
63294
63295
63296
63297
63298
63299
63300
63301
63302
63303
63304
63305
63306
63307
63308
63309
14157
63310
14158
63311
14159
63312
14160
63313
14161
63314
14162
63315
14163
63316
14164
63317
14165
63318
14166
63319
14167
63320
14168
63321
14169
63322
14170
63323
14171
63324
14172
63325
14173
63326
14174
63327
14175
63328
14176
63329
14177
63330
14178
63331
63332
63333
63334
63335
63336
63337
63338
63339
63340
63341
63342
63343
63344
63345
63346
63347
63348
63349
63350
63351
63352
63353
63354
63355
63356
63357
63358
63359
63360
63361
63362
63363
63364
63365
63366
63367
63368
63369
63370
63371
63372
63373
63374
63375
63376
63377
63378
63379
63380
63381
63382
63383
63384
63385
63386
63387
63388
63389
63390
63391
63392
63393
63394
63395
63396
63397
63398
63399
63400
63401
63402
63403
63404
63405
63406
63407
63408
14256
63409
14257
63410
14258
63411
14259
63412
14260
63413
14261
63414
14262
63415
14263
63416
14264
63417
14265
63418
14266
63419
14267
63420
14268
63421
14269
63422
14270
63423
14271
63424
14272
63425
14273
63426
14274
63427
14275
63428
14276
63429
14277
63430
63431
63432
63433
63434
63435
63436
63437
63438
63439
63440
63441
63442
63443
63444
63445
63446
63447
63448
63449
63450
63451
63452
63453
63454
63455
63456
63457
63458
63459
63460
63461
63462
63463
63464
63465
63466
63467
63468
63469
63470
63471
63472
63473
63474
63475
63476
63477
63478
63479
63480
63481
63482
63483
63484
63485
63486
63487
63488
63489
63490
63491
63492
63493
63494
63495
63496
63497
63498
63499
63500
63501
63502
63503
63506
63507
14355
63508
14356
63509
14357
63510
14358
63511
14359
63512
14360
63513
14361
63514
14362
63515
14363
63516
14364
63517
14365
63518
14366
63519
14367
63520
14368
63521
14369
63522
14370
63523
14371
63524
14372
63525
14373
63526
14374
63527
14375
63528
14376
63529
63530
63531
63532
63533
63534
63535
63536
63537
63538
63539
63540
63541
63542
63543
63544
63545
63546
63547
63548
63549
63550
63551
63552
63553
63554
63555
63556
63557
63558
63559
63560
63561
63562
63563
63564
63565
63566
63567
63568
63569
63570
63571
63572
63573
63574
63575
63583
63584
63585
63586
63587
63588
63589
63590
63591
63592
63593
63594
63595
63596
63597
63598
63599
63600
63601
63602
63603
63604
63605
63606
14454
63607
14455
63608
14456
63609
14457
63610
14458
63611
14459
63612
14460
63613
14461
63614
14462
63615
14463
63616
14464
63617
14465
63618
14466
63619
14467
63620
14468
63621
14469
63622
14470
63623
14471
63624
14472
63625
14473
63626
14474
63627
14475
63628
63629
63630
63631
63632
63633
63634
63635
63636
63637
63638
63639
63640
63641
63642
63643
63644
63645
63646
63662
63663
63664
63665
63666
63667
63668
63669
63670
63671
63672
63673
63674
63675
63676
63677
63678
63679
63680
63681
63682
63683
63684
63685
63686
63687
63688
63689
63690
63691
63692
63693
63694
63695
63696
63697
63698
63699
63700
63701
63702
63703
63704
63705
14553
63706
14554
63707
14555
63708
14556
63709
14557
63710
14558
63711
14559
63712
14560
63713
14561
63714
14562
63715
14563
14564
14565
14566
14567
14568
14569
14570
14571
14572
14573
14574
63743
63744
63745
63746
63747
63748
63749
63750
63751
63752
63753
63754
63755
63756
63757
63758
63759
63760
63761
63762
63763
63764
63765
63766
63767
63768
63769
63770
63771
63772
63773
63774
63775
63776
63777
63778
63779
63780
63781
63782
14652
14653
14654
14655
14656
14657
14658
14659
14660
14661
14662
14663
14664
14665
14666
14667
14668
14669
14670
14671
14672
14673
14751
14752
14753
14754
14755
14756
14757
14758
14759
14760
14761
14762
14763
14764
14765
14766
14767
14768
14769
14770
14771
14772
14850
14851
14852
14853
14854
14855
14856
14857
14858
14859
14860
14861
14862
14863
14864
14865
14866
14867
14868
14869
14870
14871
14949
14950
14951
14952
14953
14954
14955
14956
14957
14958
14959
14960
14961
14962
14963
14964
14965
14966
14967
14968
14969
14970
15048
15049
15050
15051
15052
15053
15054
15055
15056
15057
15058
15059
15060
15061
15062
15063
15064
15065
15066
15067
15068
15069
15147
15148
15149
15150
15151
15152
15153
15154
15155
15156
15157
15158
15159
15160
15161
15162
15163
15164
15165
15166
15167
15168
15246
15247
15248
15249
15250
15251
15252
15253
15254
15255
15256
15257
15258
15259
15260
15261
15262
15263
15264
15265
15266
15267
15345
15346
15347
15348
15349
15350
15351
15352
15353
15354
15355
15356
15357
15358
15359
15360
15361
15362
15363
15364
15365
15366
15444
15445
15446
15447
15448
15449
15450
15451
15452
15453
15454
15455
15456
15457
15458
15459
15460
15461
15462
15463
15464
15465
15543
15544
15545
15546
15547
15548
15549
15550
15551
15552
15553
15554
15555
15556
15557
15558
15559
15560
15561
15562
15563
15564
15642
15643
15644
15645
15646
15647
15648
15649
15650
15651
15652
15653
15654
15655
15656
15657
15658
15659
15660
15661
15662
15663
15741
15742
15743
15744
15745
15746
15747
15748
15749
15750
15751
15752
15753
15754
15755
15756
15757
15758
15759
15760
15761
15762
15840
15841
15842
15843
15844
15845
15846
15847
15848
15849
15850
15851
15852
15853
15854
15855
15856
15857
15858
15859
15860
15939
15940
15941
15942
15943
15944
15945
15946
15947
15948
15949
15950
15951
15952
15953
15954
15955
15956
15957
15958
15959
16038
16039
16040
16041
16042
16043
16044
16045
16046
16047
16048
16049
16050
16051
16052
16053
16054
16055
16056
16057
16058
16137
16138
16139
16140
16141
16142
16143
16144
16145
16146
16147
16148
16149
16150
16151
16152
16153
16154
16155
16156
16157
16236
16237
16238
16239
16240
16241
16242
16243
16244
16245
16246
16247
16248
16249
16250
16251
16252
16253
16254
16255
16256
16335
16336
16337
16338
16339
16340
16341
16342
16343
16344
16345
16346
16347
16348
16349
16350
16351
16352
16353
16354
16355
)


// ************************************************************************* //
