/*--------------------------------*- C++ -*----------------------------------*\
| =========                 |                                                 |
| \\      /  F ield         | OpenFOAM: The Open Source CFD Toolbox           |
|  \\    /   O peration     | Version:  2406                                  |
|   \\  /    A nd           | Website:  www.openfoam.com                      |
|    \\/     M anipulation  |                                                 |
\*---------------------------------------------------------------------------*/
FoamFile
{
    version     2.0;
    format      ascii;
    arch        "LSB;label=32;scalar=64";
    class       faceSet;
    location    "constant/polyMesh/sets";
    object      nonOrthoFaces;
}
// * * * * * * * * * * * * * * * * * * * * * * * * * * * * * * * * * * * * * //


12747
(
212992
212993
212994
212995
212996
212997
212998
212999
213000
213001
213067
213069
213070
213071
213072
213073
213074
213075
213076
213077
213078
213079
213080
213081
213082
213083
213084
213085
213086
213087
213088
213089
213090
213091
213092
213093
213094
213095
213096
213097
213098
213099
213100
213101
213102
213103
213104
213105
213106
213107
213108
213109
213110
213111
213112
213113
213114
213115
213116
213117
213118
213119
213120
213121
213122
213123
213124
213125
213126
213127
213128
213129
213130
213131
213132
213133
213134
213135
213136
213137
213138
213139
213140
213141
213142
213143
213144
213145
213146
213147
213148
213149
213150
213151
213152
213153
213154
213155
213156
213157
213158
213159
213160
213161
213162
213163
213164
213165
213166
213167
213168
213169
213170
213171
213172
213173
213174
213175
213176
213177
213178
213179
213180
213181
213182
213183
213184
213185
213186
213187
213188
213189
213190
213191
213192
213193
213194
213195
213196
213197
213198
213199
213200
213201
213202
213203
213204
213205
213206
213207
213208
213209
213210
213211
213212
213213
213214
213215
213216
213217
213218
213219
213220
213221
213222
213223
213224
213225
213226
213227
213228
213229
213230
213231
213232
213233
213234
213235
213236
213237
213238
213239
213240
213241
213242
213243
213244
213245
213246
213247
213248
213249
213250
213251
213252
213253
213254
213255
213256
213257
213258
213259
213260
213261
213262
213263
213264
213265
213266
213267
213268
213269
213270
213271
213272
213273
213274
213275
213276
213277
213278
213279
213280
213281
213282
213283
213284
213285
213286
213287
213288
213289
213290
213291
213292
213293
213294
213295
213296
213297
213298
213299
213300
213301
213302
213303
213304
213305
213306
213307
213308
213309
213310
213311
213312
213313
213314
213315
213316
213317
213318
213319
213320
213321
213322
213323
213324
213325
213326
213327
213328
213329
213330
213331
213332
213333
213334
213335
213336
213337
213338
213339
213340
213341
213342
213343
213344
213345
213346
213347
213348
213349
213350
213351
213352
213353
213354
213355
213356
213357
213358
213359
213360
213361
213362
213363
213364
213365
213366
213367
213368
213369
213370
213371
213372
213373
213374
213375
213376
213377
213378
213379
213380
213381
213382
213383
213384
213385
213386
213387
213388
213389
213390
213391
213392
213393
213394
213395
213396
213397
213398
213464
213466
213467
213468
213469
213470
213471
213472
213473
213474
213475
213476
213477
213478
213479
213480
213481
213482
213483
213484
213485
213486
213487
213488
213489
213490
213491
213492
213493
213494
213495
213496
213497
213498
213499
213500
213501
213502
213503
213504
213505
213506
213507
213508
213509
213510
213511
213512
213513
213514
213515
213516
213517
213518
213519
213520
213521
213522
213523
213524
213525
213526
213527
213528
213529
213530
213531
213532
213533
213534
213535
213536
213537
213538
213539
213540
213541
213542
213543
213544
213545
213546
213547
213548
213549
213550
213551
213552
213553
213554
213555
213556
213557
213558
213559
213560
213561
213562
213563
213564
213565
213566
213567
213568
213569
213570
213571
213572
213573
213574
213575
213576
213577
213578
213579
213580
213581
213582
213583
213584
213585
213586
213587
213588
213589
213590
213591
213592
213593
213594
213595
213596
213597
213598
213599
213600
213601
213602
213603
213604
213605
213606
213607
213608
213609
213610
213611
213612
213613
213614
213615
213616
213617
213618
213619
213620
213621
213622
213623
213624
213625
213626
213627
213628
213629
213630
213631
213632
213633
213634
213635
213636
213637
213638
213639
213640
213641
213642
213643
213644
213645
213646
213647
213648
213649
213650
213651
213652
213653
213654
213655
213656
213657
213658
213659
213660
213661
213662
213663
213664
213665
213666
213667
213668
213669
213670
213671
213672
213673
213674
213675
213676
213677
213678
213679
213680
213681
213682
213683
213684
213685
213686
213687
213688
213689
213690
213691
213692
213693
213694
213695
213696
213697
213698
213699
213700
213701
213702
213703
213704
213705
213706
213707
213708
213709
213710
213711
213712
213713
213714
213715
213716
213717
213718
213719
213720
213721
213722
213723
213724
213725
213726
213727
213728
213729
213730
213731
213732
213733
213734
213735
213736
213737
213738
213739
213740
213741
213742
213743
213744
213745
213746
213747
213748
213749
213750
213751
213752
213753
213754
213755
213756
213757
213758
213759
213760
213761
213762
213763
213764
213765
213766
213767
213768
213769
213770
213771
213772
213773
213774
213775
213776
213777
213778
213779
213780
213781
213782
213783
213784
213785
213786
213787
213788
213789
213790
213791
213792
213793
213794
213795
213861
213863
213864
213865
213866
213867
213868
213869
213870
213871
213872
213873
213874
213875
213876
213877
213878
213879
213880
213881
213882
213883
213884
213885
213886
213887
213888
213889
213890
213891
213892
213893
213894
213895
213896
213897
213898
213899
213900
213901
213902
213903
213904
213905
213906
213907
213908
213909
213910
213911
213912
213913
213914
213915
213916
213917
213918
213919
213920
213921
213922
213923
213924
213925
213926
213927
213928
213929
213930
213931
213932
213933
213934
213935
213936
213937
213938
213939
213940
213941
213942
213943
213944
213945
213946
213947
213948
213949
213950
213951
213952
213953
213954
213955
213956
213957
213958
213959
213960
213961
213962
213963
213964
213965
213966
213967
213968
213969
213970
213971
213972
213973
213974
213975
213976
213977
213978
213979
213980
213981
213982
213983
213984
213985
213986
213987
213988
213989
213990
213991
213992
213993
213994
213995
213996
213997
213998
213999
214000
214001
214002
214003
214004
214005
214006
214007
214008
214009
214010
214011
214012
214013
214014
214015
214016
214017
214018
214019
214020
214021
214022
214023
214024
214025
214026
214027
214028
214029
214030
214031
214032
214033
214034
214035
214036
214037
214038
214039
214040
214041
214042
214043
214044
214045
214046
214047
214048
214049
214050
214051
214052
214053
214054
214055
214056
214057
214058
214059
214060
214061
214062
214063
214064
214065
214066
214067
214068
214069
214070
214071
214072
214073
214074
214075
214076
214077
214078
214079
214080
214081
214082
214083
214084
214085
214086
214087
214088
214089
214090
214091
214092
214093
214094
214095
214096
214097
214098
214099
214100
214101
214102
214103
214104
214105
214106
214107
214108
214109
214110
214111
214112
214113
214114
214115
214116
214117
214118
214119
214120
214121
214122
214123
214124
214125
214126
214127
214128
214129
214130
214131
214132
214133
214134
214135
214136
214137
214138
214139
214140
214141
214142
214143
214144
214145
214146
214147
214148
214149
214150
214151
214152
214153
214154
214155
214156
214157
214158
214159
214160
214161
214162
214163
214164
214165
214166
214167
214168
214169
214170
214171
214172
214173
214174
214175
214176
214177
214178
214179
214180
214181
214182
214183
214184
214185
214186
214187
214188
214189
214190
214191
214192
214258
214260
214261
214262
214263
214264
214265
214266
214267
214268
214269
214270
214271
214272
214273
214274
214275
214276
214277
214278
214279
214280
214281
214282
214283
214284
214285
214286
214287
214288
214289
214290
214291
214292
214293
214294
214295
214296
214297
214298
214299
214300
214301
214302
214303
214304
214305
214306
214307
214308
214309
214310
214311
214312
214313
214314
214315
214316
214317
214318
214319
214320
214321
214322
214323
214324
214325
214326
214327
214328
214329
214330
214331
214332
214333
214334
214335
214336
214337
214338
214339
214340
214341
214342
214343
214344
214345
214346
214347
214348
214349
214350
214351
214352
214353
214354
214355
214356
214357
214358
214359
214360
214361
214362
214363
214364
214365
214366
214367
214368
214369
214370
214371
214372
214373
214374
214375
214376
214377
214378
214379
214380
214381
214382
214383
214384
214385
214386
214387
214388
214389
214390
214391
214392
214393
214394
214395
214396
214397
214398
214399
214400
214401
214402
214403
214404
214405
214406
214407
214408
214409
214410
214411
214412
214413
214414
214415
214416
214417
214418
214419
214420
214421
214422
214423
214424
214425
214426
214427
214428
214429
214430
214431
214432
214433
214434
214435
214436
214437
214438
214439
214440
214441
214442
214443
214444
214445
214446
214447
214448
214449
214450
214451
214452
214453
214454
214455
214456
214457
214458
214459
214460
214461
214462
214463
214464
214465
214466
214467
214468
214469
214470
214471
214472
214473
214474
214475
214476
214477
214478
214479
214480
214481
214482
214483
214484
214485
214486
214487
214488
214489
214490
214491
214492
214493
214494
214495
214496
214497
214498
214499
214500
214501
214502
214503
214504
214505
214506
214507
214508
214509
214510
214511
214512
214513
214514
214515
214516
214517
214518
214519
214520
214521
214522
214523
214524
214525
214526
214527
214528
214529
214530
214531
214532
214533
214534
214535
214536
214537
214538
214539
214540
214541
214542
214543
214544
214545
214546
214547
214548
214549
214550
214551
214552
214553
214554
214555
214556
214557
214558
214559
214560
214561
214562
214563
214564
214565
214566
214567
214568
214569
214570
214571
214572
214573
214574
214575
214576
214577
214578
214579
214580
214581
214582
214583
214584
214585
214586
214587
214588
214589
214655
214657
214658
214659
214660
214661
214662
214663
214664
214665
214666
214667
214668
214669
214670
214671
214672
214673
214674
214675
214676
214677
214678
214679
214680
214681
214682
214683
214684
214685
214686
214687
214688
214689
214690
214691
214692
214693
214694
214695
214696
214697
214698
214699
214700
214701
214702
214703
214704
214705
214706
214707
214708
214709
214710
214711
214712
214713
214714
214715
214716
214717
214718
214719
214720
214721
214722
214723
214724
214725
214726
214727
214728
214729
214730
214731
214732
214733
214734
214735
214736
214737
214738
214739
214740
214741
214742
214743
214744
214745
214746
214747
214748
214749
214750
214751
214752
214753
214754
214755
214756
214757
214758
214759
214760
214761
214762
214763
214764
214765
214766
214767
214768
214769
214770
214771
214772
214773
214774
214775
214776
214777
214778
214779
214780
214781
214782
214783
214784
214785
214786
214787
214788
214789
214790
214791
214792
214793
214794
214795
214796
214797
214798
214799
214800
214801
214802
214803
214804
214805
214806
214807
214808
214809
214810
214811
214812
214813
214814
214815
214816
214817
214818
214819
214820
214821
214822
214823
214824
214825
214826
214827
214828
214829
214830
214831
214832
214833
214834
214835
214836
214837
214838
214839
214840
214841
214842
214843
214844
214845
214846
214847
214848
214849
214850
214851
214852
214853
214854
214855
214856
214857
214858
214859
214860
214861
214862
214863
214864
214865
214866
214867
214868
214869
214870
214871
214872
214873
214874
214875
214876
214877
214878
214879
214880
214881
214882
214883
214884
214885
214886
214887
214888
214889
214890
214891
214892
214893
214894
214895
214896
214897
214898
214899
214900
214901
214902
214903
214904
214905
214906
214907
214908
214909
214910
214911
214912
214913
214914
214915
214916
214917
214918
214919
214920
214921
214922
214923
214924
214925
214926
214927
214928
214929
214930
214931
214932
214933
214934
214935
214936
214937
214938
214939
214940
214941
214942
214943
214944
214945
214946
214947
214948
214949
214950
214951
214952
214953
214954
214955
214956
214957
214958
214959
214960
214961
214962
214963
214964
214965
214966
214967
214968
214969
214970
214971
214972
214973
214974
214975
214976
214977
214978
214979
214980
214981
214982
214983
214984
214985
214986
215052
215054
215055
215056
215057
215058
215059
215060
215061
215062
215063
215064
215065
215066
215067
215068
215069
215070
215071
215072
215073
215074
215075
215076
215077
215078
215079
215080
215081
215082
215083
215084
215085
215086
215087
215088
215089
215090
215091
215092
215093
215094
215095
215096
215097
215098
215099
215100
215101
215102
215103
215104
215105
215106
215107
215108
215109
215110
215111
215112
215113
215114
215115
215116
215117
215118
215119
215120
215121
215122
215123
215124
215125
215126
215127
215128
215129
215130
215131
215132
215133
215134
215135
215136
215137
215138
215139
215140
215141
215142
215143
215144
215145
215146
215147
215148
215149
215150
215151
215152
215153
215154
215155
215156
215157
215158
215159
215160
215161
215162
215163
215164
215165
215166
215167
215168
215169
215170
215171
215172
215173
215174
215175
215176
215177
215178
215179
215180
215181
215182
215183
215184
215185
215186
215187
215188
215189
215190
215191
215192
215193
215194
215195
215196
215197
215198
215199
215200
215201
215202
215203
215204
215205
215206
215207
215208
215209
215210
215211
215212
215213
215214
215215
215216
215217
215218
215219
215220
215221
215222
215223
215224
215225
215226
215227
215228
215229
215230
215231
215232
215233
215234
215235
215236
215237
215238
215239
215240
215241
215242
215243
215244
215245
215246
215247
215248
215249
215250
215251
215252
215253
215254
215255
215256
215257
215258
215259
215260
215261
215262
215263
215264
215265
215266
215267
215268
215269
215270
215271
215272
215273
215274
215275
215276
215277
215278
215279
215280
215281
215282
215283
215284
215285
215286
215287
215288
215289
215290
215291
215292
215293
215294
215295
215296
215297
215298
215299
215300
215301
215302
215303
215304
215305
215306
215307
215308
215309
215310
215311
215312
215313
215314
215315
215316
215317
215318
215319
215320
215321
215322
215323
215324
215325
215326
215327
215328
215329
215330
215331
215332
215333
215334
215335
215336
215337
215338
215339
215340
215341
215342
215343
215344
215345
215346
215347
215348
215349
215350
215351
215352
215353
215354
215355
215356
215357
215358
215359
215360
215361
215362
215363
215364
215365
215366
215367
215368
215369
215370
215371
215372
215373
215374
215375
215376
215377
215378
215379
215380
215381
215382
215383
215449
215451
215452
215453
215454
215455
215456
215457
215458
215459
215460
215461
215462
215463
215464
215465
215466
215467
215468
215469
215470
215471
215472
215473
215474
215475
215476
215477
215478
215479
215480
215481
215482
215483
215484
215485
215486
215487
215488
215489
215490
215491
215492
215493
215494
215495
215496
215497
215498
215499
215500
215501
215502
215503
215504
215505
215506
215507
215508
215509
215510
215511
215512
215513
215514
215515
215516
215517
215518
215519
215520
215521
215522
215523
215524
215525
215526
215527
215528
215529
215530
215531
215532
215533
215534
215535
215536
215537
215538
215539
215540
215541
215542
215543
215544
215545
215546
215547
215548
215549
215550
215551
215552
215553
215554
215555
215556
215557
215558
215559
215560
215561
215562
215563
215564
215565
215566
215567
215568
215569
215570
215571
215572
215573
215574
215575
215576
215577
215578
215579
215580
215581
215582
215583
215584
215585
215586
215587
215588
215589
215590
215591
215592
215593
215594
215595
215596
215597
215598
215599
215600
215601
215602
215603
215604
215605
215606
215607
215608
215609
215610
215611
215612
215613
215614
215615
215616
215617
215618
215619
215620
215621
215622
215623
215624
215625
215626
215627
215628
215629
215630
215631
215632
215633
215634
215635
215636
215637
215638
215639
215640
215641
215642
215643
215644
215645
215646
215647
215648
215649
215650
215651
215652
215653
215654
215655
215656
215657
215658
215659
215660
215661
215662
215663
215664
215665
215666
215667
215668
215669
215670
215671
215672
215673
215674
215675
215676
215677
215678
215679
215680
215681
215682
215683
215684
215685
215686
215687
215688
215689
215690
215691
215692
215693
215694
215695
215696
215697
215698
215699
215700
215701
215702
215703
215704
215705
215706
215707
215708
215709
215710
215711
215712
215713
215714
215715
215716
215717
215718
215719
215720
215721
215722
215723
215724
215725
215726
215727
215728
215729
215730
215731
215732
215733
215734
215735
215736
215737
215738
215739
215740
215741
215742
215743
215744
215745
215746
215747
215748
215749
215750
215751
215752
215753
215754
215755
215756
215757
215758
215759
215760
215761
215762
215763
215764
215765
215766
215767
215768
215769
215770
215771
215772
215773
215774
215775
215776
215777
215778
215779
215780
215846
215848
215849
215850
215851
215852
215853
215854
215855
215856
215857
215858
215859
215860
215861
215862
215863
215864
215865
215866
215867
215868
215869
215870
215871
215872
215873
215874
215875
215876
215877
215878
215879
215880
215881
215882
215883
215884
215885
215886
215887
215888
215889
215890
215891
215892
215893
215894
215895
215896
215897
215898
215899
215900
215901
215902
215903
215904
215905
215906
215907
215908
215909
215910
215911
215912
215913
215914
215915
215916
215917
215918
215919
215920
215921
215922
215923
215924
215925
215926
215927
215928
215929
215930
215931
215932
215933
215934
215935
215936
215937
215938
215939
215940
215941
215942
215943
215944
215945
215946
215947
215948
215949
215950
215951
215952
215953
215954
215955
215956
215957
215958
215959
215960
215961
215962
215963
215964
215965
215966
215967
215968
215969
215970
215971
215972
215973
215974
215975
215976
215977
215978
215979
215980
215981
215982
215983
215984
215985
215986
215987
215988
215989
215990
215991
215992
215993
215994
215995
215996
215997
215998
215999
216000
216001
216002
216003
216004
216005
216006
216007
216008
216009
216010
216011
216012
216013
216014
216015
216016
216017
216018
216019
216020
216021
216022
216023
216024
216025
216026
216027
216028
216029
216030
216031
216032
216033
216034
216035
216036
216037
216038
216039
216040
216041
216042
216043
216044
216045
216046
216047
216048
216049
216050
216051
216052
216053
216054
216055
216056
216057
216058
216059
216060
216061
216062
216063
216064
216065
216066
216067
216068
216069
216070
216071
216072
216073
216074
216075
216076
216077
216078
216079
216080
216081
216082
216083
216084
216085
216086
216087
216088
216089
216090
216091
216092
216093
216094
216095
216096
216097
216098
216099
216100
216101
216102
216103
216104
216105
216106
216107
216108
216109
216110
216111
216112
216113
216114
216115
216116
216117
216118
216119
216120
216121
216122
216123
216124
216125
216126
216127
216128
216129
216130
216131
216132
216133
216134
216135
216136
216137
216138
216139
216140
216141
216142
216143
216144
216145
216146
216147
216148
216149
216150
216151
216152
216153
216154
216155
216156
216157
216158
216159
216160
216161
216162
216163
216164
216165
216166
216167
216168
216169
216170
216171
216172
216173
216174
216175
216176
216177
216243
216245
216246
216247
216248
216249
216250
216251
216252
216253
216254
216255
216256
216257
216258
216259
216260
216261
216262
216263
216264
216265
216266
216267
216268
216269
216270
216271
216272
216273
216274
216275
216276
216277
216278
216279
216280
216281
216282
216283
216284
216285
216286
216287
216288
216289
216290
216291
216292
216293
216294
216295
216296
216297
216298
216299
216300
216301
216302
216303
216304
216305
216306
216307
216308
216309
216310
216311
216312
216313
216314
216315
216316
216317
216318
216319
216320
216321
216322
216323
216324
216325
216326
216327
216328
216329
216330
216331
216332
216333
216334
216335
216336
216337
216338
216339
216340
216341
216342
216343
216344
216345
216346
216347
216348
216349
216350
216351
216352
216353
216354
216355
216356
216357
216358
216359
216360
216361
216362
216363
216364
216365
216366
216367
216368
216369
216370
216371
216372
216373
216374
216375
216376
216377
216378
216379
216380
216381
216382
216383
216384
216385
216386
216387
216388
216389
216390
216391
216392
216393
216394
216395
216396
216397
216398
216399
216400
216401
216402
216403
216404
216405
216406
216407
216408
216409
216410
216411
216412
216413
216414
216415
216416
216417
216418
216419
216420
216421
216422
216423
216424
216425
216426
216427
216428
216429
216430
216431
216432
216433
216434
216435
216436
216437
216438
216439
216440
216441
216442
216443
216444
216445
216446
216447
216448
216449
216450
216451
216452
216453
216454
216455
216456
216457
216458
216459
216460
216461
216462
216463
216464
216465
216466
216467
216468
216469
216470
216471
216472
216473
216474
216475
216476
216477
216478
216479
216480
216481
216482
216483
216484
216485
216486
216487
216488
216489
216490
216491
216492
216493
216494
216495
216496
216497
216498
216499
216500
216501
216502
216503
216504
216505
216506
216507
216508
216509
216510
216511
216512
216513
216514
216515
216516
216517
216518
216519
216520
216521
216522
216523
216524
216525
216526
216527
216528
216529
216530
216531
216532
216533
216534
216535
216536
216537
216538
216539
216540
216541
216542
216543
216544
216545
216546
216547
216548
216549
216550
216551
216552
216553
216554
216555
216556
216557
216558
216559
216560
216561
216562
216563
216564
216565
216566
216567
216568
216569
216570
216571
216572
216573
216574
216640
216642
216643
216644
216645
216646
216647
216648
216649
216650
216651
216652
216653
216654
216655
216656
216657
216658
216659
216660
216661
216662
216663
216664
216665
216666
216667
216668
216669
216670
216671
216672
216673
216674
216675
216676
216677
216678
216679
216680
216681
216682
216683
216684
216685
216686
216687
216688
216689
216690
216691
216692
216693
216694
216695
216696
216697
216698
216699
216700
216701
216702
216703
216704
216705
216706
216707
216708
216709
216710
216711
216712
216713
216714
216715
216716
216717
216718
216719
216720
216721
216722
216723
216724
216725
216726
216727
216728
216729
216730
216731
216732
216733
216734
216735
216736
216737
216738
216739
216740
216741
216742
216743
216744
216745
216746
216747
216748
216749
216750
216751
216752
216753
216754
216755
216756
216757
216758
216759
216760
216761
216762
216763
216764
216765
216766
216767
216768
216769
216770
216771
216772
216773
216774
216775
216776
216777
216778
216779
216780
216781
216782
216783
216784
216785
216786
216787
216788
216789
216790
216791
216792
216793
216794
216795
216796
216797
216798
216799
216800
216801
216802
216803
216804
216805
216806
216807
216808
216809
216810
216811
216812
216813
216814
216815
216816
216817
216818
216819
216820
216821
216822
216823
216824
216825
216826
216827
216828
216829
216830
216831
216832
216833
216834
216835
216836
216837
216838
216839
216840
216841
216842
216843
216844
216845
216846
216847
216848
216849
216850
216851
216852
216853
216854
216855
216856
216857
216858
216859
216860
216861
216862
216863
216864
216865
216866
216867
216868
216869
216870
216871
216872
216873
216874
216875
216876
216877
216878
216879
216880
216881
216882
216883
216884
216885
216886
216887
216888
216889
216890
216891
216892
216893
216894
216895
216896
216897
216898
216899
216900
216901
216902
216903
216904
216905
216906
216907
216908
216909
216910
216911
216912
216913
216914
216915
216916
216917
216918
216919
216920
216921
216922
216923
216924
216925
216926
216927
216928
216929
216930
216931
216932
216933
216934
216935
216936
216937
216938
216939
216940
216941
216942
216943
216944
216945
216946
216947
216948
216949
216950
216951
216952
216953
216954
216955
216956
216957
216958
216959
216960
216961
216962
216963
216964
216965
216966
216967
216968
216969
216970
216971
217037
217039
217040
217041
217042
217043
217044
217045
217046
217047
217048
217049
217050
217051
217052
217053
217054
217055
217056
217057
217058
217059
217060
217061
217062
217063
217064
217065
217066
217067
217068
217069
217070
217071
217072
217073
217074
217075
217076
217077
217078
217079
217080
217081
217082
217083
217084
217085
217086
217087
217088
217089
217090
217091
217092
217093
217094
217095
217096
217097
217098
217099
217100
217101
217102
217103
217104
217105
217106
217107
217108
217109
217110
217111
217112
217113
217114
217115
217116
217117
217118
217119
217120
217121
217122
217123
217124
217125
217126
217127
217128
217129
217130
217131
217132
217133
217134
217135
217136
217137
217138
217139
217140
217141
217142
217143
217144
217145
217146
217147
217148
217149
217150
217151
217152
217153
217154
217155
217156
217157
217158
217159
217160
217161
217162
217163
217164
217165
217166
217167
217168
217169
217170
217171
217172
217173
217174
217175
217176
217177
217178
217179
217180
217181
217182
217183
217184
217185
217186
217187
217188
217189
217190
217191
217192
217193
217194
217195
217196
217197
217198
217199
217200
217201
217202
217203
217204
217205
217206
217207
217208
217209
217210
217211
217212
217213
217214
217215
217216
217217
217218
217219
217220
217221
217222
217223
217224
217225
217226
217227
217228
217229
217230
217231
217232
217233
217234
217235
217236
217237
217238
217239
217240
217241
217242
217243
217244
217245
217246
217247
217248
217249
217250
217251
217252
217253
217254
217255
217256
217257
217258
217259
217260
217261
217262
217263
217264
217265
217266
217267
217268
217269
217270
217271
217272
217273
217274
217275
217276
217277
217278
217279
217280
217281
217282
217283
217284
217285
217286
217287
217288
217289
217290
217291
217292
217293
217294
217295
217296
217297
217298
217299
217300
217301
217302
217303
217304
217305
217306
217307
217308
217309
217310
217311
217312
217313
217314
217315
217316
217317
217318
217319
217320
217321
217322
217323
217324
217325
217326
217327
217328
217329
217330
217331
217332
217333
217334
217335
217336
217337
217338
217339
217340
217341
217342
217343
217344
217345
217346
217347
217348
217349
217350
217351
217352
217353
217354
217355
217356
217357
217358
217359
217360
217361
217362
217363
217364
217365
217366
217367
217368
217434
217436
217437
217438
217439
217440
217441
217442
217443
217444
217445
217446
217447
217448
217449
217450
217451
217452
217453
217454
217455
217456
217457
217458
217459
217460
217461
217462
217463
217464
217465
217466
217467
217468
217469
217470
217471
217472
217473
217474
217475
217476
217477
217478
217479
217480
217481
217482
217483
217484
217485
217486
217487
217488
217489
217490
217491
217492
217493
217494
217495
217496
217497
217498
217499
217500
217501
217502
217503
217504
217505
217506
217507
217508
217509
217510
217511
217512
217513
217514
217515
217516
217517
217518
217519
217520
217521
217522
217523
217524
217525
217526
217527
217528
217529
217530
217531
217532
217533
217534
217535
217536
217537
217538
217539
217540
217541
217542
217543
217544
217545
217546
217547
217548
217549
217550
217551
217552
217553
217554
217555
217556
217557
217558
217559
217560
217561
217562
217563
217564
217565
217566
217567
217568
217569
217570
217571
217572
217573
217574
217575
217576
217577
217578
217579
217580
217581
217582
217583
217584
217585
217586
217587
217588
217589
217590
217591
217592
217593
217594
217595
217596
217597
217598
217599
217600
217601
217602
217603
217604
217605
217606
217607
217608
217609
217610
217611
217612
217613
217614
217615
217616
217617
217618
217619
217620
217621
217622
217623
217624
217625
217626
217627
217628
217629
217630
217631
217632
217633
217634
217635
217636
217637
217638
217639
217640
217641
217642
217643
217644
217645
217646
217647
217648
217649
217650
217651
217652
217653
217654
217655
217656
217657
217658
217659
217660
217661
217662
217663
217664
217665
217666
217667
217668
217669
217670
217671
217672
217673
217674
217675
217676
217677
217678
217679
217680
217681
217682
217683
217684
217685
217686
217687
217688
217689
217690
217691
217692
217693
217694
217695
217696
217697
217698
217699
217700
217701
217702
217703
217704
217705
217706
217707
217708
217709
217710
217711
217712
217713
217714
217715
217716
217717
217718
217719
217720
217721
217722
217723
217724
217725
217726
217727
217728
217729
217730
217731
217732
217733
217734
217735
217736
217737
217738
217739
217740
217741
217742
217743
217744
217745
217746
217747
217748
217749
217750
217751
217752
217753
217754
217755
217756
217757
217758
217759
217760
217761
217762
217763
217764
217765
217831
217833
217834
217835
217836
217837
217838
217839
217840
217841
217842
217843
217844
217845
217846
217847
217848
217849
217850
217851
217852
217853
217854
217855
217856
217857
217858
217859
217860
217861
217862
217863
217864
217865
217866
217867
217868
217869
217870
217871
217872
217873
217874
217875
217876
217877
217878
217879
217880
217881
217882
217883
217884
217885
217886
217887
217888
217889
217890
217891
217892
217893
217894
217895
217896
217897
217898
217899
217900
217901
217902
217903
217904
217905
217906
217907
217908
217909
217910
217911
217912
217913
217914
217915
217916
217917
217918
217919
217920
217921
217922
217923
217924
217925
217926
217927
217928
217929
217930
217931
217932
217933
217934
217935
217936
217937
217938
217939
217940
217941
217942
217943
217944
217945
217946
217947
217948
217949
217950
217951
217952
217953
217954
217955
217956
217957
217958
217959
217960
217961
217962
217963
217964
217965
217966
217967
217968
217969
217970
217971
217972
217973
217974
217975
217976
217977
217978
217979
217980
217981
217982
217983
217984
217985
217986
217987
217988
217989
217990
217991
217992
217993
217994
217995
217996
217997
217998
217999
218000
218001
218002
218003
218004
218005
218006
218007
218008
218009
218010
218011
218012
218013
218014
218015
218016
218017
218018
218019
218020
218021
218022
218023
218024
218025
218026
218027
218028
218029
218030
218031
218032
218033
218034
218035
218036
218037
218038
218039
218040
218041
218042
218043
218044
218045
218046
218047
218048
218049
218050
218051
218052
218053
218054
218055
218056
218057
218058
218059
218060
218061
218062
218063
218064
218065
218066
218067
218068
218069
218070
218071
218072
218073
218074
218075
218076
218077
218078
218079
218080
218081
218082
218083
218084
218085
218086
218087
218088
218089
218090
218091
218092
218093
218094
218095
218096
218097
218098
218099
218100
218101
218102
218103
218104
218105
218106
218107
218108
218109
218110
218111
218112
218113
218114
218115
218116
218117
218118
218119
218120
218121
218122
218123
218124
218125
218126
218127
218128
218129
218130
218131
218132
218133
218134
218135
218136
218137
218138
218139
218140
218141
218142
218143
218144
218145
218146
218147
218148
218149
218150
218151
218152
218153
218154
218155
218156
218157
218158
218159
218160
218161
218162
218228
218230
218231
218232
218233
218234
218235
218236
218237
218238
218239
218240
218241
218242
218243
218244
218245
218246
218247
218248
218249
218250
218251
218252
218253
218254
218255
218256
218257
218258
218259
218260
218261
218262
218263
218264
218265
218266
218267
218268
218269
218270
218271
218272
218273
218274
218275
218276
218277
218278
218279
218280
218281
218282
218283
218284
218285
218286
218287
218288
218289
218290
218291
218292
218293
218294
218295
218296
218297
218298
218299
218300
218301
218302
218303
218304
218305
218306
218307
218308
218309
218310
218311
218312
218313
218314
218315
218316
218317
218318
218319
218320
218321
218322
218323
218324
218325
218326
218327
218328
218329
218330
218331
218332
218333
218334
218335
218336
218337
218338
218339
218340
218341
218342
218343
218344
218345
218346
218347
218348
218349
218350
218351
218352
218353
218354
218355
218356
218357
218358
218359
218360
218361
218362
218363
218364
218365
218366
218367
218368
218369
218370
218371
218372
218373
218374
218375
218376
218377
218378
218379
218380
218381
218382
218383
218384
218385
218386
218387
218388
218389
218390
218391
218392
218393
218394
218395
218396
218397
218398
218399
218400
218401
218402
218403
218404
218405
218406
218407
218408
218409
218410
218411
218412
218413
218414
218415
218416
218417
218418
218419
218420
218421
218422
218423
218424
218425
218426
218427
218428
218429
218430
218431
218432
218433
218434
218435
218436
218437
218438
218439
218440
218441
218442
218443
218444
218445
218446
218447
218448
218449
218450
218451
218452
218453
218454
218455
218456
218457
218458
218459
218460
218461
218462
218463
218464
218465
218466
218467
218468
218469
218470
218471
218472
218473
218474
218475
218476
218477
218478
218479
218480
218481
218482
218483
218484
218485
218486
218487
218488
218489
218490
218491
218492
218493
218494
218495
218496
218497
218498
218499
218500
218501
218502
218503
218504
218505
218506
218507
218508
218509
218510
218511
218512
218513
218514
218515
218516
218517
218518
218519
218520
218521
218522
218523
218524
218525
218526
218527
218528
218529
218530
218531
218532
218533
218534
218535
218536
218537
218538
218539
218540
218541
218542
218543
218544
218545
218546
218547
218548
218549
218550
218551
218552
218553
218554
218555
218556
218557
218558
218559
218625
218627
218628
218629
218630
218631
218632
218633
218634
218635
218636
218637
218638
218639
218640
218641
218642
218643
218644
218645
218646
218647
218648
218649
218650
218651
218652
218653
218654
218655
218656
218657
218658
218659
218660
218661
218662
218663
218664
218665
218666
218667
218668
218669
218670
218671
218672
218673
218674
218675
218676
218677
218678
218679
218680
218681
218682
218683
218684
218685
218686
218687
218688
218689
218690
218691
218692
218693
218694
218695
218696
218697
218698
218699
218700
218701
218702
218703
218704
218705
218706
218707
218708
218709
218710
218711
218712
218713
218714
218715
218716
218717
218718
218719
218720
218721
218722
218723
218724
218725
218726
218727
218728
218729
218730
218731
218732
218733
218734
218735
218736
218737
218738
218739
218740
218741
218742
218743
218744
218745
218746
218747
218748
218749
218750
218751
218752
218753
218754
218755
218756
218757
218758
218759
218760
218761
218762
218763
218764
218765
218766
218767
218768
218769
218770
218771
218772
218773
218774
218775
218776
218777
218778
218779
218780
218781
218782
218783
218784
218785
218786
218787
218788
218789
218790
218791
218792
218793
218794
218795
218796
218797
218798
218799
218800
218801
218802
218803
218804
218805
218806
218807
218808
218809
218810
218811
218812
218813
218814
218815
218816
218817
218818
218819
218820
218821
218822
218823
218824
218825
218826
218827
218828
218829
218830
218831
218832
218833
218834
218835
218836
218837
218838
218839
218840
218841
218842
218843
218844
218845
218846
218847
218848
218849
218850
218851
218852
218853
218854
218855
218856
218857
218858
218859
218860
218861
218862
218863
218864
218865
218866
218867
218868
218869
218870
218871
218872
218873
218874
218875
218876
218877
218878
218879
218880
218881
218882
218883
218884
218885
218886
218887
218888
218889
218890
218891
218892
218893
218894
218895
218896
218897
218898
218899
218900
218901
218902
218903
218904
218905
218906
218907
218908
218909
218910
218911
218912
218913
218914
218915
218916
218917
218918
218919
218920
218921
218922
218923
218924
218925
218926
218927
218928
218929
218930
218931
218932
218933
218934
218935
218936
218937
218938
218939
218940
218941
218942
218943
218944
218945
218946
218947
218948
218949
218950
218951
218952
218953
218954
218955
218956
219022
219024
219025
219026
219027
219028
219029
219030
219031
219032
219033
219034
219035
219036
219037
219038
219039
219040
219041
219042
219043
219044
219045
219046
219047
219048
219049
219050
219051
219052
219053
219054
219055
219056
219057
219058
219059
219060
219061
219062
219063
219064
219065
219066
219067
219068
219069
219070
219071
219072
219073
219074
219075
219076
219077
219078
219079
219080
219081
219082
219083
219084
219085
219086
219087
219088
219089
219090
219091
219092
219093
219094
219095
219096
219097
219098
219099
219100
219101
219102
219103
219104
219105
219106
219107
219108
219109
219110
219111
219112
219113
219114
219115
219116
219117
219118
219119
219120
219121
219122
219123
219124
219125
219126
219127
219128
219129
219130
219131
219132
219133
219134
219135
219136
219137
219138
219139
219140
219141
219142
219143
219144
219145
219146
219147
219148
219149
219150
219151
219152
219153
219154
219155
219156
219157
219158
219159
219160
219161
219162
219163
219164
219165
219166
219167
219168
219169
219170
219171
219172
219173
219174
219175
219176
219177
219178
219179
219180
219181
219182
219183
219184
219185
219186
219187
219188
219189
219190
219191
219192
219193
219194
219195
219196
219197
219198
219199
219200
219201
219202
219203
219204
219205
219206
219207
219208
219209
219210
219211
219212
219213
219214
219215
219216
219217
219218
219219
219220
219221
219222
219223
219224
219225
219226
219227
219228
219229
219230
219231
219232
219233
219234
219235
219236
219237
219238
219239
219240
219241
219242
219243
219244
219245
219246
219247
219248
219249
219250
219251
219252
219253
219254
219255
219256
219257
219258
219259
219260
219261
219262
219263
219264
219265
219266
219267
219268
219269
219270
219271
219272
219273
219274
219275
219276
219277
219278
219279
219280
219281
219282
219283
219284
219285
219286
219287
219288
219289
219290
219291
219292
219293
219294
219295
219296
219297
219298
219299
219300
219301
219302
219303
219304
219305
219306
219307
219308
219309
219310
219311
219312
219313
219314
219315
219316
219317
219318
219319
219320
219321
219322
219323
219324
219325
219326
219327
219328
219329
219330
219331
219332
219333
219334
219335
219336
219337
219338
219339
219340
219341
219342
219343
219344
219345
219346
219347
219348
219349
219350
219351
219352
219353
219419
219421
219422
219423
219424
219425
219426
219427
219428
219429
219430
219431
219432
219433
219434
219435
219436
219437
219438
219439
219440
219441
219442
219443
219444
219445
219446
219447
219448
219449
219450
219451
219452
219453
219454
219455
219456
219457
219458
219459
219460
219461
219462
219463
219464
219465
219466
219467
219468
219469
219470
219471
219472
219473
219474
219475
219476
219477
219478
219479
219480
219481
219482
219483
219484
219485
219486
219487
219488
219489
219490
219491
219492
219493
219494
219495
219496
219497
219498
219499
219500
219501
219502
219503
219504
219505
219506
219507
219508
219509
219510
219511
219512
219513
219514
219515
219516
219517
219518
219519
219520
219521
219522
219523
219524
219525
219526
219527
219528
219529
219530
219531
219532
219533
219534
219535
219536
219537
219538
219539
219540
219541
219542
219543
219544
219545
219546
219547
219548
219549
219550
219551
219552
219553
219554
219555
219556
219557
219558
219559
219560
219561
219562
219563
219564
219565
219566
219567
219568
219569
219570
219571
219572
219573
219574
219575
219576
219577
219578
219579
219580
219581
219582
219583
219584
219585
219586
219587
219588
219589
219590
219591
219592
219593
219594
219595
219596
219597
219598
219599
219600
219601
219602
219603
219604
219605
219606
219607
219608
219609
219610
219611
219612
219613
219614
219615
219616
219617
219618
219619
219620
219621
219622
219623
219624
219625
219626
219627
219628
219629
219630
219631
219632
219633
219634
219635
219636
219637
219638
219639
219640
219641
219642
219643
219644
219645
219646
219647
219648
219649
219650
219651
219652
219653
219654
219655
219656
219657
219658
219659
219660
219661
219662
219663
219664
219665
219666
219667
219668
219669
219670
219671
219672
219673
219674
219675
219676
219677
219678
219679
219680
219681
219682
219683
219684
219685
219686
219687
219688
219689
219690
219691
219692
219693
219694
219695
219696
219697
219698
219699
219700
219701
219702
219703
219704
219705
219706
219707
219708
219709
219710
219711
219712
219713
219714
219715
219716
219717
219718
219719
219720
219721
219722
219723
219724
219725
219726
219727
219728
219729
219730
219731
219732
219733
219734
219735
219736
219737
219738
219739
219740
219741
219742
219743
219744
219745
219746
219747
219748
219750
219816
219818
219819
219820
219821
219822
219823
219824
219825
219826
219827
219828
219829
219830
219831
219832
219833
219834
219835
219836
219837
219838
219839
219840
219841
219842
219843
219844
219845
219846
219847
219848
219849
219850
219851
219852
219853
219854
219855
219856
219857
219858
219859
219860
219861
219862
219863
219864
219865
219866
219867
219868
219869
219870
219871
219872
219873
219874
219875
219876
219877
219878
219879
219880
219881
219882
219883
219884
219885
219886
219887
219888
219889
219890
219891
219892
219893
219894
219895
219896
219897
219898
219899
219900
219901
219902
219903
219904
219905
219906
219907
219908
219909
219910
219911
219912
219913
219914
219915
219916
219917
219918
219919
219920
219921
219922
219923
219924
219925
219926
219927
219928
219929
219930
219931
219932
219933
219934
219935
219936
219937
219938
219939
219940
219941
219942
219943
219944
219945
219946
219947
219948
219949
219950
219951
219952
219953
219954
219955
219956
219957
219958
219959
219960
219961
219962
219963
219964
219965
219966
219967
219968
219969
219970
219971
219972
219973
219974
219975
219976
219977
219978
219979
219980
219981
219982
219983
219984
219985
219986
219987
219988
219989
219990
219991
219992
219993
219994
219995
219996
219997
219998
219999
220000
220001
220002
220003
220004
220005
220006
220007
220008
220009
220010
220011
220012
220013
220014
220015
220016
220017
220018
220019
220020
220021
220022
220023
220024
220025
220026
220027
220028
220029
220030
220031
220032
220033
220034
220035
220036
220037
220038
220039
220040
220041
220042
220043
220044
220045
220046
220047
220048
220049
220050
220051
220052
220053
220054
220055
220056
220057
220058
220059
220060
220061
220062
220063
220064
220065
220066
220067
220068
220069
220070
220071
220072
220073
220074
220075
220076
220077
220078
220079
220080
220081
220082
220083
220084
220085
220086
220087
220088
220089
220090
220091
220092
220093
220094
220095
220096
220097
220098
220099
220100
220101
220102
220103
220104
220105
220106
220107
220108
220109
220110
220111
220112
220113
220114
220115
220116
220117
220118
220119
220120
220121
220122
220123
220124
220125
220126
220127
220128
220129
220130
220131
220132
220133
220134
220135
220136
220137
220138
220139
220140
220141
220142
220143
220144
220145
220147
220196
220197
220198
220199
220200
220201
220202
220203
220204
220205
220206
220207
220208
220209
220210
220211
220212
220213
220214
220215
220216
220217
220218
220219
220220
220221
220222
220223
220224
220225
220226
220227
220228
220229
220230
220231
220232
220233
220234
220235
220236
220237
220238
220239
220240
220241
220242
220243
220244
220245
220246
220247
220248
220249
220250
220251
220252
220253
220254
220255
220256
220257
220258
220259
220260
220261
220262
220263
220264
220265
220266
220267
220268
220269
220270
220271
220272
220273
220274
220275
220276
220277
220278
220279
220280
220281
220282
220283
220284
220285
220286
220287
220288
220289
220290
220291
220292
220293
220294
220295
220296
220297
220298
220299
220300
220301
220302
220303
220304
220305
220306
220307
220308
220309
220310
220311
220312
220313
220314
220315
220316
220317
220318
220319
220320
220321
220322
220323
220324
220325
220326
220327
220328
220329
220330
220331
220332
220333
220334
220335
220336
220337
220338
220339
220340
220341
220342
220343
220344
220345
220346
220347
220348
220349
220350
220351
220352
220353
220354
220355
220356
220357
220358
220359
220360
204945
204946
204948
204949
204951
204952
204954
204955
204957
204958
204960
204961
204963
204964
204966
204967
204969
204970
204972
204973
204975
204976
204978
204979
204981
204982
204984
204985
204987
204988
204990
204991
204993
204994
204996
204997
204999
205000
205002
205003
205005
205006
205008
205009
205011
205012
205014
205015
205017
205018
205020
205021
205023
205024
205026
205027
205029
205030
205032
205033
205035
205036
205038
205039
205041
205042
205044
205045
205047
205048
205050
205051
205053
205054
205056
205057
205059
205060
205062
205063
205065
205066
205068
205069
205071
205072
205074
205075
205077
205078
205080
205081
205083
205084
205086
205087
205089
205090
205092
205093
205095
205096
205098
205099
205101
205102
205104
205105
205107
205108
205110
205111
205113
205114
205116
205117
205119
205120
205122
205123
205125
205126
205128
205129
205131
205132
205134
205135
205137
205138
205140
205141
205143
205144
205146
205147
205149
205150
205152
205153
205155
205156
205158
205159
205161
205162
205164
205165
205167
205168
205170
205171
205173
205174
205176
205177
205179
205180
205182
205183
205185
205186
205188
205189
205191
205192
205194
205195
205197
205198
205200
205201
205203
205204
205206
205207
205209
205210
205212
205213
205215
205216
205218
205219
205221
205222
205224
205225
205227
205228
205230
205231
205233
205234
205236
205237
205239
205240
205242
205243
205245
205246
205248
205249
205251
205252
205254
205255
205257
205258
205260
205261
205263
205264
205266
205267
205269
205270
205272
205273
205275
205276
205278
205279
205281
205282
205284
205285
205287
205288
205290
205291
205293
205294
205296
205297
205299
205300
205302
205303
205305
205306
205308
205309
205311
205312
205314
205315
205317
205318
205320
205321
205323
205324
205326
205327
205329
205330
205332
205333
205335
205336
205338
205339
205341
205342
205344
205345
205347
205348
205350
205351
205353
205354
205356
205357
205359
205360
205362
205363
205365
205366
205368
205369
205371
205372
205374
205375
205377
205378
205380
205381
205383
205384
205386
205387
205389
205390
205392
205393
205395
205396
205398
205399
205401
205402
205404
205405
205407
205408
205410
205411
205413
205414
205416
205417
205419
205420
205422
205423
205425
205426
205428
205429
205431
205432
205434
205435
205437
205438
205440
205441
205524
205525
205526
205527
205528
205529
205530
205531
205532
205533
205534
205535
205536
205537
205538
205539
205540
205541
205542
205543
205544
205545
205546
205547
205548
205549
205550
205551
205552
205553
205554
205555
205556
205557
205558
205559
205560
205561
205562
205563
205564
205565
205566
205567
205568
205569
205570
205571
205572
205573
205574
205575
205576
205577
205578
205579
205580
205581
205582
205583
205584
205585
205586
205587
205588
205589
205590
205591
205592
205593
205594
205595
205596
205597
205598
205599
205600
205601
205602
205603
205604
205605
205606
205607
205608
205609
205610
205611
205612
205613
205614
205615
205616
205617
205618
205619
205620
205621
205622
205623
205624
205625
205626
205627
205628
205629
205630
205631
205632
205633
205634
205635
205636
205637
205638
205639
205640
205641
205642
205643
205644
205645
205646
205647
205648
205649
205650
205651
205652
205653
205654
205655
205656
205657
205658
205659
205660
205661
205662
205663
205664
205665
205666
205667
205668
205669
205670
205671
205672
205673
205674
205675
205676
205677
205678
205679
205680
205681
205682
205683
205684
205685
205686
205687
205688
205689
205690
205691
205692
205693
205694
205695
205696
205697
205698
205699
205700
205701
205702
205703
205704
205705
205706
205707
205708
205709
205710
205711
205712
205713
205714
205715
205716
205717
205718
205719
205720
205721
205722
205723
205724
205725
205726
205727
205728
205729
205730
205731
205732
205733
205734
205735
205736
205737
205738
205739
205740
205741
205742
205743
205744
205745
205746
205747
205748
205749
205750
205751
205752
205753
205754
205755
205756
205757
205758
205759
205760
205761
205762
205763
205764
205765
205766
205767
205768
205769
205770
205771
205772
205773
205774
205775
205776
205777
205778
205779
205780
205781
205782
205783
205784
205785
205786
205787
205788
205789
205790
205791
205792
205793
205794
205795
205796
205797
205798
205799
205800
205801
205802
205803
205804
205805
205806
205807
205808
205809
205810
205811
205812
205813
205814
205815
205816
205817
205818
205819
205820
205821
205822
205823
205824
205825
205826
205827
205828
205829
205830
205831
205832
205833
205834
205835
205836
205837
205838
205839
205840
205841
205842
205843
205844
205845
205846
205847
205848
205849
205850
205851
205852
205853
205854
205855
205921
205922
205923
205924
205925
205926
205927
205928
205929
205930
205931
205932
205933
205934
205935
205936
205937
205938
205939
205940
205941
205942
205943
205944
205945
205946
205947
205948
205949
205950
205951
205952
205953
205954
205955
205956
205957
205958
205959
205960
205961
205962
205963
205964
205965
205966
205967
205968
205969
205970
205971
205972
205973
205974
205975
205976
205977
205978
205979
205980
205981
205982
205983
205984
205985
205986
205987
205988
205989
205990
205991
205992
205993
205994
205995
205996
205997
205998
205999
206000
206001
206002
206003
206004
206005
206006
206007
206008
206009
206010
206011
206012
206013
206014
206015
206016
206017
206018
206019
206020
206021
206022
206023
206024
206025
206026
206027
206028
206029
206030
206031
206032
206033
206034
206035
206036
206037
206038
206039
206040
206041
206042
206043
206044
206045
206046
206047
206048
206049
206050
206051
206052
206053
206054
206055
206056
206057
206058
206059
206060
206061
206062
206063
206064
206065
206066
206067
206068
206069
206070
206071
206072
206073
206074
206075
206076
206077
206078
206079
206080
206081
206082
206083
206084
206085
206086
206087
206088
206089
206090
206091
206092
206093
206094
206095
206096
206097
206098
206099
206100
206101
206102
206103
206104
206105
206106
206107
206108
206109
206110
206111
206112
206113
206114
206115
206116
206117
206118
206119
206120
206121
206122
206123
206124
206125
206126
206127
206128
206129
206130
206131
206132
206133
206134
206135
206136
206137
206138
206139
206140
206141
206142
206143
206144
206145
206146
206147
206148
206149
206150
206151
206152
206153
206154
206155
206156
206157
206158
206159
206160
206161
206162
206163
206164
206165
206166
206167
206168
206169
206170
206171
206172
206173
206174
206175
206176
206177
206178
206179
206180
206181
206182
206183
206184
206185
206186
206187
206188
206189
206190
206191
206192
206193
206194
206195
206196
206197
206198
206199
206200
206201
206202
206203
206204
206205
206206
206207
206208
206209
206210
206211
206212
206213
206214
206215
206216
206217
206218
206219
206220
206221
206222
206223
206224
206225
206226
206227
206228
206229
206230
206231
206232
206233
206234
206235
206236
206237
206238
206239
206240
206241
206242
206243
206244
206245
206246
206247
206248
206249
206250
206251
206252
206318
206319
206320
206321
206322
206323
206324
206325
206326
206327
206328
206329
206330
206331
206332
206333
206334
206335
206336
206337
206338
206339
206340
206341
206342
206343
206344
206345
206346
206347
206348
206349
206350
206351
206352
206353
206354
206355
206356
206357
206358
206359
206360
206361
206362
206363
206364
206365
206366
206367
206368
206369
206370
206371
206372
206373
206374
206375
206376
206377
206378
206379
206380
206381
206382
206383
206384
206385
206386
206387
206388
206389
206390
206391
206392
206393
206394
206395
206396
206397
206398
206399
206400
206401
206402
206403
206404
206405
206406
206407
206408
206409
206410
206411
206412
206413
206414
206415
206416
206417
206418
206419
206420
206421
206422
206423
206424
206425
206426
206427
206428
206429
206430
206431
206432
206433
206434
206435
206436
206437
206438
206439
206440
206441
206442
206443
206444
206445
206446
206447
206448
206449
206450
206451
206452
206453
206454
206455
206456
206457
206458
206459
206460
206461
206462
206463
206464
206465
206466
206467
206468
206469
206470
206471
206472
206473
206474
206475
206476
206477
206478
206479
206480
206481
206482
206483
206484
206485
206486
206487
206488
206489
206490
206491
206492
206493
206494
206495
206496
206497
206498
206499
206500
206501
206502
206503
206504
206505
206506
206507
206508
206509
206510
206511
206512
206513
206514
206515
206516
206517
206518
206519
206520
206521
206522
206523
206524
206525
206526
206527
206528
206529
206530
206531
206532
206533
206534
206535
206536
206537
206538
206539
206540
206541
206542
206543
206544
206545
206546
206547
206548
206549
206550
206551
206552
206553
206554
206555
206556
206557
206558
206559
206560
206561
206562
206563
206564
206565
206566
206567
206568
206569
206570
206571
206572
206573
206574
206575
206576
206577
206578
206579
206580
206581
206582
206583
206584
206585
206586
206587
206588
206589
206590
206591
206592
206593
206594
206595
206596
206597
206598
206599
206600
206601
206602
206603
206604
206605
206606
206607
206608
206609
206610
206611
206612
206613
206614
206615
206616
206617
206618
206619
206620
206621
206622
206623
206624
206625
206626
206627
206628
206629
206630
206631
206632
206633
206634
206635
206636
206637
206638
206639
206640
206641
206642
206643
206644
206645
206646
206647
206648
206649
206715
206716
206717
206718
206719
206720
206721
206722
206723
206724
206725
206726
206727
206728
206729
206730
206731
206732
206733
206734
206735
206736
206737
206738
206739
206740
206741
206742
206743
206744
206745
206746
206747
206748
206749
206750
206751
206752
206753
206754
206755
206756
206757
206758
206759
206760
206761
206762
206763
206764
206765
206766
206767
206768
206769
206770
206771
206772
206773
206774
206775
206776
206777
206778
206779
206780
206781
206782
206783
206784
206785
206786
206787
206788
206789
206790
206791
206792
206793
206794
206795
206796
206797
206798
206799
206800
206801
206802
206803
206804
206805
206806
206807
206808
206809
206810
206811
206812
206813
206814
206815
206816
206817
206818
206819
206820
206821
206822
206823
206824
206825
206826
206827
206828
206829
206830
206831
206832
206833
206834
206835
206836
206837
206838
206839
206840
206841
206842
206843
206844
206845
206846
206847
206848
206849
206850
206851
206852
206853
206854
206855
206856
206857
206858
206859
206860
206861
206862
206863
206864
206865
206866
206867
206868
206869
206870
206871
206872
206873
206874
206875
206876
206877
206878
206879
206880
206881
206882
206883
206884
206885
206886
206887
206888
206889
206890
206891
206892
206893
206894
206895
206896
206897
206898
206899
206900
206901
206902
206903
206904
206905
206906
206907
206908
206909
206910
206911
206912
206913
206914
206915
206916
206917
206918
206919
206920
206921
206922
206923
206924
206925
206926
206927
206928
206929
206930
206931
206932
206933
206934
206935
206936
206937
206938
206939
206940
206941
206942
206943
206944
206945
206946
206947
206948
206949
206950
206951
206952
206953
206954
206955
206956
206957
206958
206959
206960
206961
206962
206963
206964
206965
206966
206967
206968
206969
206970
206971
206972
206973
206974
206975
206976
206977
206978
206979
206980
206981
206982
206983
206984
206985
206986
206987
206988
206989
206990
206991
206992
206993
206994
206995
206996
206997
206998
206999
207000
207001
207002
207003
207004
207005
207006
207007
207008
207009
207010
207011
207012
207013
207014
207015
207016
207017
207018
207019
207020
207021
207022
207023
207024
207025
207026
207027
207028
207029
207030
207031
207032
207033
207034
207035
207036
207037
207038
207039
207040
207041
207042
207043
207044
207045
207046
207112
207113
207114
207115
207116
207117
207118
207119
207120
207121
207122
207123
207124
207125
207126
207127
207128
207129
207130
207131
207132
207133
207134
207135
207136
207137
207138
207139
207140
207141
207142
207143
207144
207145
207146
207147
207148
207149
207150
207151
207152
207153
207154
207155
207156
207157
207158
207159
207160
207161
207162
207163
207164
207165
207166
207167
207168
207169
207170
207171
207172
207173
207174
207175
207176
207177
207178
207179
207180
207181
207182
207183
207184
207185
207186
207187
207188
207189
207190
207191
207192
207193
207194
207195
207196
207197
207198
207199
207200
207201
207202
207203
207204
207205
207206
207207
207208
207209
207210
207211
207212
207213
207214
207215
207216
207217
207218
207219
207220
207221
207222
207223
207224
207225
207226
207227
207228
207229
207230
207231
207232
207233
207234
207235
207236
207237
207238
207239
207240
207241
207242
207243
207244
207245
207246
207247
207248
207249
207250
207251
207252
207253
207254
207255
207256
207257
207258
207259
207260
207261
207262
207263
207264
207265
207266
207267
207268
207269
207270
207271
207272
207273
207274
207275
207276
207277
207278
207279
207280
207281
207282
207283
207284
207285
207286
207287
207288
207289
207290
207291
207292
207293
207294
207295
207296
207297
207298
207299
207300
207301
207302
207303
207304
207305
207306
207307
207308
207309
207310
207311
207312
207313
207314
207315
207316
207317
207318
207319
207320
207321
207322
207323
207324
207325
207326
207327
207328
207329
207330
207331
207332
207333
207334
207335
207336
207337
207338
207339
207340
207341
207342
207343
207344
207345
207346
207347
207348
207349
207350
207351
207352
207353
207354
207355
207356
207357
207358
207359
207360
207361
207362
207363
207364
207365
207366
207367
207368
207369
207370
207371
207372
207373
207374
207375
207376
207377
207378
207379
207380
207381
207382
207383
207384
207385
207386
207387
207388
207389
207390
207391
207392
207393
207394
207395
207396
207397
207398
207399
207400
207401
207402
207403
207404
207405
207406
207407
207408
207409
207410
207411
207412
207413
207414
207415
207416
207417
207418
207419
207420
207421
207422
207423
207424
207425
207426
207427
207428
207429
207430
207431
207432
207433
207434
207435
207436
207437
207438
207439
207440
207441
207442
207443
207509
207511
207512
207513
207514
207515
207516
207517
207518
207519
207520
207521
207522
207523
207524
207525
207526
207527
207528
207529
207530
207531
207532
207533
207534
207535
207536
207537
207538
207539
207540
207541
207542
207543
207544
207545
207546
207547
207548
207549
207550
207551
207552
207553
207554
207555
207556
207557
207558
207559
207560
207561
207562
207563
207564
207565
207566
207567
207568
207569
207570
207571
207572
207573
207574
207575
207576
207577
207578
207579
207580
207581
207582
207583
207584
207585
207586
207587
207588
207589
207590
207591
207592
207593
207594
207595
207596
207597
207598
207599
207600
207601
207602
207603
207604
207605
207606
207607
207608
207609
207610
207611
207612
207613
207614
207615
207616
207617
207618
207619
207620
207621
207622
207623
207624
207625
207626
207627
207628
207629
207630
207631
207632
207633
207634
207635
207636
207637
207638
207639
207640
207641
207642
207643
207644
207645
207646
207647
207648
207649
207650
207651
207652
207653
207654
207655
207656
207657
207658
207659
207660
207661
207662
207663
207664
207665
207666
207667
207668
207669
207670
207671
207672
207673
207674
207675
207676
207677
207678
207679
207680
207681
207682
207683
207684
207685
207686
207687
207688
207689
207690
207691
207692
207693
207694
207695
207696
207697
207698
207699
207700
207701
207702
207703
207704
207705
207706
207707
207708
207709
207710
207711
207712
207713
207714
207715
207716
207717
207718
207719
207720
207721
207722
207723
207724
207725
207726
207727
207728
207729
207730
207731
207732
207733
207734
207735
207736
207737
207738
207739
207740
207741
207742
207743
207744
207745
207746
207747
207748
207749
207750
207751
207752
207753
207754
207755
207756
207757
207758
207759
207760
207761
207762
207763
207764
207765
207766
207767
207768
207769
207770
207771
207772
207773
207774
207775
207776
207777
207778
207779
207780
207781
207782
207783
207784
207785
207786
207787
207788
207789
207790
207791
207792
207793
207794
207795
207796
207797
207798
207799
207800
207801
207802
207803
207804
207805
207806
207807
207808
207809
207810
207811
207812
207813
207814
207815
207816
207817
207818
207819
207820
207821
207822
207823
207824
207825
207826
207827
207828
207829
207830
207831
207832
207833
207834
207835
207836
207837
207838
207839
207840
207906
207908
207909
207910
207911
207912
207913
207914
207915
207916
207917
207918
207919
207920
207921
207922
207923
207924
207925
207926
207927
207928
207929
207930
207931
207932
207933
207934
207935
207936
207937
207938
207939
207940
207941
207942
207943
207944
207945
207946
207947
207948
207949
207950
207951
207952
207953
207954
207955
207956
207957
207958
207959
207960
207961
207962
207963
207964
207965
207966
207967
207968
207969
207970
207971
207972
207973
207974
207975
207976
207977
207978
207979
207980
207981
207982
207983
207984
207985
207986
207987
207988
207989
207990
207991
207992
207993
207994
207995
207996
207997
207998
207999
208000
208001
208002
208003
208004
208005
208006
208007
208008
208009
208010
208011
208012
208013
208014
208015
208016
208017
208018
208019
208020
208021
208022
208023
208024
208025
208026
208027
208028
208029
208030
208031
208032
208033
208034
208035
208036
208037
208038
208039
208040
208041
208042
208043
208044
208045
208046
208047
208048
208049
208050
208051
208052
208053
208054
208055
208056
208057
208058
208059
208060
208061
208062
208063
208064
208065
208066
208067
208068
208069
208070
208071
208072
208073
208074
208075
208076
208077
208078
208079
208080
208081
208082
208083
208084
208085
208086
208087
208088
208089
208090
208091
208092
208093
208094
208095
208096
208097
208098
208099
208100
208101
208102
208103
208104
208105
208106
208107
208108
208109
208110
208111
208112
208113
208114
208115
208116
208117
208118
208119
208120
208121
208122
208123
208124
208125
208126
208127
208128
208129
208130
208131
208132
208133
208134
208135
208136
208137
208138
208139
208140
208141
208142
208143
208144
208145
208146
208147
208148
208149
208150
208151
208152
208153
208154
208155
208156
208157
208158
208159
208160
208161
208162
208163
208164
208165
208166
208167
208168
208169
208170
208171
208172
208173
208174
208175
208176
208177
208178
208179
208180
208181
208182
208183
208184
208185
208186
208187
208188
208189
208190
208191
208192
208193
208194
208195
208196
208197
208198
208199
208200
208201
208202
208203
208204
208205
208206
208207
208208
208209
208210
208211
208212
208213
208214
208215
208216
208217
208218
208219
208220
208221
208222
208223
208224
208225
208226
208227
208228
208229
208230
208231
208232
208233
208234
208235
208236
208237
208303
208305
208306
208307
208308
208309
208310
208311
208312
208313
208314
208315
208316
208317
208318
208319
208320
208321
208322
208323
208324
208325
208326
208327
208328
208329
208330
208331
208332
208333
208334
208335
208336
208337
208338
208339
208340
208341
208342
208343
208344
208345
208346
208347
208348
208349
208350
208351
208352
208353
208354
208355
208356
208357
208358
208359
208360
208361
208362
208363
208364
208365
208366
208367
208368
208369
208370
208371
208372
208373
208374
208375
208376
208377
208378
208379
208380
208381
208382
208383
208384
208385
208386
208387
208388
208389
208390
208391
208392
208393
208394
208395
208396
208397
208398
208399
208400
208401
208402
208403
208404
208405
208406
208407
208408
208409
208410
208411
208412
208413
208414
208415
208416
208417
208418
208419
208420
208421
208422
208423
208424
208425
208426
208427
208428
208429
208430
208431
208432
208433
208434
208435
208436
208437
208438
208439
208440
208441
208442
208443
208444
208445
208446
208447
208448
208449
208450
208451
208452
208453
208454
208455
208456
208457
208458
208459
208460
208461
208462
208463
208464
208465
208466
208467
208468
208469
208470
208471
208472
208473
208474
208475
208476
208477
208478
208479
208480
208481
208482
208483
208484
208485
208486
208487
208488
208489
208490
208491
208492
208493
208494
208495
208496
208497
208498
208499
208500
208501
208502
208503
208504
208505
208506
208507
208508
208509
208510
208511
208512
208513
208514
208515
208516
208517
208518
208519
208520
208521
208522
208523
208524
208525
208526
208527
208528
208529
208530
208531
208532
208533
208534
208535
208536
208537
208538
208539
208540
208541
208542
208543
208544
208545
208546
208547
208548
208549
208550
208551
208552
208553
208554
208555
208556
208557
208558
208559
208560
208561
208562
208563
208564
208565
208566
208567
208568
208569
208570
208571
208572
208573
208574
208575
208576
208577
208578
208579
208580
208581
208582
208583
208584
208585
208586
208587
208588
208589
208590
208591
208592
208593
208594
208595
208596
208597
208598
208599
208600
208601
208602
208603
208604
208605
208606
208607
208608
208609
208610
208611
208612
208613
208614
208615
208616
208617
208618
208619
208620
208621
208622
208623
208624
208625
208626
208627
208628
208629
208630
208631
208632
208633
208634
208700
208702
208703
208704
208705
208706
208707
208708
208709
208710
208711
208712
208713
208714
208715
208716
208717
208718
208719
208720
208721
208722
208723
208724
208725
208726
208727
208728
208729
208730
208731
208732
208733
208734
208735
208736
208737
208738
208739
208740
208741
208742
208743
208744
208745
208746
208747
208748
208749
208750
208751
208752
208753
208754
208755
208756
208757
208758
208759
208760
208761
208762
208763
208764
208765
208766
208767
208768
208769
208770
208771
208772
208773
208774
208775
208776
208777
208778
208779
208780
208781
208782
208783
208784
208785
208786
208787
208788
208789
208790
208791
208792
208793
208794
208795
208796
208797
208798
208799
208800
208801
208802
208803
208804
208805
208806
208807
208808
208809
208810
208811
208812
208813
208814
208815
208816
208817
208818
208819
208820
208821
208822
208823
208824
208825
208826
208827
208828
208829
208830
208831
208832
208833
208834
208835
208836
208837
208838
208839
208840
208841
208842
208843
208844
208845
208846
208847
208848
208849
208850
208851
208852
208853
208854
208855
208856
208857
208858
208859
208860
208861
208862
208863
208864
208865
208866
208867
208868
208869
208870
208871
208872
208873
208874
208875
208876
208877
208878
208879
208880
208881
208882
208883
208884
208885
208886
208887
208888
208889
208890
208891
208892
208893
208894
208895
208896
208897
208898
208899
208900
208901
208902
208903
208904
208905
208906
208907
208908
208909
208910
208911
208912
208913
208914
208915
208916
208917
208918
208919
208920
208921
208922
208923
208924
208925
208926
208927
208928
208929
208930
208931
208932
208933
208934
208935
208936
208937
208938
208939
208940
208941
208942
208943
208944
208945
208946
208947
208948
208949
208950
208951
208952
208953
208954
208955
208956
208957
208958
208959
208960
208961
208962
208963
208964
208965
208966
208967
208968
208969
208970
208971
208972
208973
208974
208975
208976
208977
208978
208979
208980
208981
208982
208983
208984
208985
208986
208987
208988
208989
208990
208991
208992
208993
208994
208995
208996
208997
208998
208999
209000
209001
209002
209003
209004
209005
209006
209007
209008
209009
209010
209011
209012
209013
209014
209015
209016
209017
209018
209019
209020
209021
209022
209023
209024
209025
209026
209027
209028
209029
209030
209031
209097
209099
209100
209101
209102
209103
209104
209105
209106
209107
209108
209109
209110
209111
209112
209113
209114
209115
209116
209117
209118
209119
209120
209121
209122
209123
209124
209125
209126
209127
209128
209129
209130
209131
209132
209133
209134
209135
209136
209137
209138
209139
209140
209141
209142
209143
209144
209145
209146
209147
209148
209149
209150
209151
209152
209153
209154
209155
209156
209157
209158
209159
209160
209161
209162
209163
209164
209165
209166
209167
209168
209169
209170
209171
209172
209173
209174
209175
209176
209177
209178
209179
209180
209181
209182
209183
209184
209185
209186
209187
209188
209189
209190
209191
209192
209193
209194
209195
209196
209197
209198
209199
209200
209201
209202
209203
209204
209205
209206
209207
209208
209209
209210
209211
209212
209213
209214
209215
209216
209217
209218
209219
209220
209221
209222
209223
209224
209225
209226
209227
209228
209229
209230
209231
209232
209233
209234
209235
209236
209237
209238
209239
209240
209241
209242
209243
209244
209245
209246
209247
209248
209249
209250
209251
209252
209253
209254
209255
209256
209257
209258
209259
209260
209261
209262
209263
209264
209265
209266
209267
209268
209269
209270
209271
209272
209273
209274
209275
209276
209277
209278
209279
209280
209281
209282
209283
209284
209285
209286
209287
209288
209289
209290
209291
209292
209293
209294
209295
209296
209297
209298
209299
209300
209301
209302
209303
209304
209305
209306
209307
209308
209309
209310
209311
209312
209313
209314
209315
209316
209317
209318
209319
209320
209321
209322
209323
209324
209325
209326
209327
209328
209329
209330
209331
209332
209333
209334
209335
209336
209337
209338
209339
209340
209341
209342
209343
209344
209345
209346
209347
209348
209349
209350
209351
209352
209353
209354
209355
209356
209357
209358
209359
209360
209361
209362
209363
209364
209365
209366
209367
209368
209369
209370
209371
209372
209373
209374
209375
209376
209377
209378
209379
209380
209381
209382
209383
209384
209385
209386
209387
209388
209389
209390
209391
209392
209393
209394
209395
209396
209397
209398
209399
209400
209401
209402
209403
209404
209405
209406
209407
209408
209409
209410
209411
209412
209413
209414
209415
209416
209417
209418
209419
209420
209421
209422
209423
209424
209425
209426
209427
209428
209494
209496
209497
209498
209499
209500
209501
209502
209503
209504
209505
209506
209507
209508
209509
209510
209511
209512
209513
209514
209515
209516
209517
209518
209519
209520
209521
209522
209523
209524
209525
209526
209527
209528
209529
209530
209531
209532
209533
209534
209535
209536
209537
209538
209539
209540
209541
209542
209543
209544
209545
209546
209547
209548
209549
209550
209551
209552
209553
209554
209555
209556
209557
209558
209559
209560
209561
209562
209563
209564
209565
209566
209567
209568
209569
209570
209571
209572
209573
209574
209575
209576
209577
209578
209579
209580
209581
209582
209583
209584
209585
209586
209587
209588
209589
209590
209591
209592
209593
209594
209595
209596
209597
209598
209599
209600
209601
209602
209603
209604
209605
209606
209607
209608
209609
209610
209611
209612
209613
209614
209615
209616
209617
209618
209619
209620
209621
209622
209623
209624
209625
209626
209627
209628
209629
209630
209631
209632
209633
209634
209635
209636
209637
209638
209639
209640
209641
209642
209643
209644
209645
209646
209647
209648
209649
209650
209651
209652
209653
209654
209655
209656
209657
209658
209659
209660
209661
209662
209663
209664
209665
209666
209667
209668
209669
209670
209671
209672
209673
209674
209675
209676
209677
209678
209679
209680
209681
209682
209683
209684
209685
209686
209687
209688
209689
209690
209691
209692
209693
209694
209695
209696
209697
209698
209699
209700
209701
209702
209703
209704
209705
209706
209707
209708
209709
209710
209711
209712
209713
209714
209715
209716
209717
209718
209719
209720
209721
209722
209723
209724
209725
209726
209727
209728
209729
209730
209731
209732
209733
209734
209735
209736
209737
209738
209739
209740
209741
209742
209743
209744
209745
209746
209747
209748
209749
209750
209751
209752
209753
209754
209755
209756
209757
209758
209759
209760
209761
209762
209763
209764
209765
209766
209767
209768
209769
209770
209771
209772
209773
209774
209775
209776
209777
209778
209779
209780
209781
209782
209783
209784
209785
209786
209787
209788
209789
209790
209791
209792
209793
209794
209795
209796
209797
209798
209799
209800
209801
209802
209803
209804
209805
209806
209807
209808
209809
209810
209811
209812
209813
209814
209815
209816
209817
209818
209819
209820
209821
209822
209823
209824
209825
209891
209893
209894
209895
209896
209897
209898
209899
209900
209901
209902
209903
209904
209905
209906
209907
209908
209909
209910
209911
209912
209913
209914
209915
209916
209917
209918
209919
209920
209921
209922
209923
209924
209925
209926
209927
209928
209929
209930
209931
209932
209933
209934
209935
209936
209937
209938
209939
209940
209941
209942
209943
209944
209945
209946
209947
209948
209949
209950
209951
209952
209953
209954
209955
209956
209957
209958
209959
209960
209961
209962
209963
209964
209965
209966
209967
209968
209969
209970
209971
209972
209973
209974
209975
209976
209977
209978
209979
209980
209981
209982
209983
209984
209985
209986
209987
209988
209989
209990
209991
209992
209993
209994
209995
209996
209997
209998
209999
210000
210001
210002
210003
210004
210005
210006
210007
210008
210009
210010
210011
210012
210013
210014
210015
210016
210017
210018
210019
210020
210021
210022
210023
210024
210025
210026
210027
210028
210029
210030
210031
210032
210033
210034
210035
210036
210037
210038
210039
210040
210041
210042
210043
210044
210045
210046
210047
210048
210049
210050
210051
210052
210053
210054
210055
210056
210057
210058
210059
210060
210061
210062
210063
210064
210065
210066
210067
210068
210069
210070
210071
210072
210073
210074
210075
210076
210077
210078
210079
210080
210081
210082
210083
210084
210085
210086
210087
210088
210089
210090
210091
210092
210093
210094
210095
210096
210097
210098
210099
210100
210101
210102
210103
210104
210105
210106
210107
210108
210109
210110
210111
210112
210113
210114
210115
210116
210117
210118
210119
210120
210121
210122
210123
210124
210125
210126
210127
210128
210129
210130
210131
210132
210133
210134
210135
210136
210137
210138
210139
210140
210141
210142
210143
210144
210145
210146
210147
210148
210149
210150
210151
210152
210153
210154
210155
210156
210157
210158
210159
210160
210161
210162
210163
210164
210165
210166
210167
210168
210169
210170
210171
210172
210173
210174
210175
210176
210177
210178
210179
210180
210181
210182
210183
210184
210185
210186
210187
210188
210189
210190
210191
210192
210193
210194
210195
210196
210197
210198
210199
210200
210201
210202
210203
210204
210205
210206
210207
210208
210209
210210
210211
210212
210213
210214
210215
210216
210217
210218
210219
210220
210221
210222
210288
210290
210291
210292
210293
210294
210295
210296
210297
210298
210299
210300
210301
210302
210303
210304
210305
210306
210307
210308
210309
210310
210311
210312
210313
210314
210315
210316
210317
210318
210319
210320
210321
210322
210323
210324
210325
210326
210327
210328
210329
210330
210331
210332
210333
210334
210335
210336
210337
210338
210339
210340
210341
210342
210343
210344
210345
210346
210347
210348
210349
210350
210351
210352
210353
210354
210355
210356
210357
210358
210359
210360
210361
210362
210363
210364
210365
210366
210367
210368
210369
210370
210371
210372
210373
210374
210375
210376
210377
210378
210379
210380
210381
210382
210383
210384
210385
210386
210387
210388
210389
210390
210391
210392
210393
210394
210395
210396
210397
210398
210399
210400
210401
210402
210403
210404
210405
210406
210407
210408
210409
210410
210411
210412
210413
210414
210415
210416
210417
210418
210419
210420
210421
210422
210423
210424
210425
210426
210427
210428
210429
210430
210431
210432
210433
210434
210435
210436
210437
210438
210439
210440
210441
210442
210443
210444
210445
210446
210447
210448
210449
210450
210451
210452
210453
210454
210455
210456
210457
210458
210459
210460
210461
210462
210463
210464
210465
210466
210467
210468
210469
210470
210471
210472
210473
210474
210475
210476
210477
210478
210479
210480
210481
210482
210483
210484
210485
210486
210487
210488
210489
210490
210491
210492
210493
210494
210495
210496
210497
210498
210499
210500
210501
210502
210503
210504
210505
210506
210507
210508
210509
210510
210511
210512
210513
210514
210515
210516
210517
210518
210519
210520
210521
210522
210523
210524
210525
210526
210527
210528
210529
210530
210531
210532
210533
210534
210535
210536
210537
210538
210539
210540
210541
210542
210543
210544
210545
210546
210547
210548
210549
210550
210551
210552
210553
210554
210555
210556
210557
210558
210559
210560
210561
210562
210563
210564
210565
210566
210567
210568
210569
210570
210571
210572
210573
210574
210575
210576
210577
210578
210579
210580
210581
210582
210583
210584
210585
210586
210587
210588
210589
210590
210591
210592
210593
210594
210595
210596
210597
210598
210599
210600
210601
210602
210603
210604
210605
210606
210607
210608
210609
210610
210611
210612
210613
210614
210615
210616
210617
210618
210619
210685
210687
210688
210689
210690
210691
210692
210693
210694
210695
210696
210697
210698
210699
210700
210701
210702
210703
210704
210705
210706
210707
210708
210709
210710
210711
210712
210713
210714
210715
210716
210717
210718
210719
210720
210721
210722
210723
210724
210725
210726
210727
210728
210729
210730
210731
210732
210733
210734
210735
210736
210737
210738
210739
210740
210741
210742
210743
210744
210745
210746
210747
210748
210749
210750
210751
210752
210753
210754
210755
210756
210757
210758
210759
210760
210761
210762
210763
210764
210765
210766
210767
210768
210769
210770
210771
210772
210773
210774
210775
210776
210777
210778
210779
210780
210781
210782
210783
210784
210785
210786
210787
210788
210789
210790
210791
210792
210793
210794
210795
210796
210797
210798
210799
210800
210801
210802
210803
210804
210805
210806
210807
210808
210809
210810
210811
210812
210813
210814
210815
210816
210817
210818
210819
210820
210821
210822
210823
210824
210825
210826
210827
210828
210829
210830
210831
210832
210833
210834
210835
210836
210837
210838
210839
210840
210841
210842
210843
210844
210845
210846
210847
210848
210849
210850
210851
210852
210853
210854
210855
210856
210857
210858
210859
210860
210861
210862
210863
210864
210865
210866
210867
210868
210869
210870
210871
210872
210873
210874
210875
210876
210877
210878
210879
210880
210881
210882
210883
210884
210885
210886
210887
210888
210889
210890
210891
210892
210893
210894
210895
210896
210897
210898
210899
210900
210901
210902
210903
210904
210905
210906
210907
210908
210909
210910
210911
210912
210913
210914
210915
210916
210917
210918
210919
210920
210921
210922
210923
210924
210925
210926
210927
210928
210929
210930
210931
210932
210933
210934
210935
210936
210937
210938
210939
210940
210941
210942
210943
210944
210945
210946
210947
210948
210949
210950
210951
210952
210953
210954
210955
210956
210957
210958
210959
210960
210961
210962
210963
210964
210965
210966
210967
210968
210969
210970
210971
210972
210973
210974
210975
210976
210977
210978
210979
210980
210981
210982
210983
210984
210985
210986
210987
210988
210989
210990
210991
210992
210993
210994
210995
210996
210997
210998
210999
211000
211001
211002
211003
211004
211005
211006
211007
211008
211009
211010
211011
211012
211013
211014
211015
211016
211082
211084
211085
211086
211087
211088
211089
211090
211091
211092
211093
211094
211095
211096
211097
211098
211099
211100
211101
211102
211103
211104
211105
211106
211107
211108
211109
211110
211111
211112
211113
211114
211115
211116
211117
211118
211119
211120
211121
211122
211123
211124
211125
211126
211127
211128
211129
211130
211131
211132
211133
211134
211135
211136
211137
211138
211139
211140
211141
211142
211143
211144
211145
211146
211147
211148
211149
211150
211151
211152
211153
211154
211155
211156
211157
211158
211159
211160
211161
211162
211163
211164
211165
211166
211167
211168
211169
211170
211171
211172
211173
211174
211175
211176
211177
211178
211179
211180
211181
211182
211183
211184
211185
211186
211187
211188
211189
211190
211191
211192
211193
211194
211195
211196
211197
211198
211199
211200
211201
211202
211203
211204
211205
211206
211207
211208
211209
211210
211211
211212
211213
211214
211215
211216
211217
211218
211219
211220
211221
211222
211223
211224
211225
211226
211227
211228
211229
211230
211231
211232
211233
211234
211235
211236
211237
211238
211239
211240
211241
211242
211243
211244
211245
211246
211247
211248
211249
211250
211251
211252
211253
211254
211255
211256
211257
211258
211259
211260
211261
211262
211263
211264
211265
211266
211267
211268
211269
211270
211271
211272
211273
211274
211275
211276
211277
211278
211279
211280
211281
211282
211283
211284
211285
211286
211287
211288
211289
211290
211291
211292
211293
211294
211295
211296
211297
211298
211299
211300
211301
211302
211303
211304
211305
211306
211307
211308
211309
211310
211311
211312
211313
211314
211315
211316
211317
211318
211319
211320
211321
211322
211323
211324
211325
211326
211327
211328
211329
211330
211331
211332
211333
211334
211335
211336
211337
211338
211339
211340
211341
211342
211343
211344
211345
211346
211347
211348
211349
211350
211351
211352
211353
211354
211355
211356
211357
211358
211359
211360
211361
211362
211363
211364
211365
211366
211367
211368
211369
211370
211371
211372
211373
211374
211375
211376
211377
211378
211379
211380
211381
211382
211383
211384
211385
211386
211387
211388
211389
211390
211391
211392
211393
211394
211395
211396
211397
211398
211399
211400
211401
211402
211403
211404
211405
211406
211407
211408
211409
211410
211411
211412
211413
211479
211481
211482
211483
211484
211485
211486
211487
211488
211489
211490
211491
211492
211493
211494
211495
211496
211497
211498
211499
211500
211501
211502
211503
211504
211505
211506
211507
211508
211509
211510
211511
211512
211513
211514
211515
211516
211517
211518
211519
211520
211521
211522
211523
211524
211525
211526
211527
211528
211529
211530
211531
211532
211533
211534
211535
211536
211537
211538
211539
211540
211541
211542
211543
211544
211545
211546
211547
211548
211549
211550
211551
211552
211553
211554
211555
211556
211557
211558
211559
211560
211561
211562
211563
211564
211565
211566
211567
211568
211569
211570
211571
211572
211573
211574
211575
211576
211577
211578
211579
211580
211581
211582
211583
211584
211585
211586
211587
211588
211589
211590
211591
211592
211593
211594
211595
211596
211597
211598
211599
211600
211601
211602
211603
211604
211605
211606
211607
211608
211609
211610
211611
211612
211613
211614
211615
211616
211617
211618
211619
211620
211621
211622
211623
211624
211625
211626
211627
211628
211629
211630
211631
211632
211633
211634
211635
211636
211637
211638
211639
211640
211641
211642
211643
211644
211645
211646
211647
211648
211649
211650
211651
211652
211653
211654
211655
211656
211657
211658
211659
211660
211661
211662
211663
211664
211665
211666
211667
211668
211669
211670
211671
211672
211673
211674
211675
211676
211677
211678
211679
211680
211681
211682
211683
211684
211685
211686
211687
211688
211689
211690
211691
211692
211693
211694
211695
211696
211697
211698
211699
211700
211701
211702
211703
211704
211705
211706
211707
211708
211709
211710
211711
211712
211713
211714
211715
211716
211717
211718
211719
211720
211721
211722
211723
211724
211725
211726
211727
211728
211729
211730
211731
211732
211733
211734
211735
211736
211737
211738
211739
211740
211741
211742
211743
211744
211745
211746
211747
211748
211749
211750
211751
211752
211753
211754
211755
211756
211757
211758
211759
211760
211761
211762
211763
211764
211765
211766
211767
211768
211769
211770
211771
211772
211773
211774
211775
211776
211777
211778
211779
211780
211781
211782
211783
211784
211785
211786
211787
211788
211789
211790
211791
211792
211793
211794
211795
211796
211797
211798
211799
211800
211801
211802
211803
211804
211805
211806
211807
211808
211809
211810
211876
211878
211879
211880
211881
211882
211883
211884
211885
211886
211887
211888
211889
211890
211891
211892
211893
211894
211895
211896
211897
211898
211899
211900
211901
211902
211903
211904
211905
211906
211907
211908
211909
211910
211911
211912
211913
211914
211915
211916
211917
211918
211919
211920
211921
211922
211923
211924
211925
211926
211927
211928
211929
211930
211931
211932
211933
211934
211935
211936
211937
211938
211939
211940
211941
211942
211943
211944
211945
211946
211947
211948
211949
211950
211951
211952
211953
211954
211955
211956
211957
211958
211959
211960
211961
211962
211963
211964
211965
211966
211967
211968
211969
211970
211971
211972
211973
211974
211975
211976
211977
211978
211979
211980
211981
211982
211983
211984
211985
211986
211987
211988
211989
211990
211991
211992
211993
211994
211995
211996
211997
211998
211999
212000
212001
212002
212003
212004
212005
212006
212007
212008
212009
212010
212011
212012
212013
212014
212015
212016
212017
212018
212019
212020
212021
212022
212023
212024
212025
212026
212027
212028
212029
212030
212031
212032
212033
212034
212035
212036
212037
212038
212039
212040
212041
212042
212043
212044
212045
212046
212047
212048
212049
212050
212051
212052
212053
212054
212055
212056
212057
212058
212059
212060
212061
212062
212063
212064
212065
212066
212067
212068
212069
212070
212071
212072
212073
212074
212075
212076
212077
212078
212079
212080
212081
212082
212083
212084
212085
212086
212087
212088
212089
212090
212091
212092
212093
212094
212095
212096
212097
212098
212099
212100
212101
212102
212103
212104
212105
212106
212107
212108
212109
212110
212111
212112
212113
212114
212115
212116
212117
212118
212119
212120
212121
212122
212123
212124
212125
212126
212127
212128
212129
212130
212131
212132
212133
212134
212135
212136
212137
212138
212139
212140
212141
212142
212143
212144
212145
212146
212147
212148
212149
212150
212151
212152
212153
212154
212155
212156
212157
212158
212159
212160
212161
212162
212163
212164
212165
212166
212167
212168
212169
212170
212171
212172
212173
212174
212175
212176
212177
212178
212179
212180
212181
212182
212183
212184
212185
212186
212187
212188
212189
212190
212191
212192
212193
212194
212195
212196
212197
212198
212199
212200
212201
212202
212203
212204
212205
212206
212207
212273
212275
212276
212277
212278
212279
212280
212281
212282
212283
212284
212285
212286
212287
212288
212289
212290
212291
212292
212293
212294
212295
212296
212297
212298
212299
212300
212301
212302
212303
212304
212305
212306
212307
212308
212309
212310
212311
212312
212313
212314
212315
212316
212317
212318
212319
212320
212321
212322
212323
212324
212325
212326
212327
212328
212329
212330
212331
212332
212333
212334
212335
212336
212337
212338
212339
212340
212341
212342
212343
212344
212345
212346
212347
212348
212349
212350
212351
212352
212353
212354
212355
212356
212357
212358
212359
212360
212361
212362
212363
212364
212365
212366
212367
212368
212369
212370
212371
212372
212373
212374
212375
212376
212377
212378
212379
212380
212381
212382
212383
212384
212385
212386
212387
212388
212389
212390
212391
212392
212393
212394
212395
212396
212397
212398
212399
212400
212401
212402
212403
212404
212405
212406
212407
212408
212409
212410
212411
212412
212413
212414
212415
212416
212417
212418
212419
212420
212421
212422
212423
212424
212425
212426
212427
212428
212429
212430
212431
212432
212433
212434
212435
212436
212437
212438
212439
212440
212441
212442
212443
212444
212445
212446
212447
212448
212449
212450
212451
212452
212453
212454
212455
212456
212457
212458
212459
212460
212461
212462
212463
212464
212465
212466
212467
212468
212469
212470
212471
212472
212473
212474
212475
212476
212477
212478
212479
212480
212481
212482
212483
212484
212485
212486
212487
212488
212489
212490
212491
212492
212493
212494
212495
212496
212497
212498
212499
212500
212501
212502
212503
212504
212505
212506
212507
212508
212509
212510
212511
212512
212513
212514
212515
212516
212517
212518
212519
212520
212521
212522
212523
212524
212525
212526
212527
212528
212529
212530
212531
212532
212533
212534
212535
212536
212537
212538
212539
212540
212541
212542
212543
212544
212545
212546
212547
212548
212549
212550
212551
212552
212553
212554
212555
212556
212557
212558
212559
212560
212561
212562
212563
212564
212565
212566
212567
212568
212569
212570
212571
212572
212573
212574
212575
212576
212577
212578
212579
212580
212581
212582
212583
212584
212585
212586
212587
212588
212589
212590
212591
212592
212593
212594
212595
212596
212597
212598
212599
212600
212601
212602
212603
212604
212670
212672
212673
212674
212675
212676
212677
212678
212679
212680
212681
212682
212683
212684
212685
212686
212687
212688
212689
212690
212691
212692
212693
212694
212695
212696
212697
212698
212699
212700
212701
212702
212703
212704
212705
212706
212707
212708
212709
212710
212711
212712
212713
212714
212715
212716
212717
212718
212719
212720
212721
212722
212723
212724
212725
212726
212727
212728
212729
212730
212731
212732
212733
212734
212735
212736
212737
212738
212739
212740
212741
212742
212743
212744
212745
212746
212747
212748
212749
212750
212751
212752
212753
212754
212755
212756
212757
212758
212759
212760
212761
212762
212763
212764
212765
212766
212767
212768
212769
212770
212771
212772
212773
212774
212775
212776
212777
212778
212779
212780
212781
212782
212783
212784
212785
212786
212787
212788
212789
212790
212791
212792
212793
212794
212795
212796
212797
212798
212799
212800
212801
212802
212803
212804
212805
212806
212807
212808
212809
212810
212811
212812
212813
212814
212815
212816
212817
212818
212819
212820
212821
212822
212823
212824
212825
212826
212827
212828
212829
212830
212831
212832
212833
212834
212835
212836
212837
212838
212839
212840
212841
212842
212843
212844
212845
212846
212847
212848
212849
212850
212851
212852
212853
212854
212855
212856
212857
212858
212859
212860
212861
212862
212863
212864
212865
212866
212867
212868
212869
212870
212871
212872
212873
212874
212875
212876
212877
212878
212879
212880
212881
212882
212883
212884
212885
212886
212887
212888
212889
212890
212891
212892
212893
212894
212895
212896
212897
212898
212899
212900
212901
212902
212903
212904
212905
212906
212907
212908
212909
212910
212911
212912
212913
212914
212915
212916
212917
212918
212919
212920
212921
212922
212923
212924
212925
212926
212927
212928
212929
212930
212931
212932
212933
212934
212935
212936
212937
212938
212939
212940
212941
212942
212943
212944
212945
212946
212947
212948
212949
212950
212951
212952
212953
212954
212955
212956
212957
212958
212959
212960
212961
212962
212963
212964
212965
212966
212967
212968
212969
212970
212971
212972
212973
212974
212975
212976
212977
212978
212979
212980
212981
212982
212983
212984
212985
212986
212987
212988
212989
212990
212991
)


// ************************************************************************* //
