# Force and moment coefficients
# dragDir       : (1.00000000e+00 0.00000000e+00 0.00000000e+00)
# sideDir       : (0.00000000e+00 0.00000000e+00 -1.00000000e+00)
# liftDir       : (0.00000000e+00 1.00000000e+00 0.00000000e+00)
# rollAxis      : (1.00000000e+00 0.00000000e+00 0.00000000e+00)
# pitchAxis     : (0.00000000e+00 0.00000000e+00 -1.00000000e+00)
# yawAxis       : (0.00000000e+00 1.00000000e+00 0.00000000e+00)
# magUInf       : 1.77482393e-01
# lRef          : 1.00000000e+00
# Aref          : 1.00000000e-02
# CofR          : (0.00000000e+00 0.00000000e+00 0.00000000e+00)
#
# Time          	Cd              	Cd(f)           	Cd(r)           	Cl              	Cl(f)           	Cl(r)           	CmPitch         	CmRoll          	CmYaw           	Cs              	Cs(f)           	Cs(r)           
101             	1.74498041e-01	8.72902529e-02	8.72077883e-02	-8.24645711e-03	-3.89942399e-03	-4.34703312e-03	2.23804566e-04	4.12322856e-05	8.72490206e-04	-3.63329551e-17	8.72490206e-04	-8.72490206e-04
102             	1.76579250e-01	8.83251268e-02	8.82541231e-02	-7.10036820e-03	-3.32235956e-03	-3.77800865e-03	2.27824546e-04	3.55018410e-05	8.82896249e-04	-3.63352255e-17	8.82896249e-04	-8.82896249e-04
103             	1.79858958e-01	8.99595963e-02	8.98993614e-02	-6.02348458e-03	-2.77987678e-03	-3.24360781e-03	2.31865515e-04	3.01174229e-05	8.99294789e-04	-3.63367935e-17	8.99294789e-04	-8.99294789e-04
104             	1.76787574e-01	8.84154901e-02	8.83720837e-02	-4.34064088e-03	-1.93439131e-03	-2.40624957e-03	2.35929133e-04	2.17032044e-05	8.83937869e-04	-3.63404450e-17	8.83937869e-04	-8.83937869e-04
105             	1.73611181e-01	8.68174562e-02	8.67937252e-02	-2.37310070e-03	-9.46530483e-04	-1.42657021e-03	2.40019865e-04	1.18655035e-05	8.68055907e-04	-3.63424028e-17	8.68055907e-04	-8.68055907e-04
106             	1.71620243e-01	8.58116631e-02	8.58085803e-02	-3.08280994e-04	8.99956557e-05	-3.98276650e-04	2.44136153e-04	1.54140497e-06	8.58101217e-04	-3.63436845e-17	8.58101217e-04	-8.58101217e-04
107             	1.68905719e-01	8.44430760e-02	8.44626434e-02	1.95674054e-03	1.22664937e-03	7.30091176e-04	2.48279094e-04	-9.78370271e-06	8.44528597e-04	-3.63466701e-17	8.44528597e-04	-8.44528597e-04
108             	1.70315971e-01	8.51403447e-02	8.51756263e-02	3.52816552e-03	2.01653614e-03	1.51162938e-03	2.52453376e-04	-1.76408276e-05	8.51579855e-04	-3.63503957e-17	8.51579855e-04	-8.51579855e-04
109             	1.72657316e-01	8.63025775e-02	8.63547382e-02	5.21607534e-03	2.86469418e-03	2.35138116e-03	2.56656510e-04	-2.60803767e-05	8.63286578e-04	-3.63498214e-17	8.63286578e-04	-8.63286578e-04
110             	1.72790011e-01	8.63615970e-02	8.64284145e-02	6.68174604e-03	3.60176091e-03	3.07998513e-03	2.60887887e-04	-3.34087302e-05	8.63950057e-04	-3.63485869e-17	8.63950057e-04	-8.63950057e-04
111             	1.76129376e-01	8.80214281e-02	8.81079475e-02	8.65194629e-03	4.59112919e-03	4.06081710e-03	2.65156042e-04	-4.32597314e-05	8.80646878e-04	-3.63493949e-17	8.80646878e-04	-8.80646878e-04
112             	1.75546527e-01	8.77205390e-02	8.78259878e-02	1.05448755e-02	5.54190619e-03	5.00296929e-03	2.69468449e-04	-5.27243774e-05	8.77732634e-04	-3.63491074e-17	8.77732634e-04	-8.77732634e-04
113             	1.77138528e-01	8.85050637e-02	8.86334638e-02	1.28400065e-02	6.69382501e-03	6.14618145e-03	2.73821779e-04	-6.42000323e-05	8.85692638e-04	-3.63529093e-17	8.85692638e-04	-8.85692638e-04
114             	1.74592311e-01	8.72191077e-02	8.73732034e-02	1.54095715e-02	7.98299618e-03	7.42657537e-03	2.78210405e-04	-7.70478577e-05	8.72961555e-04	-3.63529201e-17	8.72961555e-04	-8.72961555e-04
115             	1.75790108e-01	8.78083705e-02	8.79817376e-02	1.73367054e-02	8.95098550e-03	8.38571989e-03	2.82632803e-04	-8.66835269e-05	8.78950540e-04	-3.63535712e-17	8.78950540e-04	-8.78950540e-04
116             	1.72887973e-01	8.63454659e-02	8.65425070e-02	1.97041040e-02	1.01391329e-02	9.56497110e-03	2.87080921e-04	-9.85205202e-05	8.64439864e-04	-3.63539822e-17	8.64439864e-04	-8.64439864e-04
117             	1.81769817e-01	9.07826691e-02	9.09871481e-02	2.04478989e-02	1.05155021e-02	9.93239688e-03	2.91552589e-04	-1.02239495e-04	9.08849086e-04	-3.63563520e-17	9.08849086e-04	-9.08849086e-04
118             	1.79253167e-01	8.95115810e-02	8.97415859e-02	2.30004873e-02	1.17962900e-02	1.12041973e-02	2.96046339e-04	-1.15002436e-04	8.96265834e-04	-3.63597401e-17	8.96265834e-04	-8.96265834e-04
119             	1.84982436e-01	9.23667591e-02	9.26156767e-02	2.48917638e-02	1.27464459e-02	1.21453179e-02	3.00564013e-04	-1.24458819e-04	9.24912179e-04	-3.63615967e-17	9.24912179e-04	-9.24912179e-04
120             	1.82670572e-01	9.11992463e-02	9.14713262e-02	2.72079929e-02	1.39090978e-02	1.32988952e-02	3.05101293e-04	-1.36039965e-04	9.13352862e-04	-3.63608115e-17	9.13352862e-04	-9.13352862e-04
121             	1.86363980e-01	9.30367650e-02	9.33272154e-02	2.90450352e-02	1.48321728e-02	1.42128625e-02	3.09655143e-04	-1.45225176e-04	9.31819902e-04	-3.63640632e-17	9.31819902e-04	-9.31819902e-04
122             	1.81715811e-01	9.07018045e-02	9.10140069e-02	3.12202348e-02	1.59243411e-02	1.52958937e-02	3.14223701e-04	-1.56101174e-04	9.08579057e-04	-3.63709380e-17	9.08579057e-04	-9.08579057e-04
123             	1.87612030e-01	9.36417102e-02	9.39703200e-02	3.28609852e-02	1.67492996e-02	1.61116856e-02	3.18806969e-04	-1.64304926e-04	9.38060151e-04	-3.63767619e-17	9.38060151e-04	-9.38060151e-04
124             	1.84683300e-01	9.21657554e-02	9.25175444e-02	3.51788967e-02	1.79128431e-02	1.72660536e-02	3.23394761e-04	-1.75894483e-04	9.23416499e-04	-3.63823852e-17	9.23416499e-04	-9.23416499e-04
125             	1.90466993e-01	9.50478454e-02	9.54191473e-02	3.71301918e-02	1.88930806e-02	1.82371112e-02	3.27984727e-04	-1.85650959e-04	9.52334964e-04	-3.63836543e-17	9.52334964e-04	-9.52334964e-04
126             	1.90230256e-01	9.49170414e-02	9.53132146e-02	3.96173204e-02	2.01412389e-02	1.94760815e-02	3.32578719e-04	-1.98086602e-04	9.51151280e-04	-3.63838474e-17	9.51151280e-04	-9.51151280e-04
127             	1.96974060e-01	9.82794763e-02	9.86945832e-02	4.15106986e-02	2.10925245e-02	2.04181741e-02	3.37175167e-04	-2.07553493e-04	9.84870298e-04	-3.63800937e-17	9.84870298e-04	-9.84870298e-04
128             	1.94681797e-01	9.71205652e-02	9.75612317e-02	4.40666458e-02	2.23750939e-02	2.16915519e-02	3.41770997e-04	-2.20333229e-04	9.73408985e-04	-3.63822823e-17	9.73408985e-04	-9.73408985e-04
129             	1.98418495e-01	9.89771897e-02	9.94413057e-02	4.64115950e-02	2.35521630e-02	2.28594320e-02	3.46365520e-04	-2.32057975e-04	9.92092477e-04	-3.63844062e-17	9.92092477e-04	-9.92092477e-04
130             	1.93589236e-01	9.65477834e-02	9.70414525e-02	4.93669084e-02	2.50344053e-02	2.43325031e-02	3.50951087e-04	-2.46834542e-04	9.67946179e-04	-3.63859981e-17	9.67946179e-04	-9.67946179e-04
131             	1.97399781e-01	9.84402901e-02	9.89594904e-02	5.19200288e-02	2.63155437e-02	2.56044851e-02	3.55529278e-04	-2.59600144e-04	9.86998903e-04	-3.63869021e-17	9.86998903e-04	-9.86998903e-04
132             	1.93515204e-01	9.64829250e-02	9.70322787e-02	5.49353686e-02	2.78277855e-02	2.71075831e-02	3.60101170e-04	-2.74676843e-04	9.67576019e-04	-3.63897582e-17	9.67576019e-04	-9.67576019e-04
133             	1.99535119e-01	9.94798771e-02	1.00055242e-01	5.75364873e-02	2.91329173e-02	2.84035700e-02	3.64673684e-04	-2.87682437e-04	9.97675596e-04	-3.63896374e-17	9.97675596e-04	-9.97675596e-04
134             	1.99318087e-01	9.93562452e-02	9.99618419e-02	6.05596677e-02	3.06490757e-02	2.99105921e-02	3.69241788e-04	-3.02798339e-04	9.96590435e-04	-3.63920519e-17	9.96590435e-04	-9.96590435e-04
135             	2.04470516e-01	1.01917848e-01	1.02552669e-01	6.34820855e-02	3.21148462e-02	3.13672393e-02	3.73803470e-04	-3.17410428e-04	1.02235258e-03	-3.63916563e-17	1.02235258e-03	-1.02235258e-03
136             	2.01800591e-01	1.00564992e-01	1.01235599e-01	6.70607439e-02	3.39087350e-02	3.31520089e-02	3.78363088e-04	-3.35303720e-04	1.00900295e-03	-3.63911744e-17	1.00900295e-03	-1.00900295e-03
137             	2.06319330e-01	1.02809092e-01	1.03510238e-01	7.01145727e-02	3.54401988e-02	3.46743740e-02	3.82912402e-04	-3.50572864e-04	1.03159665e-03	-3.63890974e-17	1.03159665e-03	-1.03159665e-03
138             	2.06976539e-01	1.03122018e-01	1.03854521e-01	7.32502797e-02	3.70125927e-02	3.62376871e-02	3.87452779e-04	-3.66251399e-04	1.03488270e-03	-3.63878532e-17	1.03488270e-03	-1.03488270e-03
139             	2.10515667e-01	1.04876830e-01	1.05638836e-01	7.62006230e-02	3.84922985e-02	3.77083245e-02	3.91986979e-04	-3.81003115e-04	1.05257833e-03	-3.63874790e-17	1.05257833e-03	-1.05257833e-03
140             	2.14323288e-01	1.06770925e-01	1.07552362e-01	7.81437164e-02	3.94683789e-02	3.86753375e-02	3.96520732e-04	-3.90718582e-04	1.07161644e-03	-3.63868654e-17	1.07161644e-03	-1.07161644e-03
141             	2.18107456e-01	1.08648226e-01	1.09459230e-01	8.11003901e-02	4.09512458e-02	4.01491443e-02	4.01050761e-04	-4.05501950e-04	1.09053728e-03	-3.63864607e-17	1.09053728e-03	-1.09053728e-03
142             	2.24716114e-01	1.11941293e-01	1.12774821e-01	8.33527356e-02	4.20819504e-02	4.12707852e-02	4.05582595e-04	-4.16763678e-04	1.12358057e-03	-3.63870813e-17	1.12358057e-03	-1.12358057e-03
143             	2.27830587e-01	1.13484740e-01	1.14345847e-01	8.61106816e-02	4.34654525e-02	4.26452292e-02	4.10111661e-04	-4.30553408e-04	1.13915294e-03	-3.63890040e-17	1.13915294e-03	-1.13915294e-03
144             	2.31549474e-01	1.15331127e-01	1.16218347e-01	8.87219691e-02	4.47756207e-02	4.39463483e-02	4.14636188e-04	-4.43609845e-04	1.15774737e-03	-3.63884241e-17	1.15774737e-03	-1.15774737e-03
145             	2.29505316e-01	1.14293106e-01	1.15212210e-01	9.19103288e-02	4.63743234e-02	4.55360055e-02	4.19158945e-04	-4.59551644e-04	1.14752658e-03	-3.63913107e-17	1.14752658e-03	-1.14752658e-03
146             	2.35037162e-01	1.17050827e-01	1.17986335e-01	9.35508677e-02	4.71991209e-02	4.63517468e-02	4.23687070e-04	-4.67754339e-04	1.17518581e-03	-3.63920258e-17	1.17518581e-03	-1.17518581e-03
147             	2.39140872e-01	1.19093760e-01	1.20047112e-01	9.53352148e-02	4.80958312e-02	4.72393836e-02	4.28223755e-04	-4.76676074e-04	1.19570436e-03	-3.63953364e-17	1.19570436e-03	-1.19570436e-03
148             	2.43452684e-01	1.21240567e-01	1.22212117e-01	9.71550705e-02	4.90103086e-02	4.81447619e-02	4.32773331e-04	-4.85775353e-04	1.21726342e-03	-3.63982376e-17	1.21726342e-03	-1.21726342e-03
149             	2.47592276e-01	1.23299685e-01	1.24292591e-01	9.92905834e-02	5.00826244e-02	4.92079590e-02	4.37332714e-04	-4.96452917e-04	1.23796138e-03	-3.64015211e-17	1.23796138e-03	-1.23796138e-03
150             	2.54406538e-01	1.26697620e-01	1.27708918e-01	1.01129782e-01	5.10067924e-02	5.01229896e-02	4.41901396e-04	-5.05648910e-04	1.27203269e-03	-3.64031073e-17	1.27203269e-03	-1.27203269e-03
151             	2.55718784e-01	1.27340468e-01	1.28378317e-01	1.03784876e-01	5.23389035e-02	5.14459721e-02	4.46465698e-04	-5.18924378e-04	1.27859392e-03	-3.64062651e-17	1.27859392e-03	-1.27859392e-03
152             	2.63211224e-01	1.31077514e-01	1.32133710e-01	1.05619624e-01	5.32608259e-02	5.23587983e-02	4.51013810e-04	-5.28098121e-04	1.31605612e-03	-3.64061641e-17	1.31605612e-03	-1.31605612e-03
153             	2.64314211e-01	1.31616290e-01	1.32697921e-01	1.08163157e-01	5.45371174e-02	5.36260397e-02	4.55538820e-04	-5.40815785e-04	1.32157106e-03	-3.64104574e-17	1.32157106e-03	-1.32157106e-03
154             	2.70572444e-01	1.34737061e-01	1.35835383e-01	1.09832201e-01	5.53761411e-02	5.44560598e-02	4.60040607e-04	-5.49161004e-04	1.35286222e-03	-3.64113387e-17	1.35286222e-03	-1.35286222e-03
155             	2.72971793e-01	1.35924907e-01	1.37046886e-01	1.12197917e-01	5.65634747e-02	5.56344418e-02	4.64516472e-04	-5.60989583e-04	1.36485896e-03	-3.64130092e-17	1.36485896e-03	-1.36485896e-03
156             	2.77158842e-01	1.38007196e-01	1.39151646e-01	1.14444916e-01	5.76914158e-02	5.67535004e-02	4.68957691e-04	-5.72224581e-04	1.38579421e-03	-3.64138777e-17	1.38579421e-03	-1.38579421e-03
157             	2.82763557e-01	1.40799974e-01	1.41963583e-01	1.16360968e-01	5.86538460e-02	5.77071219e-02	4.73362047e-04	-5.81804840e-04	1.41381779e-03	-3.64154334e-17	1.41381779e-03	-1.41381779e-03
158             	2.90831543e-01	1.44827998e-01	1.46003545e-01	1.17554750e-01	5.92551053e-02	5.82996451e-02	4.77730126e-04	-5.87773752e-04	1.45415772e-03	-3.64185929e-17	1.45415772e-03	-1.45415772e-03
159             	2.98979023e-01	1.48895648e-01	1.50083375e-01	1.18772660e-01	5.98683956e-02	5.89042644e-02	4.82065615e-04	-5.93863300e-04	1.49489511e-03	-3.64174068e-17	1.49489511e-03	-1.49489511e-03
160             	3.01960306e-01	1.50379258e-01	1.51581048e-01	1.20179031e-01	6.05759061e-02	5.96031251e-02	4.86390473e-04	-6.00895156e-04	1.50980153e-03	-3.64192307e-17	1.50980153e-03	-1.50980153e-03
161             	3.05694741e-01	1.52238059e-01	1.53456681e-01	1.21862227e-01	6.14218292e-02	6.04403977e-02	4.90715761e-04	-6.09311135e-04	1.52847370e-03	-3.64196903e-17	1.52847370e-03	-1.52847370e-03
162             	3.03382923e-01	1.51070841e-01	1.52312082e-01	1.24124119e-01	6.25571009e-02	6.15670183e-02	4.95041297e-04	-6.20620596e-04	1.51691462e-03	-3.64261601e-17	1.51691462e-03	-1.51691462e-03
163             	3.06016801e-01	1.52377613e-01	1.53639188e-01	1.26157567e-01	6.35781234e-02	6.25794435e-02	4.99339970e-04	-6.30787834e-04	1.53008401e-03	-3.64303699e-17	1.53008401e-03	-1.53008401e-03
164             	3.05951527e-01	1.52335566e-01	1.53615961e-01	1.28039476e-01	6.45233527e-02	6.35161232e-02	5.03614714e-04	-6.40197379e-04	1.52975764e-03	-3.64332601e-17	1.52975764e-03	-1.52975764e-03
165             	3.12184543e-01	1.55445001e-01	1.56739542e-01	1.29454045e-01	6.52349005e-02	6.42191442e-02	5.07878187e-04	-6.47270224e-04	1.56092272e-03	-3.64340249e-17	1.56092272e-03	-1.56092272e-03
166             	3.18154966e-01	1.58423206e-01	1.59731760e-01	1.30855377e-01	6.59398172e-02	6.49155600e-02	5.12128630e-04	-6.54276886e-04	1.59077483e-03	-3.64368349e-17	1.59077483e-03	-1.59077483e-03
167             	3.26191585e-01	1.62436532e-01	1.63755053e-01	1.31852106e-01	6.64424207e-02	6.54096849e-02	5.16367929e-04	-6.59260528e-04	1.63095792e-03	-3.64366943e-17	1.63095792e-03	-1.63095792e-03
168             	3.32231659e-01	1.65448788e-01	1.66782871e-01	1.33408283e-01	6.72247345e-02	6.61835482e-02	5.20593136e-04	-6.67041413e-04	1.66115830e-03	-3.64357235e-17	1.66115830e-03	-1.66115830e-03
169             	3.38137901e-01	1.68394169e-01	1.69743733e-01	1.34956408e-01	6.80030048e-02	6.69534035e-02	5.24800677e-04	-6.74782041e-04	1.69068951e-03	-3.64343260e-17	1.69068951e-03	-1.69068951e-03
170             	3.42974221e-01	1.70801934e-01	1.72172287e-01	1.37035319e-01	6.90466489e-02	6.79886700e-02	5.28989480e-04	-6.85176594e-04	1.71487111e-03	-3.64340842e-17	1.71487111e-03	-1.71487111e-03
171             	3.46441824e-01	1.72526334e-01	1.73915490e-01	1.38915617e-01	6.99909771e-02	6.89246402e-02	5.33168426e-04	-6.94578087e-04	1.73220912e-03	-3.64343388e-17	1.73220912e-03	-1.73220912e-03
172             	3.45234533e-01	1.71910466e-01	1.73324067e-01	1.41360103e-01	7.12173843e-02	7.01427184e-02	5.37332921e-04	-7.06800514e-04	1.72617266e-03	-3.64373632e-17	1.72617266e-03	-1.72617266e-03
173             	3.47917592e-01	1.73243826e-01	1.74673765e-01	1.42993932e-01	7.20384485e-02	7.09554836e-02	5.41482428e-04	-7.14969661e-04	1.73958796e-03	-3.64362984e-17	1.73958796e-03	-1.73958796e-03
174             	3.44252505e-01	1.71398718e-01	1.72853787e-01	1.45506889e-01	7.32990555e-02	7.22078332e-02	5.45611135e-04	-7.27534443e-04	1.72126252e-03	-3.64379127e-17	1.72126252e-03	-1.72126252e-03
175             	3.41052190e-01	1.69788758e-01	1.71263432e-01	1.47467350e-01	7.42833883e-02	7.31839616e-02	5.49713361e-04	-7.37336750e-04	1.70526095e-03	-3.64414637e-17	1.70526095e-03	-1.70526095e-03
176             	3.30213505e-01	1.64359425e-01	1.65854081e-01	1.49465635e-01	7.52866055e-02	7.41790297e-02	5.53787934e-04	-7.47328176e-04	1.65106753e-03	-3.64484297e-17	1.65106753e-03	-1.65106753e-03
177             	3.19741738e-01	1.59115817e-01	1.60625921e-01	1.51010363e-01	7.60630133e-02	7.49473495e-02	5.57831924e-04	-7.55051814e-04	1.59870869e-03	-3.64557305e-17	1.59870869e-03	-1.59870869e-03
178             	3.08726983e-01	1.53602123e-01	1.55124860e-01	1.52273770e-01	7.66987226e-02	7.55750476e-02	5.61837502e-04	-7.61368851e-04	1.54363491e-03	-3.64616881e-17	1.54363491e-03	-1.54363491e-03
179             	3.01270770e-01	1.49868338e-01	1.51402432e-01	1.53409430e-01	7.72705177e-02	7.61389122e-02	5.65802745e-04	-7.67047149e-04	1.50635385e-03	-3.64678587e-17	1.50635385e-03	-1.50635385e-03
180             	2.94462020e-01	1.46457432e-01	1.48004588e-01	1.54715570e-01	7.79275137e-02	7.67880566e-02	5.69728560e-04	-7.73577852e-04	1.47231010e-03	-3.64737354e-17	1.47231010e-03	-1.47231010e-03
181             	2.93611263e-01	1.46028154e-01	1.47583108e-01	1.55495389e-01	7.83213348e-02	7.71740541e-02	5.73640355e-04	-7.77476945e-04	1.46805631e-03	-3.64783812e-17	1.46805631e-03	-1.46805631e-03
182             	2.90433807e-01	1.44433920e-01	1.45999886e-01	1.56596564e-01	7.88757987e-02	7.77207651e-02	5.77516789e-04	-7.82982819e-04	1.45216903e-03	-3.64836206e-17	1.45216903e-03	-1.45216903e-03
183             	2.94575537e-01	1.46501377e-01	1.48074161e-01	1.57278402e-01	7.92205658e-02	7.80578359e-02	5.81364982e-04	-7.86392009e-04	1.47287769e-03	-3.64864260e-17	1.47287769e-03	-1.47287769e-03
184             	2.94084844e-01	1.46251335e-01	1.47833509e-01	1.58217390e-01	7.96938908e-02	7.85234995e-02	5.85195671e-04	-7.91086951e-04	1.47042422e-03	-3.64904736e-17	1.47042422e-03	-1.47042422e-03
185             	2.97508103e-01	1.47954188e-01	1.49553916e-01	1.59972772e-01	8.05753960e-02	7.93973765e-02	5.89009733e-04	-7.99863862e-04	1.48754052e-03	-3.64916050e-17	1.48754052e-03	-1.48754052e-03
186             	2.94285538e-01	1.46330242e-01	1.47955296e-01	1.62505404e-01	8.18455000e-02	8.06599038e-02	5.92798097e-04	-8.12527019e-04	1.47142769e-03	-3.64961724e-17	1.47142769e-03	-1.47142769e-03
187             	2.96651992e-01	1.47504772e-01	1.49147221e-01	1.64244922e-01	8.27190098e-02	8.15259123e-02	5.96548727e-04	-8.21224610e-04	1.48325996e-03	-3.64982761e-17	1.48325996e-03	-1.48325996e-03
188             	2.96679256e-01	1.47507313e-01	1.49171943e-01	1.66462942e-01	8.38317496e-02	8.26311924e-02	6.00278561e-04	-8.32314710e-04	1.48339628e-03	-3.65013727e-17	1.48339628e-03	-1.48339628e-03
189             	2.98725108e-01	1.48526645e-01	1.50198463e-01	1.67181894e-01	8.41949305e-02	8.29869631e-02	6.03983696e-04	-8.35909468e-04	1.49362554e-03	-3.65030767e-17	1.49362554e-03	-1.49362554e-03
