# Force and moment coefficients
# dragDir       : (1.00000000e+00 0.00000000e+00 0.00000000e+00)
# sideDir       : (0.00000000e+00 0.00000000e+00 -1.00000000e+00)
# liftDir       : (0.00000000e+00 1.00000000e+00 0.00000000e+00)
# rollAxis      : (1.00000000e+00 0.00000000e+00 0.00000000e+00)
# pitchAxis     : (0.00000000e+00 0.00000000e+00 -1.00000000e+00)
# yawAxis       : (0.00000000e+00 1.00000000e+00 0.00000000e+00)
# magUInf       : 1.77482393e-01
# lRef          : 1.00000000e+00
# Aref          : 1.00000000e-02
# CofR          : (0.00000000e+00 0.00000000e+00 0.00000000e+00)
#
# Time          	Cd              	Cd(f)           	Cd(r)           	Cl              	Cl(f)           	Cl(r)           	CmPitch         	CmRoll          	CmYaw           	Cs              	Cs(f)           	Cs(r)           
100             	1.69634275e-01	8.53255601e-02	8.43087150e-02	-1.01684508e-01	-5.06804760e-02	-5.10040319e-02	1.61777921e-04	5.08422539e-04	8.48171375e-04	5.76865689e-17	8.48171375e-04	-8.48171375e-04
101             	1.69604593e-01	8.53043858e-02	8.43002069e-02	-1.00417889e-01	-5.00438218e-02	-5.03740669e-02	1.65122543e-04	5.02089444e-04	8.48022964e-04	5.76863754e-17	8.48022964e-04	-8.48022964e-04
102             	1.69543155e-01	8.52671659e-02	8.42759890e-02	-9.91176849e-02	-4.93903649e-02	-4.97273200e-02	1.68477530e-04	4.95588425e-04	8.47715774e-04	5.76863272e-17	8.47715774e-04	-8.47715774e-04
103             	1.69503753e-01	8.52411013e-02	8.42626513e-02	-9.78449951e-02	-4.87506547e-02	-4.90943404e-02	1.71842858e-04	4.89224975e-04	8.47518763e-04	5.76863658e-17	8.47518763e-04	-8.47518763e-04
104             	1.69467784e-01	8.52168277e-02	8.42509564e-02	-9.65871359e-02	-4.81183491e-02	-4.84687868e-02	1.75218871e-04	4.82935679e-04	8.47338920e-04	5.76863553e-17	8.47338920e-04	-8.47338920e-04
105             	1.69431388e-01	8.51922899e-02	8.42390979e-02	-9.53191952e-02	-4.74809930e-02	-4.78382022e-02	1.78604647e-04	4.76595976e-04	8.47156939e-04	5.76864102e-17	8.47156939e-04	-8.47156939e-04
106             	1.69434655e-01	8.51875119e-02	8.42471427e-02	-9.40369163e-02	-4.68364581e-02	-4.72004582e-02	1.82000035e-04	4.70184581e-04	8.47173273e-04	5.76856552e-17	8.47173273e-04	-8.47173273e-04
107             	1.69437520e-01	8.51825999e-02	8.42549196e-02	-9.27680368e-02	-4.61986138e-02	-4.65694230e-02	1.85404610e-04	4.63840184e-04	8.47187598e-04	5.76851011e-17	8.47187598e-04	-8.47187598e-04
108             	1.69456137e-01	8.51857744e-02	8.42703623e-02	-9.15412101e-02	-4.55817866e-02	-4.59594235e-02	1.88818440e-04	4.57706051e-04	8.47280684e-04	5.76845472e-17	8.47280684e-04	-8.47280684e-04
109             	1.69497166e-01	8.52001790e-02	8.42969874e-02	-9.03191639e-02	-4.49673408e-02	-4.53518230e-02	1.92241118e-04	4.51595819e-04	8.47485832e-04	5.76838873e-17	8.47485832e-04	-8.47485832e-04
110             	1.69549476e-01	8.52202976e-02	8.43291787e-02	-8.91118949e-02	-4.43602759e-02	-4.47516190e-02	1.95671539e-04	4.45559475e-04	8.47747382e-04	5.76829511e-17	8.47747382e-04	-8.47747382e-04
111             	1.69617666e-01	8.52483538e-02	8.43693122e-02	-8.79041535e-02	-4.37529675e-02	-4.41511860e-02	1.99109214e-04	4.39520768e-04	8.48088330e-04	5.76821231e-17	8.48088330e-04	-8.48088330e-04
112             	1.69704805e-01	8.52858929e-02	8.44189122e-02	-8.66980787e-02	-4.31464853e-02	-4.35515934e-02	2.02554008e-04	4.33490394e-04	8.48524026e-04	5.76813815e-17	8.48524026e-04	-8.48524026e-04
113             	1.69812472e-01	8.53337545e-02	8.44787178e-02	-8.55036769e-02	-4.25458342e-02	-4.29578427e-02	2.06004208e-04	4.27518384e-04	8.49062361e-04	5.76809257e-17	8.49062361e-04	-8.49062361e-04
114             	1.69946243e-01	8.53947076e-02	8.45515356e-02	-8.43172019e-02	-4.19491410e-02	-4.23680609e-02	2.09459915e-04	4.21586010e-04	8.49731216e-04	5.76804304e-17	8.49731216e-04	-8.49731216e-04
115             	1.70107239e-01	8.54693287e-02	8.46379107e-02	-8.31418066e-02	-4.13579822e-02	-4.17838244e-02	2.12921073e-04	4.15709033e-04	8.50536197e-04	5.76799069e-17	8.50536197e-04	-8.50536197e-04
116             	1.70287434e-01	8.55535433e-02	8.47338902e-02	-8.19653145e-02	-4.07662694e-02	-4.11990451e-02	2.16387827e-04	4.09826572e-04	8.51437168e-04	5.76793584e-17	8.51437168e-04	-8.51437168e-04
117             	1.70488625e-01	8.56482746e-02	8.48403506e-02	-8.07923991e-02	-4.01763400e-02	-4.06160591e-02	2.19859550e-04	4.03961995e-04	8.52443126e-04	5.76793508e-17	8.52443126e-04	-8.52443126e-04
118             	1.70706722e-01	8.57515092e-02	8.49552132e-02	-7.96296028e-02	-3.95914659e-02	-4.00381369e-02	2.23335471e-04	3.98148014e-04	8.53533612e-04	5.76794000e-17	8.53533612e-04	-8.53533612e-04
119             	1.70940616e-01	8.58626785e-02	8.50779379e-02	-7.84740690e-02	-3.90102189e-02	-3.94638501e-02	2.26815579e-04	3.92370345e-04	8.54703082e-04	5.76794030e-17	8.54703082e-04	-8.54703082e-04
120             	1.72519039e-01	8.66375717e-02	8.58814675e-02	-7.56104195e-02	-3.75736270e-02	-3.80367925e-02	2.31582755e-04	3.78052097e-04	8.62595196e-04	5.52318235e-17	8.62595196e-04	-8.62595196e-04
121             	1.74999666e-01	8.78594258e-02	8.71402400e-02	-7.19185712e-02	-3.57218726e-02	-3.61966986e-02	2.37412982e-04	3.59592856e-04	8.74998329e-04	5.30054037e-17	8.74998329e-04	-8.74998329e-04
122             	1.77635672e-01	8.91596171e-02	8.84760548e-02	-6.83562295e-02	-3.39339801e-02	-3.44222494e-02	2.44134633e-04	3.41781148e-04	8.88178360e-04	5.09722889e-17	8.88178360e-04	-8.88178360e-04
123             	1.80158924e-01	9.04050195e-02	8.97539047e-02	-6.51114788e-02	-3.23040975e-02	-3.28073813e-02	2.51641882e-04	3.25557394e-04	9.00794621e-04	4.91147197e-17	9.00794621e-04	-9.00794621e-04
124             	1.82639021e-01	9.16297109e-02	9.10093101e-02	-6.20400830e-02	-3.07601902e-02	-3.12798928e-02	2.59851329e-04	3.10200415e-04	9.13195105e-04	4.74058340e-17	9.13195105e-04	-9.13195105e-04
125             	1.85209668e-01	9.28995899e-02	9.23100780e-02	-5.89511957e-02	-2.92069121e-02	-2.97442836e-02	2.68685752e-04	2.94755979e-04	9.26048340e-04	4.58249193e-17	9.26048340e-04	-9.26048340e-04
126             	1.87932973e-01	9.42458542e-02	9.36871192e-02	-5.58735025e-02	-2.76586902e-02	-2.82148123e-02	2.78061042e-04	2.79367513e-04	9.39664867e-04	4.43567606e-17	9.39664867e-04	-9.39664867e-04
127             	1.90817671e-01	9.56727749e-02	9.51448966e-02	-5.27878282e-02	-2.61060050e-02	-2.66818233e-02	2.87909134e-04	2.63939141e-04	9.54088357e-04	4.29909455e-17	9.54088357e-04	-9.54088357e-04
128             	1.93827375e-01	9.71624555e-02	9.66649194e-02	-4.97536159e-02	-2.45786402e-02	-2.51749757e-02	2.98167763e-04	2.48768080e-04	9.69136874e-04	4.17219250e-17	9.69136874e-04	-9.69136874e-04
129             	1.96963960e-01	9.87158210e-02	9.82481386e-02	-4.67682404e-02	-2.30753423e-02	-2.36928981e-02	3.08777901e-04	2.33841202e-04	9.84819798e-04	4.05384553e-17	9.84819798e-04	-9.84819798e-04
130             	2.00212321e-01	1.00325180e-01	9.98871407e-02	-4.38039618e-02	-2.15822950e-02	-2.22216668e-02	3.19685908e-04	2.19019809e-04	1.00106161e-03	3.94332321e-17	1.00106161e-03	-1.00106161e-03
131             	2.03581063e-01	1.01995119e-01	1.01585944e-01	-4.09175485e-02	-2.01279398e-02	-2.07896087e-02	3.30834498e-04	2.04587743e-04	1.01790532e-03	3.83936381e-17	1.01790532e-03	-1.01790532e-03
132             	2.07063206e-01	1.03721933e-01	1.03341273e-01	-3.80659414e-02	-1.86907992e-02	-1.93751423e-02	3.42171546e-04	1.90329707e-04	1.03531603e-03	3.74134371e-17	1.03531603e-03	-1.03531603e-03
133             	2.10668439e-01	1.05510383e-01	1.05158056e-01	-3.52326107e-02	-1.72626560e-02	-1.79699546e-02	3.53649312e-04	1.76163053e-04	1.05334219e-03	3.64933045e-17	1.05334219e-03	-1.05334219e-03
134             	2.14390610e-01	1.07357496e-01	1.07033114e-01	-3.24381479e-02	-1.58538504e-02	-1.65842976e-02	3.65223611e-04	1.62190740e-04	1.07195305e-03	3.56247924e-17	1.07195305e-03	-1.07195305e-03
135             	2.18206749e-01	1.09251730e-01	1.08955019e-01	-2.96710485e-02	-1.44586672e-02	-1.52123813e-02	3.76857025e-04	1.48355242e-04	1.09103375e-03	3.48045499e-17	1.09103375e-03	-1.09103375e-03
136             	2.22122286e-01	1.11196047e-01	1.10926239e-01	-2.69807365e-02	-1.31018501e-02	-1.38788864e-02	3.88518153e-04	1.34903683e-04	1.11061143e-03	3.40287491e-17	1.11061143e-03	-1.11061143e-03
137             	2.26139543e-01	1.13191278e-01	1.12948264e-01	-2.43013994e-02	-1.17505178e-02	-1.25508816e-02	4.00181863e-04	1.21506997e-04	1.13069771e-03	3.32952450e-17	1.13069771e-03	-1.13069771e-03
138             	2.30247396e-01	1.15231897e-01	1.15015499e-01	-2.16398616e-02	-1.04081082e-02	-1.12317534e-02	4.11822607e-04	1.08199308e-04	1.15123698e-03	3.25993614e-17	1.15123698e-03	-1.15123698e-03
139             	2.34451249e-01	1.17320611e-01	1.17130638e-01	-1.89973075e-02	-9.07523787e-03	-9.92206961e-03	4.23415872e-04	9.49865374e-05	1.17225624e-03	3.19392025e-17	1.17225624e-03	-1.17225624e-03
140             	2.38751728e-01	1.19457756e-01	1.19293973e-01	-1.63783308e-02	-7.75423008e-03	-8.62410074e-03	4.34935332e-04	8.18916541e-05	1.19375864e-03	3.13114754e-17	1.19375864e-03	-1.19375864e-03
141             	2.43133435e-01	1.21635767e-01	1.21497668e-01	-1.38099388e-02	-6.45861413e-03	-7.35132463e-03	4.46355252e-04	6.90496938e-05	1.21566717e-03	3.07143429e-17	1.21566717e-03	-1.21566717e-03
142             	2.47598687e-01	1.23855728e-01	1.23742959e-01	-1.12769253e-02	-5.18081046e-03	-6.09611481e-03	4.57652172e-04	5.63846263e-05	1.23799343e-03	3.01436892e-17	1.23799343e-03	-1.23799343e-03
143             	2.52154242e-01	1.26120915e-01	1.26033327e-01	-8.75875675e-03	-3.91057288e-03	-4.84818386e-03	4.68805489e-04	4.37937837e-05	1.26077121e-03	2.96012338e-17	1.26077121e-03	-1.26077121e-03
144             	2.56781660e-01	1.28422161e-01	1.28359499e-01	-6.26612428e-03	-2.65326029e-03	-3.61286399e-03	4.79801853e-04	3.13306214e-05	1.28390830e-03	2.90816456e-17	1.28390830e-03	-1.28390830e-03
145             	2.61489465e-01	1.30763822e-01	1.30725642e-01	-3.81799960e-03	-1.41837299e-03	-2.39962661e-03	4.90626807e-04	1.90899980e-05	1.30744732e-03	2.85872252e-17	1.30744732e-03	-1.30744732e-03
146             	2.66277610e-01	1.33145813e-01	1.33131798e-01	-1.40149301e-03	-1.99480356e-04	-1.20201265e-03	5.01266147e-04	7.00746503e-06	1.33138805e-03	2.81139643e-17	1.33138805e-03	-1.33138805e-03
147             	2.71139612e-01	1.35564596e-01	1.35575017e-01	1.04208243e-03	1.03275416e-03	9.32827209e-06	5.11712944e-04	-5.21041216e-06	1.35569806e-03	2.76609770e-17	1.35569806e-03	-1.35569806e-03
148             	2.76069118e-01	1.38017143e-01	1.38051975e-01	3.48321029e-03	2.26356394e-03	1.21964636e-03	5.21958789e-04	-1.74160515e-05	1.38034559e-03	2.72265212e-17	1.38034559e-03	-1.38034559e-03
149             	2.81048040e-01	1.40494552e-01	1.40553488e-01	5.89362340e-03	3.47880648e-03	2.41481692e-03	5.31994779e-04	-2.94681170e-05	1.40524020e-03	2.68082161e-17	1.40524020e-03	-1.40524020e-03
150             	2.86095516e-01	1.43006441e-01	1.43089075e-01	8.26337845e-03	4.67350146e-03	3.58987698e-03	5.41812241e-04	-4.13168922e-05	1.43047758e-03	2.64061555e-17	1.43047758e-03	-1.43047758e-03
151             	2.91204334e-01	1.45548960e-01	1.45655374e-01	1.06414182e-02	5.87211669e-03	4.76930149e-03	5.51407604e-04	-5.32070909e-05	1.45602167e-03	2.60204187e-17	1.45602167e-03	-1.45602167e-03
152             	2.96362594e-01	1.48116281e-01	1.48246313e-01	1.30032563e-02	7.06239292e-03	5.94086342e-03	5.60764746e-04	-6.50162817e-05	1.48181297e-03	2.56485800e-17	1.48181297e-03	-1.48181297e-03
153             	3.01575021e-01	1.50710959e-01	1.50864062e-01	1.53102350e-02	8.22499697e-03	7.08523800e-03	5.69879484e-04	-7.65511749e-05	1.50787511e-03	2.52904580e-17	1.50787511e-03	-1.50787511e-03
154             	3.06816582e-01	1.53320053e-01	1.53496529e-01	1.76476681e-02	9.40257308e-03	8.24509503e-03	5.78739024e-04	-8.82383405e-05	1.53408291e-03	2.49446923e-17	1.53408291e-03	-1.53408291e-03
