# Force and moment coefficients
# dragDir       : (1.00000000e+00 0.00000000e+00 0.00000000e+00)
# sideDir       : (0.00000000e+00 0.00000000e+00 -1.00000000e+00)
# liftDir       : (0.00000000e+00 1.00000000e+00 0.00000000e+00)
# rollAxis      : (1.00000000e+00 0.00000000e+00 0.00000000e+00)
# pitchAxis     : (0.00000000e+00 0.00000000e+00 -1.00000000e+00)
# yawAxis       : (0.00000000e+00 1.00000000e+00 0.00000000e+00)
# magUInf       : 1.77482393e-01
# lRef          : 1.00000000e+00
# Aref          : 1.00000000e-02
# CofR          : (0.00000000e+00 0.00000000e+00 0.00000000e+00)
#
# Time          	Cd              	Cd(f)           	Cd(r)           	Cl              	Cl(f)           	Cl(r)           	CmPitch         	CmRoll          	CmYaw           	Cs              	Cs(f)           	Cs(r)           
100             	2.19617648e-01	1.09672093e-01	1.09945554e-01	2.73460983e-02	1.39192411e-02	1.34268572e-02	2.46191965e-04	-1.36730492e-04	1.09808824e-03	5.78017469e-17	1.09808824e-03	-1.09808824e-03
101             	2.18143651e-01	1.08932386e-01	1.09211265e-01	2.78878770e-02	1.41934746e-02	1.36944024e-02	2.49536132e-04	-1.39439385e-04	1.09071825e-03	5.78010058e-17	1.09071825e-03	-1.09071825e-03
102             	2.21936811e-01	1.10823499e-01	1.11113312e-01	2.89813283e-02	1.47435472e-02	1.42377811e-02	2.52883033e-04	-1.44906642e-04	1.10968406e-03	5.77964022e-17	1.10968406e-03	-1.10968406e-03
103             	2.23163521e-01	1.11432280e-01	1.11731240e-01	2.98959817e-02	1.52042231e-02	1.46917585e-02	2.56232305e-04	-1.49479908e-04	1.11581760e-03	5.77939174e-17	1.11581760e-03	-1.11581760e-03
104             	2.23240786e-01	1.11462451e-01	1.11778335e-01	3.15884177e-02	1.60537908e-02	1.55346269e-02	2.59581912e-04	-1.57942088e-04	1.11620393e-03	5.77922077e-17	1.11620393e-03	-1.11620393e-03
105             	2.21347216e-01	1.10506916e-01	1.10840300e-01	3.33384357e-02	1.69321480e-02	1.64062877e-02	2.62930144e-04	-1.66692179e-04	1.10673608e-03	5.77920431e-17	1.10673608e-03	-1.10673608e-03
106             	2.19828891e-01	1.09740045e-01	1.10088846e-01	3.48800643e-02	1.77063093e-02	1.71737550e-02	2.66277127e-04	-1.74400321e-04	1.09914446e-03	5.77917895e-17	1.09914446e-03	-1.09914446e-03
107             	2.20713925e-01	1.10170226e-01	1.10543699e-01	3.73472977e-02	1.89432714e-02	1.84040263e-02	2.69622520e-04	-1.86736489e-04	1.10356962e-03	5.77906102e-17	1.10356962e-03	-1.10356962e-03
108             	2.21106463e-01	1.10356404e-01	1.10750059e-01	3.93654107e-02	1.99556717e-02	1.94097390e-02	2.72966323e-04	-1.96827053e-04	1.10553232e-03	5.77895895e-17	1.10553232e-03	-1.10553232e-03
109             	2.22028946e-01	1.10810339e-01	1.11218607e-01	4.08268747e-02	2.06897466e-02	2.01371281e-02	2.76309247e-04	-2.04134373e-04	1.11014473e-03	5.77870990e-17	1.11014473e-03	-1.11014473e-03
110             	2.22628482e-01	1.11103271e-01	1.11525211e-01	4.21940837e-02	2.13766934e-02	2.08173903e-02	2.79651580e-04	-2.10970419e-04	1.11314241e-03	5.77850486e-17	1.11314241e-03	-1.11314241e-03
111             	2.23379415e-01	1.11468527e-01	1.11910888e-01	4.42361764e-02	2.24010807e-02	2.18350958e-02	2.82992470e-04	-2.21180882e-04	1.11689708e-03	5.77836875e-17	1.11689708e-03	-1.11689708e-03
112             	2.23822980e-01	1.11680533e-01	1.12142447e-01	4.61913594e-02	2.33820107e-02	2.28093486e-02	2.86331064e-04	-2.30956797e-04	1.11911490e-03	5.77825410e-17	1.11911490e-03	-1.11911490e-03
113             	2.24040897e-01	1.11780249e-01	1.12260649e-01	4.80400074e-02	2.43096709e-02	2.37303365e-02	2.89667229e-04	-2.40200037e-04	1.12020449e-03	5.77813295e-17	1.12020449e-03	-1.12020449e-03
114             	2.24108658e-01	1.11805738e-01	1.12302920e-01	4.97181445e-02	2.51520732e-02	2.45660713e-02	2.93000926e-04	-2.48590723e-04	1.12054329e-03	5.77803108e-17	1.12054329e-03	-1.12054329e-03
115             	2.24142408e-01	1.11813875e-01	1.12328534e-01	5.14659067e-02	2.60292855e-02	2.54366212e-02	2.96332145e-04	-2.57329533e-04	1.12071204e-03	5.77793927e-17	1.12071204e-03	-1.12071204e-03
116             	2.24645779e-01	1.12055685e-01	1.12590094e-01	5.34409322e-02	2.70201263e-02	2.64208060e-02	2.99660141e-04	-2.67204661e-04	1.12322889e-03	5.77783941e-17	1.12322889e-03	-1.12322889e-03
117             	2.25671512e-01	1.12559661e-01	1.13111851e-01	5.52190599e-02	2.79125153e-02	2.73065446e-02	3.02985323e-04	-2.76095299e-04	1.12835756e-03	5.77771281e-17	1.12835756e-03	-1.12835756e-03
118             	2.26407198e-01	1.12918322e-01	1.13488876e-01	5.70553972e-02	2.88340061e-02	2.82213910e-02	3.06307548e-04	-2.85276986e-04	1.13203599e-03	5.77759221e-17	1.13203599e-03	-1.13203599e-03
119             	2.26972582e-01	1.13192434e-01	1.13780148e-01	5.87713911e-02	2.96953226e-02	2.90760685e-02	3.09627036e-04	-2.93856956e-04	1.13486291e-03	5.77748953e-17	1.13486291e-03	-1.13486291e-03
120             	2.27407885e-01	1.13401222e-01	1.14006664e-01	6.05442108e-02	3.05850487e-02	2.99591621e-02	3.12943341e-04	-3.02721054e-04	1.13703943e-03	5.77739518e-17	1.13703943e-03	-1.13703943e-03
121             	2.27839067e-01	1.13607545e-01	1.14231522e-01	6.23977532e-02	3.15151326e-02	3.08826206e-02	3.16255991e-04	-3.11988766e-04	1.13919534e-03	5.77729974e-17	1.13919534e-03	-1.13919534e-03
122             	2.28654229e-01	1.14006246e-01	1.14647983e-01	6.41736229e-02	3.24063766e-02	3.17672463e-02	3.19565167e-04	-3.20868115e-04	1.14327114e-03	5.77718667e-17	1.14327114e-03	-1.14327114e-03
123             	2.29336505e-01	1.14338961e-01	1.14997544e-01	6.58582845e-02	3.32520131e-02	3.26062714e-02	3.22870876e-04	-3.29291423e-04	1.14668252e-03	5.77708867e-17	1.14668252e-03	-1.14668252e-03
124             	2.29951313e-01	1.14637527e-01	1.15313786e-01	6.76258849e-02	3.41391155e-02	3.34867695e-02	3.26173023e-04	-3.38129425e-04	1.14975657e-03	5.77699892e-17	1.14975657e-03	-1.14975657e-03
125             	2.30942696e-01	1.15123903e-01	1.15818793e-01	6.94890298e-02	3.50739865e-02	3.44150432e-02	3.29471647e-04	-3.47445149e-04	1.15471348e-03	5.77690026e-17	1.15471348e-03	-1.15471348e-03
126             	2.31825103e-01	1.15555766e-01	1.16269337e-01	7.13571586e-02	3.60113455e-02	3.53458130e-02	3.32766259e-04	-3.56785793e-04	1.15912552e-03	5.77680662e-17	1.15912552e-03	-1.15912552e-03
127             	2.32596458e-01	1.15932519e-01	1.16663939e-01	7.31419125e-02	3.69070135e-02	3.62348990e-02	3.36057220e-04	-3.65709563e-04	1.16298229e-03	5.77670797e-17	1.16298229e-03	-1.16298229e-03
128             	2.33268810e-01	1.16260207e-01	1.17008603e-01	7.48395920e-02	3.77591400e-02	3.70804520e-02	3.39344046e-04	-3.74197960e-04	1.16634405e-03	5.77661990e-17	1.16634405e-03	-1.16634405e-03
129             	2.34161136e-01	1.16697555e-01	1.17463581e-01	7.66025662e-02	3.86439101e-02	3.79586561e-02	3.42626998e-04	-3.83012831e-04	1.17080568e-03	5.77652685e-17	1.17080568e-03	-1.17080568e-03
130             	2.34988380e-01	1.17102439e-01	1.17885941e-01	7.83502048e-02	3.95210085e-02	3.88291963e-02	3.45906068e-04	-3.91751024e-04	1.17494190e-03	5.77644078e-17	1.17494190e-03	-1.17494190e-03
131             	2.35818885e-01	1.17508757e-01	1.18310128e-01	8.01371085e-02	4.04177355e-02	3.97193730e-02	3.49181232e-04	-4.00685543e-04	1.17909443e-03	5.77635819e-17	1.17909443e-03	-1.17909443e-03
132             	2.36708355e-01	1.17944374e-01	1.18763981e-01	8.19607017e-02	4.13328032e-02	4.06278985e-02	3.52452325e-04	-4.09803509e-04	1.18354177e-03	5.77627638e-17	1.18354177e-03	-1.18354177e-03
133             	2.37846204e-01	1.18504349e-01	1.19341855e-01	8.37506839e-02	4.22310612e-02	4.15196228e-02	3.55719207e-04	-4.18753420e-04	1.18923102e-03	5.77618588e-17	1.18923102e-03	-1.18923102e-03
134             	2.38862691e-01	1.19003842e-01	1.19858849e-01	8.55007340e-02	4.31093492e-02	4.23913848e-02	3.58982214e-04	-4.27503670e-04	1.19431346e-03	5.77610220e-17	1.19431346e-03	-1.19431346e-03
135             	2.39798088e-01	1.19462705e-01	1.20335383e-01	8.72677518e-02	4.39961169e-02	4.32716348e-02	3.62241034e-04	-4.36338759e-04	1.19899044e-03	5.77602423e-17	1.19899044e-03	-1.19899044e-03
136             	2.40835602e-01	1.19972881e-01	1.20862721e-01	8.89839426e-02	4.48574673e-02	4.41264753e-02	3.65495959e-04	-4.44919713e-04	1.20417801e-03	5.77592625e-17	1.20417801e-03	-1.20417801e-03
137             	2.41853402e-01	1.20472931e-01	1.21380471e-01	9.07539940e-02	4.57457436e-02	4.50082504e-02	3.68746632e-04	-4.53769970e-04	1.20926701e-03	5.77583418e-17	1.20926701e-03	-1.20926701e-03
138             	2.42980148e-01	1.21027386e-01	1.21952762e-01	9.25376501e-02	4.66408183e-02	4.58968318e-02	3.71993283e-04	-4.62688251e-04	1.21490074e-03	5.77574642e-17	1.21490074e-03	-1.21490074e-03
139             	2.44025548e-01	1.21541451e-01	1.22484097e-01	9.42645575e-02	4.75075146e-02	4.67570429e-02	3.75235814e-04	-4.71322788e-04	1.22012774e-03	5.77566702e-17	1.22012774e-03	-1.22012774e-03
140             	2.45118164e-01	1.22078790e-01	1.23039374e-01	9.60583841e-02	4.84076659e-02	4.76507182e-02	3.78473871e-04	-4.80291921e-04	1.22559082e-03	5.77558659e-17	1.22559082e-03	-1.22559082e-03
141             	2.46224851e-01	1.22623290e-01	1.23601561e-01	9.78270964e-02	4.92952560e-02	4.85318405e-02	3.81707759e-04	-4.89135482e-04	1.23112426e-03	5.77550839e-17	1.23112426e-03	-1.23112426e-03
142             	2.47258275e-01	1.23131440e-01	1.24126835e-01	9.95394795e-02	5.01546769e-02	4.93848026e-02	3.84937191e-04	-4.97697398e-04	1.23629137e-03	5.77543788e-17	1.23629137e-03	-1.23629137e-03
143             	2.48318956e-01	1.23652991e-01	1.24665965e-01	1.01297357e-01	5.10368407e-02	5.02605159e-02	3.88162375e-04	-5.06486783e-04	1.24159478e-03	5.77536464e-17	1.24159478e-03	-1.24159478e-03
144             	2.49579458e-01	1.24274414e-01	1.25305044e-01	1.03062996e-01	5.19228813e-02	5.11401151e-02	3.91383081e-04	-5.15314982e-04	1.24789729e-03	5.77527837e-17	1.24789729e-03	-1.24789729e-03
145             	2.50772060e-01	1.24862005e-01	1.25910055e-01	1.04804941e-01	5.27970698e-02	5.20078715e-02	3.94599163e-04	-5.24024706e-04	1.25386030e-03	5.77519726e-17	1.25386030e-03	-1.25386030e-03
146             	2.51993584e-01	1.25463951e-01	1.26529633e-01	1.06568201e-01	5.36819113e-02	5.28862900e-02	3.97810625e-04	-5.32841006e-04	1.25996792e-03	5.77511433e-17	1.25996792e-03	-1.25996792e-03
147             	2.53198900e-01	1.26057828e-01	1.27141072e-01	1.08324415e-01	5.45632246e-02	5.37611900e-02	4.01017318e-04	-5.41622073e-04	1.26599450e-03	5.77503174e-17	1.26599450e-03	-1.26599450e-03
148             	2.54505384e-01	1.26702360e-01	1.27803024e-01	1.10066402e-01	5.54374201e-02	5.46289817e-02	4.04219200e-04	-5.50332009e-04	1.27252692e-03	5.77494401e-17	1.27252692e-03	-1.27252692e-03
149             	2.55744273e-01	1.27313323e-01	1.28430949e-01	1.11762590e-01	5.62887112e-02	5.54738788e-02	4.07416170e-04	-5.58812950e-04	1.27872136e-03	5.77486332e-17	1.27872136e-03	-1.27872136e-03
150             	2.56947751e-01	1.27906579e-01	1.29041172e-01	1.13459358e-01	5.71402871e-02	5.63190707e-02	4.10608218e-04	-5.67296789e-04	1.28473875e-03	5.77478802e-17	1.28473875e-03	-1.28473875e-03
151             	2.58171116e-01	1.28509544e-01	1.29661572e-01	1.15202879e-01	5.80152345e-02	5.71876441e-02	4.13795202e-04	-5.76014393e-04	1.29085558e-03	5.77471420e-17	1.29085558e-03	-1.29085558e-03
152             	2.59466592e-01	1.29148351e-01	1.30318242e-01	1.16989094e-01	5.89115240e-02	5.80775701e-02	4.16976987e-04	-5.84945471e-04	1.29733296e-03	5.77464027e-17	1.29733296e-03	-1.29733296e-03
153             	2.60855941e-01	1.29834213e-01	1.31021728e-01	1.18751506e-01	5.97959065e-02	5.89555998e-02	4.20153338e-04	-5.93757531e-04	1.30427971e-03	5.77456570e-17	1.30427971e-03	-1.30427971e-03
154             	2.62174240e-01	1.30484792e-01	1.31689449e-01	1.20465714e-01	6.06561815e-02	5.98095329e-02	4.23324314e-04	-6.02328572e-04	1.31087120e-03	5.77449970e-17	1.31087120e-03	-1.31087120e-03
155             	2.63446360e-01	1.31112381e-01	1.32333979e-01	1.22159836e-01	6.15064077e-02	6.06534281e-02	4.26489758e-04	-6.10799179e-04	1.31723180e-03	5.77443916e-17	1.31723180e-03	-1.31723180e-03
156             	2.64918531e-01	1.31839901e-01	1.33078630e-01	1.23872866e-01	6.23660826e-02	6.15067834e-02	4.29649587e-04	-6.19364330e-04	1.32459266e-03	5.77435283e-17	1.32459266e-03	-1.32459266e-03
157             	2.66366553e-01	1.32555355e-01	1.33811199e-01	1.25584439e-01	6.32250231e-02	6.23594159e-02	4.32803642e-04	-6.27922195e-04	1.33183277e-03	5.77427112e-17	1.33183277e-03	-1.33183277e-03
158             	2.67813694e-01	1.33270294e-01	1.34543400e-01	1.27310560e-01	6.40912320e-02	6.32193284e-02	4.35951812e-04	-6.36552802e-04	1.33906847e-03	5.77419700e-17	1.33906847e-03	-1.33906847e-03
159             	2.69270963e-01	1.33990400e-01	1.35280562e-01	1.29016220e-01	6.49472037e-02	6.40690159e-02	4.39093909e-04	-6.45081098e-04	1.34635481e-03	5.77413571e-17	1.34635481e-03	-1.34635481e-03
160             	2.70671488e-01	1.34682285e-01	1.35989203e-01	1.30691862e-01	6.57881609e-02	6.49037012e-02	4.42229889e-04	-6.53459310e-04	1.35335744e-03	5.77408057e-17	1.35335744e-03	-1.35335744e-03
161             	2.72044387e-01	1.35360138e-01	1.36684248e-01	1.32411004e-01	6.66508616e-02	6.57601424e-02	4.45359567e-04	-6.62055020e-04	1.36022193e-03	5.77402179e-17	1.36022193e-03	-1.36022193e-03
162             	2.73389134e-01	1.36024097e-01	1.37365037e-01	1.34094080e-01	6.74955228e-02	6.65985572e-02	4.48482804e-04	-6.70470400e-04	1.36694567e-03	5.77396807e-17	1.36694567e-03	-1.36694567e-03
163             	2.74873049e-01	1.36757756e-01	1.38115293e-01	1.35753797e-01	6.83284981e-02	6.74252994e-02	4.51599362e-04	-6.78768987e-04	1.37436525e-03	5.77391139e-17	1.37436525e-03	-1.37436525e-03
164             	2.76318383e-01	1.37472190e-01	1.38846194e-01	1.37400409e-01	6.91549138e-02	6.82454955e-02	4.54709133e-04	-6.87002046e-04	1.38159192e-03	5.77385996e-17	1.38159192e-03	-1.38159192e-03
165             	2.77947409e-01	1.38278342e-01	1.39669068e-01	1.39072621e-01	6.99941226e-02	6.90784985e-02	4.57812050e-04	-6.95363105e-04	1.38973705e-03	5.77379257e-17	1.38973705e-03	-1.38973705e-03
166             	2.79529587e-01	1.39061099e-01	1.40468487e-01	1.40738791e-01	7.08303037e-02	6.99084877e-02	4.60907996e-04	-7.03693957e-04	1.39764793e-03	5.77373036e-17	1.39764793e-03	-1.39764793e-03
167             	2.81041756e-01	1.39809090e-01	1.41232665e-01	1.42357526e-01	7.16427599e-02	7.07147663e-02	4.63996813e-04	-7.11787631e-04	1.40520878e-03	5.77367380e-17	1.40520878e-03	-1.40520878e-03
168             	2.82528823e-01	1.40544480e-01	1.41984343e-01	1.43986261e-01	7.24602088e-02	7.15260521e-02	4.67078326e-04	-7.19931304e-04	1.41264411e-03	5.77362223e-17	1.41264411e-03	-1.41264411e-03
169             	2.84071797e-01	1.41307663e-01	1.42764134e-01	1.45647110e-01	7.32937073e-02	7.23534026e-02	4.70152371e-04	-7.28235549e-04	1.42035898e-03	5.77357476e-17	1.42035898e-03	-1.42035898e-03
170             	2.85569578e-01	1.42048416e-01	1.43521162e-01	1.47274582e-01	7.41105098e-02	7.31640723e-02	4.73218771e-04	-7.36372911e-04	1.42784789e-03	5.77353312e-17	1.42784789e-03	-1.42784789e-03
171             	2.87049601e-01	1.42780370e-01	1.44269231e-01	1.48886123e-01	7.49193389e-02	7.39667842e-02	4.76277340e-04	-7.44430616e-04	1.43524800e-03	5.77349469e-17	1.43524800e-03	-1.43524800e-03
172             	2.88668128e-01	1.43581584e-01	1.45086544e-01	1.50496070e-01	7.57273629e-02	7.47687070e-02	4.79327946e-04	-7.52480349e-04	1.44334064e-03	5.77344830e-17	1.44334064e-03	-1.44334064e-03
173             	2.90256575e-01	1.44367788e-01	1.45888787e-01	1.52099946e-01	7.65323436e-02	7.55676027e-02	4.82370471e-04	-7.60499732e-04	1.45128288e-03	5.77340431e-17	1.45128288e-03	-1.45128288e-03
174             	2.91886747e-01	1.45174884e-01	1.46711862e-01	1.53697810e-01	7.73343098e-02	7.63635002e-02	4.85404788e-04	-7.68489050e-04	1.45943373e-03	5.77335026e-17	1.45943373e-03	-1.45943373e-03
175             	2.93500403e-01	1.45973778e-01	1.47526625e-01	1.55284632e-01	7.81307467e-02	7.71538852e-02	4.88430746e-04	-7.76423159e-04	1.46750201e-03	5.77329950e-17	1.46750201e-03	-1.46750201e-03
176             	2.95140404e-01	1.46785916e-01	1.48354488e-01	1.56857194e-01	7.89200450e-02	7.79371486e-02	4.91448205e-04	-7.84285968e-04	1.47570202e-03	5.77325313e-17	1.47570202e-03	-1.47570202e-03
177             	2.96737244e-01	1.47576597e-01	1.49160647e-01	1.58404965e-01	7.96969393e-02	7.87080254e-02	4.94456956e-04	-7.92024823e-04	1.48368622e-03	5.77321157e-17	1.48368622e-03	-1.48368622e-03
178             	2.98322987e-01	1.48361722e-01	1.49961266e-01	1.59954393e-01	8.04746534e-02	7.94797397e-02	4.97456852e-04	-7.99771965e-04	1.49161494e-03	5.77317222e-17	1.49161494e-03	-1.49161494e-03
179             	3.00011325e-01	1.49197905e-01	1.50813419e-01	1.61551384e-01	8.12761398e-02	8.02752443e-02	5.00447755e-04	-8.07756920e-04	1.50005662e-03	5.77312932e-17	1.50005662e-03	-1.50005662e-03
180             	3.01650497e-01	1.50009673e-01	1.51640824e-01	1.63115050e-01	8.20609545e-02	8.10540956e-02	5.03429466e-04	-8.15575250e-04	1.50825248e-03	5.77309109e-17	1.50825248e-03	-1.50825248e-03
181             	3.03247195e-01	1.50800332e-01	1.52446864e-01	1.64653179e-01	8.28329912e-02	8.18201877e-02	5.06401736e-04	-8.23265895e-04	1.51623598e-03	5.77305665e-17	1.51623598e-03	-1.51623598e-03
182             	3.04823142e-01	1.51580676e-01	1.53242466e-01	1.66179021e-01	8.35988748e-02	8.25801458e-02	5.09364520e-04	-8.30895103e-04	1.52411571e-03	5.77302335e-17	1.52411571e-03	-1.52411571e-03
183             	3.06421073e-01	1.52371985e-01	1.54049088e-01	1.67710249e-01	8.43674423e-02	8.33428070e-02	5.12317629e-04	-8.38551247e-04	1.53210536e-03	5.77298818e-17	1.53210536e-03	-1.53210536e-03
184             	3.08143375e-01	1.53225658e-01	1.54917717e-01	1.69205985e-01	8.51182532e-02	8.40877313e-02	5.15260919e-04	-8.46029923e-04	1.54071688e-03	5.77293924e-17	1.54071688e-03	-1.54071688e-03
185             	3.09823862e-01	1.54058484e-01	1.55765378e-01	1.70689393e-01	8.58628910e-02	8.48265024e-02	5.18194271e-04	-8.53446967e-04	1.54911931e-03	5.77289434e-17	1.54911931e-03	-1.54911931e-03
186             	3.11489047e-01	1.54883611e-01	1.56605437e-01	1.72182616e-01	8.66124257e-02	8.55701904e-02	5.21117612e-04	-8.60913080e-04	1.55744524e-03	5.77285117e-17	1.55744524e-03	-1.55744524e-03
187             	3.13175028e-01	1.55719011e-01	1.57456017e-01	1.73700546e-01	8.73743036e-02	8.63262420e-02	5.24030833e-04	-8.68502728e-04	1.56587514e-03	5.77280870e-17	1.56587514e-03	-1.56587514e-03
188             	3.14830523e-01	1.56539146e-01	1.58291377e-01	1.75223183e-01	8.81385250e-02	8.70846576e-02	5.26933735e-04	-8.76115913e-04	1.57415261e-03	5.77278156e-17	1.57415261e-03	-1.57415261e-03
189             	3.16444782e-01	1.57338760e-01	1.59106022e-01	1.76726198e-01	8.88929250e-02	8.78332728e-02	5.29826082e-04	-8.83630989e-04	1.58222391e-03	5.77275787e-17	1.58222391e-03	-1.58222391e-03
190             	3.18068634e-01	1.58143357e-01	1.59925277e-01	1.78191943e-01	8.96286791e-02	8.85632637e-02	5.32707715e-04	-8.90959714e-04	1.59034317e-03	5.77271996e-17	1.59034317e-03	-1.59034317e-03
191             	3.19818515e-01	1.59010917e-01	1.60807598e-01	1.79668082e-01	9.03696193e-02	8.92984623e-02	5.35578522e-04	-8.98340408e-04	1.59909258e-03	5.77266939e-17	1.59909258e-03	-1.59909258e-03
192             	3.21538958e-01	1.59863738e-01	1.61675220e-01	1.81148260e-01	9.11125686e-02	9.00356917e-02	5.38438429e-04	-9.05741302e-04	1.60769479e-03	5.77262688e-17	1.60769479e-03	-1.60769479e-03
193             	3.23210164e-01	1.60691972e-01	1.62518192e-01	1.82621965e-01	9.18522699e-02	9.07696953e-02	5.41287326e-04	-9.13109826e-04	1.61605082e-03	5.77259147e-17	1.61605082e-03	-1.61605082e-03
194             	3.24872651e-01	1.61515864e-01	1.63356787e-01	1.84092314e-01	9.25902821e-02	9.15020321e-02	5.44124992e-04	-9.20461571e-04	1.62436325e-03	5.77255679e-17	1.62436325e-03	-1.62436325e-03
195             	3.26553638e-01	1.62349045e-01	1.64204593e-01	1.85554758e-01	9.33243303e-02	9.22304278e-02	5.46951268e-04	-9.27773791e-04	1.63276819e-03	5.77251865e-17	1.63276819e-03	-1.63276819e-03
196             	3.28244354e-01	1.63187117e-01	1.65057237e-01	1.87012062e-01	9.40557969e-02	9.29562648e-02	5.49766026e-04	-9.35060308e-04	1.64122177e-03	5.77248082e-17	1.64122177e-03	-1.64122177e-03
197             	3.29947546e-01	1.64031444e-01	1.65916102e-01	1.88465791e-01	9.47854648e-02	9.36803265e-02	5.52569162e-04	-9.42328957e-04	1.64973773e-03	5.77244176e-17	1.64973773e-03	-1.64973773e-03
198             	3.31631045e-01	1.64865934e-01	1.66765111e-01	1.89917724e-01	9.55142225e-02	9.44035014e-02	5.55360545e-04	-9.49588619e-04	1.65815523e-03	5.77240402e-17	1.65815523e-03	-1.65815523e-03
199             	3.33316559e-01	1.65701434e-01	1.67615125e-01	1.91369038e-01	9.62426591e-02	9.51263790e-02	5.58140042e-04	-9.56845190e-04	1.66658279e-03	5.77236643e-17	1.66658279e-03	-1.66658279e-03
200             	3.35014924e-01	1.66543389e-01	1.68471535e-01	1.92814672e-01	9.69682436e-02	9.58464286e-02	5.60907530e-04	-9.64073361e-04	1.67507462e-03	5.77232825e-17	1.67507462e-03	-1.67507462e-03
201             	3.36713435e-01	1.67385428e-01	1.69328007e-01	1.94257848e-01	9.76925869e-02	9.65652610e-02	5.63662916e-04	-9.71289240e-04	1.68356717e-03	5.77228997e-17	1.68356717e-03	-1.68356717e-03
202             	3.38417485e-01	1.68230257e-01	1.70187227e-01	1.95696980e-01	9.84148960e-02	9.72820840e-02	5.66406006e-04	-9.78484900e-04	1.69208742e-03	5.77225025e-17	1.69208742e-03	-1.69208742e-03
203             	3.40105486e-01	1.69067028e-01	1.71038458e-01	1.97143060e-01	9.91406669e-02	9.80023933e-02	5.69136778e-04	-9.85715301e-04	1.70052743e-03	5.77221138e-17	1.70052743e-03	-1.70052743e-03
204             	3.41788547e-01	1.69901362e-01	1.71887185e-01	1.98582342e-01	9.98630262e-02	9.87193161e-02	5.71855046e-04	-9.92911712e-04	1.70894274e-03	5.77217302e-17	1.70894274e-03	-1.70894274e-03
205             	3.43487371e-01	1.70743610e-01	1.72743761e-01	2.00015183e-01	1.00582152e-01	9.94330308e-02	5.74560721e-04	-1.00007592e-03	1.71743685e-03	5.77213405e-17	1.71743685e-03	-1.71743685e-03
206             	3.45191524e-01	1.71588540e-01	1.73602984e-01	2.01444419e-01	1.01299463e-01	1.00144956e-01	5.77253710e-04	-1.00722209e-03	1.72595762e-03	5.77209437e-17	1.72595762e-03	-1.72595762e-03
207             	3.46901585e-01	1.72436420e-01	1.74465166e-01	2.02874607e-01	1.02017237e-01	1.00857370e-01	5.79933676e-04	-1.01437304e-03	1.73450793e-03	5.77205290e-17	1.73450793e-03	-1.73450793e-03
208             	3.48591223e-01	1.73274089e-01	1.75317134e-01	2.04304493e-01	1.02734847e-01	1.01569646e-01	5.82600476e-04	-1.02152246e-03	1.74295612e-03	5.77201281e-17	1.74295612e-03	-1.74295612e-03
209             	3.50276679e-01	1.74109680e-01	1.76167000e-01	2.05732034e-01	1.03451271e-01	1.02280763e-01	5.85254232e-04	-1.02866017e-03	1.75138340e-03	5.77197319e-17	1.75138340e-03	-1.75138340e-03
210             	3.51975335e-01	1.74951877e-01	1.77023458e-01	2.07158116e-01	1.04166953e-01	1.02991163e-01	5.87894844e-04	-1.03579058e-03	1.75987667e-03	5.77193268e-17	1.75987667e-03	-1.75987667e-03
211             	3.53673838e-01	1.75794009e-01	1.77879829e-01	2.08581921e-01	1.04881483e-01	1.03700439e-01	5.90521994e-04	-1.04290961e-03	1.76836919e-03	5.77189186e-17	1.76836919e-03	-1.76836919e-03
212             	3.55374453e-01	1.76637224e-01	1.78737230e-01	2.10000611e-01	1.05593441e-01	1.04407170e-01	5.93135825e-04	-1.05000305e-03	1.77687227e-03	5.77184984e-17	1.77687227e-03	-1.77687227e-03
213             	3.57058045e-01	1.77471905e-01	1.79586140e-01	2.11423550e-01	1.06307511e-01	1.05116039e-01	5.95736189e-04	-1.05711775e-03	1.78529023e-03	5.77180907e-17	1.78529023e-03	-1.78529023e-03
214             	3.58739888e-01	1.78305686e-01	1.80434202e-01	2.12851669e-01	1.07024157e-01	1.05827511e-01	5.98323107e-04	-1.06425834e-03	1.79369944e-03	5.77176852e-17	1.79369944e-03	-1.79369944e-03
215             	3.60435523e-01	1.79146378e-01	1.81289145e-01	2.14276653e-01	1.07739223e-01	1.06537430e-01	6.00896606e-04	-1.07138327e-03	1.80217761e-03	5.77172691e-17	1.80217761e-03	-1.80217761e-03
216             	3.62136219e-01	1.79989598e-01	1.82146621e-01	2.15702265e-01	1.08454589e-01	1.07247676e-01	6.03456509e-04	-1.07851133e-03	1.81068109e-03	5.77168405e-17	1.81068109e-03	-1.81068109e-03
217             	3.63821118e-01	1.80824931e-01	1.82996186e-01	2.17125520e-01	1.09168763e-01	1.07956757e-01	6.06002852e-04	-1.08562760e-03	1.81910559e-03	5.77164194e-17	1.81910559e-03	-1.81910559e-03
218             	3.65497307e-01	1.81655932e-01	1.83841375e-01	2.18544271e-01	1.09880671e-01	1.08663600e-01	6.08535429e-04	-1.09272135e-03	1.82748653e-03	5.77160084e-17	1.82748653e-03	-1.82748653e-03
219             	3.67180377e-01	1.82490374e-01	1.84690003e-01	2.19962921e-01	1.10592515e-01	1.09370406e-01	6.11054540e-04	-1.09981461e-03	1.83590188e-03	5.77155900e-17	1.83590188e-03	-1.83590188e-03
220             	3.68858450e-01	1.83322298e-01	1.85536152e-01	2.21385382e-01	1.11306251e-01	1.10079132e-01	6.13559688e-04	-1.10692691e-03	1.84429225e-03	5.77151755e-17	1.84429225e-03	-1.84429225e-03
221             	3.70537698e-01	1.84154812e-01	1.86382885e-01	2.22807262e-01	1.12019682e-01	1.10787580e-01	6.16051069e-04	-1.11403631e-03	1.85268849e-03	5.77147525e-17	1.85268849e-03	-1.85268849e-03
222             	3.72223246e-01	1.84990486e-01	1.87232760e-01	2.24227455e-01	1.12732256e-01	1.11495199e-01	6.18528680e-04	-1.12113728e-03	1.86111623e-03	5.77143193e-17	1.86111623e-03	-1.86111623e-03
223             	3.73891248e-01	1.85817370e-01	1.88073878e-01	2.25650805e-01	1.13446395e-01	1.12204410e-01	6.20992495e-04	-1.12825403e-03	1.86945624e-03	5.77138914e-17	1.86945624e-03	-1.86945624e-03
224             	3.75554632e-01	1.86641924e-01	1.88912708e-01	2.27078460e-01	1.14162672e-01	1.12915787e-01	6.23442296e-04	-1.13539230e-03	1.87777316e-03	5.77134675e-17	1.87777316e-03	-1.87777316e-03
225             	3.77225498e-01	1.87470222e-01	1.89755277e-01	2.28505482e-01	1.14878620e-01	1.13626863e-01	6.25878325e-04	-1.14252741e-03	1.88612749e-03	5.77130350e-17	1.88612749e-03	-1.88612749e-03
226             	3.78894451e-01	1.88297568e-01	1.90596883e-01	2.29931450e-01	1.15594025e-01	1.14337425e-01	6.28300292e-04	-1.14965725e-03	1.89447226e-03	5.77126056e-17	1.89447226e-03	-1.89447226e-03
227             	3.80567704e-01	1.89127065e-01	1.91440639e-01	2.31357399e-01	1.16309408e-01	1.15047991e-01	6.30708211e-04	-1.15678699e-03	1.90283852e-03	5.77121573e-17	1.90283852e-03	-1.90283852e-03
228             	3.82225052e-01	1.89948606e-01	1.92276446e-01	2.32784023e-01	1.17025114e-01	1.15758909e-01	6.33102198e-04	-1.16392012e-03	1.91112526e-03	5.77117205e-17	1.91112526e-03	-1.91112526e-03
229             	3.83874023e-01	1.90765948e-01	1.93108074e-01	2.34212606e-01	1.17741785e-01	1.16470821e-01	6.35481990e-04	-1.17106303e-03	1.91937011e-03	5.77112853e-17	1.91937011e-03	-1.91937011e-03
230             	3.85531679e-01	1.91587619e-01	1.93944060e-01	2.35644117e-01	1.18459906e-01	1.17184211e-01	6.37847789e-04	-1.17822058e-03	1.92765839e-03	5.77108421e-17	1.92765839e-03	-1.92765839e-03
231             	3.87189557e-01	1.92409391e-01	1.94780166e-01	2.37077519e-01	1.19178959e-01	1.17898560e-01	6.40199445e-04	-1.18538759e-03	1.93594778e-03	5.77103891e-17	1.93594778e-03	-1.93594778e-03
232             	3.88850130e-01	1.93232512e-01	1.95617617e-01	2.38510476e-01	1.19897775e-01	1.18612701e-01	6.42537025e-04	-1.19255238e-03	1.94425065e-03	5.77099223e-17	1.94425065e-03	-1.94425065e-03
233             	3.90493522e-01	1.94047040e-01	1.96446482e-01	2.39944221e-01	1.20616971e-01	1.19327250e-01	6.44860435e-04	-1.19972111e-03	1.95246761e-03	5.77094611e-17	1.95246761e-03	-1.95246761e-03
234             	3.92128732e-01	1.94857466e-01	1.97271266e-01	2.41380055e-01	1.21337197e-01	1.20042858e-01	6.47169786e-04	-1.20690027e-03	1.96064366e-03	5.77089992e-17	1.96064366e-03	-1.96064366e-03
235             	3.93772743e-01	1.95672272e-01	1.98100471e-01	2.42819943e-01	1.22059436e-01	1.20760506e-01	6.49464913e-04	-1.21409971e-03	1.96886371e-03	5.77085275e-17	1.96886371e-03	-1.96886371e-03
236             	3.95416088e-01	1.96486727e-01	1.98929361e-01	2.44263454e-01	1.22783473e-01	1.21479981e-01	6.51746054e-04	-1.22131727e-03	1.97708044e-03	5.77080468e-17	1.97708044e-03	-1.97708044e-03
237             	3.97061545e-01	1.97302230e-01	1.99759314e-01	2.45708418e-01	1.23508222e-01	1.22200196e-01	6.54012945e-04	-1.22854209e-03	1.98530772e-03	5.77075483e-17	1.98530772e-03	-1.98530772e-03
238             	3.98689125e-01	1.98108802e-01	2.00580324e-01	2.47152180e-01	1.24232356e-01	1.22919824e-01	6.56265838e-04	-1.23576090e-03	1.99344563e-03	5.77070544e-17	1.99344563e-03	-1.99344563e-03
239             	4.00313332e-01	1.98913662e-01	2.01399669e-01	2.48600695e-01	1.24958852e-01	1.23641843e-01	6.58504703e-04	-1.24300347e-03	2.00156666e-03	5.77065571e-17	2.00156666e-03	-2.00156666e-03
240             	4.01945706e-01	1.99722587e-01	2.02223119e-01	2.50053161e-01	1.25687310e-01	1.24365851e-01	6.60729310e-04	-1.25026580e-03	2.00972853e-03	5.77060472e-17	2.00972853e-03	-2.00972853e-03
241             	4.03576533e-01	2.00530723e-01	2.03045810e-01	2.51508637e-01	1.26417258e-01	1.25091378e-01	6.62939888e-04	-1.25754318e-03	2.01788267e-03	5.77055296e-17	2.01788267e-03	-2.01788267e-03
242             	4.05192212e-01	2.01331279e-01	2.03860933e-01	2.52965438e-01	1.27147856e-01	1.25817583e-01	6.65136510e-04	-1.26482719e-03	2.02596106e-03	5.77050085e-17	2.02596106e-03	-2.02596106e-03
243             	4.06821205e-01	2.02138474e-01	2.04682732e-01	2.54425820e-01	1.27880229e-01	1.26545591e-01	6.67319018e-04	-1.27212910e-03	2.03410603e-03	5.77044626e-17	2.03410603e-03	-2.03410603e-03
244             	4.08440112e-01	2.02940606e-01	2.05499506e-01	2.55889975e-01	1.28614475e-01	1.27275500e-01	6.69487424e-04	-1.27944988e-03	2.04220056e-03	5.77039098e-17	2.04220056e-03	-2.04220056e-03
245             	4.10060204e-01	2.03743306e-01	2.06316898e-01	2.57359258e-01	1.29351271e-01	1.28007987e-01	6.71641991e-04	-1.28679629e-03	2.05030102e-03	5.77033482e-17	2.05030102e-03	-2.05030102e-03
246             	4.11675721e-01	2.04543697e-01	2.07132024e-01	2.58832762e-01	1.30090163e-01	1.28742598e-01	6.73782534e-04	-1.29416381e-03	2.05837861e-03	5.77027823e-17	2.05837861e-03	-2.05837861e-03
247             	4.13278618e-01	2.05337779e-01	2.07940839e-01	2.60305986e-01	1.30828902e-01	1.29477084e-01	6.75909161e-04	-1.30152993e-03	2.06639309e-03	5.77022173e-17	2.06639309e-03	-2.06639309e-03
248             	4.14885218e-01	2.06133678e-01	2.08751540e-01	2.61786187e-01	1.31571115e-01	1.30215071e-01	6.78021921e-04	-1.30893093e-03	2.07442609e-03	5.77016345e-17	2.07442609e-03	-2.07442609e-03
249             	4.16500364e-01	2.06933836e-01	2.09566528e-01	2.63269176e-01	1.32314709e-01	1.30954467e-01	6.80120710e-04	-1.31634588e-03	2.08250182e-03	5.77010318e-17	2.08250182e-03	-2.08250182e-03
250             	4.18102702e-01	2.07727571e-01	2.10375131e-01	2.64756024e-01	1.33060217e-01	1.31695806e-01	6.82205607e-04	-1.32378012e-03	2.09051351e-03	5.77004232e-17	2.09051351e-03	-2.09051351e-03
251             	4.19701826e-01	2.08519660e-01	2.11182166e-01	2.66250595e-01	1.33809574e-01	1.32441021e-01	6.84276766e-04	-1.33125298e-03	2.09850913e-03	5.76998068e-17	2.09850913e-03	-2.09850913e-03
252             	4.21304932e-01	2.09313714e-01	2.11991218e-01	2.67750413e-01	1.34561541e-01	1.33188872e-01	6.86334126e-04	-1.33875207e-03	2.10652466e-03	5.76991760e-17	2.10652466e-03	-2.10652466e-03
253             	4.22908578e-01	2.10108024e-01	2.12800554e-01	2.69253026e-01	1.35314891e-01	1.33938135e-01	6.88377678e-04	-1.34626513e-03	2.11454289e-03	5.76985284e-17	2.11454289e-03	-2.11454289e-03
254             	4.24514417e-01	2.10903413e-01	2.13611003e-01	2.70759006e-01	1.36069910e-01	1.34689095e-01	6.90407510e-04	-1.35379503e-03	2.12257208e-03	5.76978630e-17	2.12257208e-03	-2.12257208e-03
255             	4.26104807e-01	2.11691060e-01	2.14413747e-01	2.72268653e-01	1.36826750e-01	1.35441903e-01	6.92423623e-04	-1.36134327e-03	2.13052403e-03	5.76971900e-17	2.13052403e-03	-2.13052403e-03
256             	4.27693677e-01	2.12477901e-01	2.15215776e-01	2.73787531e-01	1.37588192e-01	1.36199340e-01	6.94425941e-04	-1.36893766e-03	2.13846839e-03	5.76965095e-17	2.13846839e-03	-2.13846839e-03
257             	4.29288825e-01	2.13267850e-01	2.16020975e-01	2.75312504e-01	1.38352667e-01	1.36959837e-01	6.96414821e-04	-1.37656252e-03	2.14644413e-03	5.76958111e-17	2.14644413e-03	-2.14644413e-03
258             	4.30881253e-01	2.14056414e-01	2.16824839e-01	2.76842459e-01	1.39119620e-01	1.37722840e-01	6.98389998e-04	-1.38421230e-03	2.15440627e-03	5.76951042e-17	2.15440627e-03	-2.15440627e-03
259             	4.32474516e-01	2.14845376e-01	2.17629140e-01	2.78376421e-01	1.39888562e-01	1.38487859e-01	7.00351706e-04	-1.39188211e-03	2.16237258e-03	5.76943795e-17	2.16237258e-03	-2.16237258e-03
260             	4.34070891e-01	2.15635866e-01	2.18435025e-01	2.79915965e-01	1.40660282e-01	1.39255682e-01	7.02299873e-04	-1.39957982e-03	2.17035445e-03	5.76936321e-17	2.17035445e-03	-2.17035445e-03
261             	4.35653233e-01	2.16419314e-01	2.19233920e-01	2.81460609e-01	1.41434539e-01	1.40026070e-01	7.04234614e-04	-1.40730304e-03	2.17826617e-03	5.76928772e-17	2.17826617e-03	-2.17826617e-03
262             	4.37236888e-01	2.17203365e-01	2.20033524e-01	2.83015896e-01	1.42214104e-01	1.40801792e-01	7.06155787e-04	-1.41507948e-03	2.18618444e-03	5.76921118e-17	2.18618444e-03	-2.18618444e-03
263             	4.38826094e-01	2.17990159e-01	2.20835935e-01	2.84577613e-01	1.42996870e-01	1.41580743e-01	7.08063681e-04	-1.42288807e-03	2.19413047e-03	5.76913295e-17	2.19413047e-03	-2.19413047e-03
264             	4.40412450e-01	2.18775505e-01	2.21636945e-01	2.86143972e-01	1.43781944e-01	1.42362028e-01	7.09958227e-04	-1.43071986e-03	2.20206225e-03	5.76905354e-17	2.20206225e-03	-2.20206225e-03
265             	4.42001743e-01	2.19562297e-01	2.22439446e-01	2.87714889e-01	1.44569284e-01	1.43145605e-01	7.11839609e-04	-1.43857444e-03	2.21000872e-03	5.76897232e-17	2.21000872e-03	-2.21000872e-03
266             	4.43594581e-01	2.20350826e-01	2.23243755e-01	2.89292868e-01	1.45360142e-01	1.43932726e-01	7.13707698e-04	-1.44646434e-03	2.21797291e-03	5.76888881e-17	2.21797291e-03	-2.21797291e-03
267             	4.45174283e-01	2.21132758e-01	2.24041524e-01	2.90876604e-01	1.46153865e-01	1.44722739e-01	7.15562683e-04	-1.45438302e-03	2.22587141e-03	5.76880467e-17	2.22587141e-03	-2.22587141e-03
268             	4.46756270e-01	2.21915778e-01	2.24840492e-01	2.92471441e-01	1.46953125e-01	1.45518316e-01	7.17404655e-04	-1.46235721e-03	2.23378135e-03	5.76871940e-17	2.23378135e-03	-2.23378135e-03
269             	4.48343865e-01	2.22701565e-01	2.25642300e-01	2.94073454e-01	1.47755960e-01	1.46317493e-01	7.19233445e-04	-1.47036727e-03	2.24171932e-03	5.76863223e-17	2.24171932e-03	-2.24171932e-03
270             	4.49928799e-01	2.23485998e-01	2.26442801e-01	2.95680273e-01	1.48561186e-01	1.47119087e-01	7.21049342e-04	-1.47840136e-03	2.24964399e-03	5.76854375e-17	2.24964399e-03	-2.24964399e-03
271             	4.51517913e-01	2.24272496e-01	2.27245417e-01	2.97292054e-01	1.49368879e-01	1.47923174e-01	7.22852385e-04	-1.48646027e-03	2.25758957e-03	5.76845354e-17	2.25758957e-03	-2.25758957e-03
272             	4.53112677e-01	2.25061784e-01	2.28050893e-01	2.98910971e-01	1.50180128e-01	1.48730843e-01	7.24642575e-04	-1.49455486e-03	2.26556338e-03	5.76836050e-17	2.26556338e-03	-2.26556338e-03
273             	4.54695731e-01	2.25845183e-01	2.28850548e-01	3.00536446e-01	1.50994643e-01	1.49541803e-01	7.26419994e-04	-1.50268223e-03	2.27347865e-03	5.76826645e-17	2.27347865e-03	-2.27347865e-03
274             	4.56280123e-01	2.26629192e-01	2.29650931e-01	3.02173837e-01	1.51815103e-01	1.50358734e-01	7.28184722e-04	-1.51086918e-03	2.28140062e-03	5.76817104e-17	2.28140062e-03	-2.28140062e-03
275             	4.57870946e-01	2.27416377e-01	2.30454568e-01	3.03819104e-01	1.52639489e-01	1.51179615e-01	7.29936902e-04	-1.51909552e-03	2.28935473e-03	5.76807358e-17	2.28935473e-03	-2.28935473e-03
276             	4.59460992e-01	2.28203148e-01	2.31257843e-01	3.05469506e-01	1.53466430e-01	1.52003077e-01	7.31676508e-04	-1.52734753e-03	2.29730496e-03	5.76797460e-17	2.29730496e-03	-2.29730496e-03
277             	4.61053786e-01	2.28991263e-01	2.32062522e-01	3.07125895e-01	1.54296351e-01	1.52829544e-01	7.33403639e-04	-1.53562947e-03	2.30526893e-03	5.76787365e-17	2.30526893e-03	-2.30526893e-03
278             	4.62653914e-01	2.29783015e-01	2.32870899e-01	3.08788421e-01	1.55129329e-01	1.53659092e-01	7.35118247e-04	-1.54394210e-03	2.31326957e-03	5.76777001e-17	2.31326957e-03	-2.31326957e-03
279             	4.64244605e-01	2.30570007e-01	2.33674598e-01	3.10459022e-01	1.55966332e-01	1.54492691e-01	7.36820642e-04	-1.55229511e-03	2.32122303e-03	5.76766515e-17	2.32122303e-03	-2.32122303e-03
280             	4.65835573e-01	2.31357082e-01	2.34478491e-01	3.12140946e-01	1.56808984e-01	1.55331962e-01	7.38510756e-04	-1.56070473e-03	2.32917786e-03	5.76755864e-17	2.32917786e-03	-2.32917786e-03
281             	4.67435416e-01	2.32148556e-01	2.35286860e-01	3.13830441e-01	1.57655409e-01	1.56175032e-01	7.40188719e-04	-1.56915221e-03	2.33717708e-03	5.76744990e-17	2.33717708e-03	-2.33717708e-03
282             	4.69038849e-01	2.32941795e-01	2.36097054e-01	3.15525911e-01	1.58504810e-01	1.57021101e-01	7.41854500e-04	-1.57762955e-03	2.34519425e-03	5.76733905e-17	2.34519425e-03	-2.34519425e-03
283             	4.70647796e-01	2.33737767e-01	2.36910030e-01	3.17226296e-01	1.59356656e-01	1.57869640e-01	7.43508296e-04	-1.58613148e-03	2.35323898e-03	5.76722526e-17	2.35323898e-03	-2.35323898e-03
284             	4.72247926e-01	2.34529292e-01	2.37718634e-01	3.18934173e-01	1.60212237e-01	1.58721936e-01	7.45150137e-04	-1.59467087e-03	2.36123963e-03	5.76711046e-17	2.36123963e-03	-2.36123963e-03
285             	4.73850744e-01	2.35322097e-01	2.38528647e-01	3.20654992e-01	1.61074276e-01	1.59580716e-01	7.46780154e-04	-1.60327496e-03	2.36925372e-03	5.76699360e-17	2.36925372e-03	-2.36925372e-03
286             	4.75461791e-01	2.36118974e-01	2.39342818e-01	3.22384406e-01	1.61940601e-01	1.60443805e-01	7.48398341e-04	-1.61192203e-03	2.37730896e-03	5.76687463e-17	2.37730896e-03	-2.37730896e-03
287             	4.77076553e-01	2.36917677e-01	2.40158877e-01	3.24119998e-01	1.62810004e-01	1.61309994e-01	7.50004693e-04	-1.62059999e-03	2.38538277e-03	5.76675368e-17	2.38538277e-03	-2.38538277e-03
288             	4.78695885e-01	2.37718642e-01	2.40977243e-01	3.25860171e-01	1.63681685e-01	1.62178486e-01	7.51599532e-04	-1.62930086e-03	2.39347943e-03	5.76663004e-17	2.39347943e-03	-2.39347943e-03
289             	4.80307678e-01	2.38515797e-01	2.41791881e-01	3.27608455e-01	1.64557410e-01	1.63051045e-01	7.53182612e-04	-1.63804227e-03	2.40153839e-03	5.76650526e-17	2.40153839e-03	-2.40153839e-03
290             	4.81925338e-01	2.39315818e-01	2.42609520e-01	3.29370217e-01	1.65439863e-01	1.63930354e-01	7.54754258e-04	-1.64685109e-03	2.40962669e-03	5.76637880e-17	2.40962669e-03	-2.40962669e-03
291             	4.83550042e-01	2.40119322e-01	2.43430720e-01	3.31139766e-01	1.66326197e-01	1.64813569e-01	7.56314298e-04	-1.65569883e-03	2.41775021e-03	5.76625033e-17	2.41775021e-03	-2.41775021e-03
292             	4.85176768e-01	2.40923815e-01	2.44252952e-01	3.32913712e-01	1.67214719e-01	1.65698993e-01	7.57863239e-04	-1.66456856e-03	2.42588384e-03	5.76612004e-17	2.42588384e-03	-2.42588384e-03
293             	4.86810679e-01	2.41731877e-01	2.45078803e-01	3.34692643e-01	1.68105722e-01	1.66586921e-01	7.59400896e-04	-1.67346322e-03	2.43405340e-03	5.76598738e-17	2.43405340e-03	-2.43405340e-03
294             	4.88438601e-01	2.42536898e-01	2.45901703e-01	3.36480477e-01	1.69001166e-01	1.67479311e-01	7.60927342e-04	-1.68240239e-03	2.44219301e-03	5.76585337e-17	2.44219301e-03	-2.44219301e-03
295             	4.90071502e-01	2.43344345e-01	2.46727157e-01	3.38281148e-01	1.69903017e-01	1.68378131e-01	7.62442917e-04	-1.69140574e-03	2.45035751e-03	5.76571749e-17	2.45035751e-03	-2.45035751e-03
296             	4.91713034e-01	2.44156067e-01	2.47556967e-01	3.40089959e-01	1.70808927e-01	1.69281032e-01	7.63947433e-04	-1.70044980e-03	2.45856517e-03	5.76557971e-17	2.45856517e-03	-2.45856517e-03
297             	4.93360102e-01	2.44970523e-01	2.48389579e-01	3.41905558e-01	1.71718220e-01	1.70187338e-01	7.65440996e-04	-1.70952779e-03	2.46680051e-03	5.76543990e-17	2.46680051e-03	-2.46680051e-03
298             	4.95003758e-01	2.45783239e-01	2.49220518e-01	3.43727920e-01	1.72630884e-01	1.71097036e-01	7.66923732e-04	-1.71863960e-03	2.47501879e-03	5.76529897e-17	2.47501879e-03	-2.47501879e-03
299             	4.96655402e-01	2.46599899e-01	2.50055502e-01	3.45560295e-01	1.73548543e-01	1.72011752e-01	7.68395841e-04	-1.72780147e-03	2.48327701e-03	5.76515568e-17	2.48327701e-03	-2.48327701e-03
300             	4.98309980e-01	2.47417983e-01	2.50891997e-01	3.47401409e-01	1.74470562e-01	1.72930847e-01	7.69857327e-04	-1.73700705e-03	2.49154990e-03	5.76501113e-17	2.49154990e-03	-2.49154990e-03
301             	4.99962582e-01	2.48235041e-01	2.51727542e-01	3.49250108e-01	1.75396362e-01	1.73853746e-01	7.71308179e-04	-1.74625054e-03	2.49981291e-03	5.76486495e-17	2.49981291e-03	-2.49981291e-03
302             	5.01624484e-01	2.49056692e-01	2.52567792e-01	3.51110032e-01	1.76327764e-01	1.74782267e-01	7.72748617e-04	-1.75555016e-03	2.50812242e-03	5.76471702e-17	2.50812242e-03	-2.50812242e-03
303             	5.03292516e-01	2.49881364e-01	2.53411152e-01	3.52978792e-01	1.77263574e-01	1.75715217e-01	7.74178671e-04	-1.76489396e-03	2.51646258e-03	5.76456688e-17	2.51646258e-03	-2.51646258e-03
304             	5.04957002e-01	2.50704232e-01	2.54252771e-01	3.54853915e-01	1.78202556e-01	1.76651359e-01	7.75598169e-04	-1.77426958e-03	2.52478501e-03	5.76441587e-17	2.52478501e-03	-2.52478501e-03
305             	5.06636728e-01	2.51534671e-01	2.55102058e-01	3.56738737e-01	1.79146376e-01	1.77592361e-01	7.77007642e-04	-1.78369369e-03	2.53318364e-03	5.76426185e-17	2.53318364e-03	-2.53318364e-03
306             	5.08314952e-01	2.52364314e-01	2.55950638e-01	3.58632402e-01	1.80094608e-01	1.78537794e-01	7.78406904e-04	-1.79316201e-03	2.54157476e-03	5.76410653e-17	2.54157476e-03	-2.54157476e-03
307             	5.09997606e-01	2.53196123e-01	2.56801483e-01	3.60536042e-01	1.81047817e-01	1.79488225e-01	7.79796189e-04	-1.80268021e-03	2.54998803e-03	5.76394983e-17	2.54998803e-03	-2.54998803e-03
308             	5.11682377e-01	2.54028945e-01	2.57653433e-01	3.62448784e-01	1.82005567e-01	1.80443216e-01	7.81175524e-04	-1.81224392e-03	2.55841189e-03	5.76379194e-17	2.55841189e-03	-2.55841189e-03
309             	5.13370084e-01	2.54863190e-01	2.58506894e-01	3.64370424e-01	1.82967757e-01	1.81402667e-01	7.82544881e-04	-1.82185212e-03	2.56685042e-03	5.76363234e-17	2.56685042e-03	-2.56685042e-03
310             	5.15065782e-01	2.55701384e-01	2.59364398e-01	3.66301426e-01	1.83934618e-01	1.82366809e-01	7.83904526e-04	-1.83150713e-03	2.57532891e-03	5.76347109e-17	2.57532891e-03	-2.57532891e-03
311             	5.16768752e-01	2.56543171e-01	2.60225582e-01	3.68241118e-01	1.84905813e-01	1.83335304e-01	7.85254511e-04	-1.84120559e-03	2.58384376e-03	5.76330736e-17	2.58384376e-03	-2.58384376e-03
312             	5.18466535e-01	2.57382324e-01	2.61084211e-01	3.70188664e-01	1.85880927e-01	1.84307737e-01	7.86594740e-04	-1.85094332e-03	2.59233267e-03	5.76314253e-17	2.59233267e-03	-2.59233267e-03
313             	5.20171607e-01	2.58225063e-01	2.61946544e-01	3.72148148e-01	1.86862000e-01	1.85286148e-01	7.87925586e-04	-1.86074074e-03	2.60085803e-03	5.76297590e-17	2.60085803e-03	-2.60085803e-03
314             	5.21883418e-01	2.59071122e-01	2.62812296e-01	3.74117440e-01	1.87847967e-01	1.86269473e-01	7.89246857e-04	-1.87058720e-03	2.60941709e-03	5.76280766e-17	2.60941709e-03	-2.60941709e-03
315             	5.23600718e-01	2.59919882e-01	2.63680836e-01	3.76095467e-01	1.88838292e-01	1.87257175e-01	7.90558772e-04	-1.88047734e-03	2.61800359e-03	5.76263761e-17	2.61800359e-03	-2.61800359e-03
316             	5.25324516e-01	2.60771847e-01	2.64552669e-01	3.78082224e-01	1.89832973e-01	1.88249251e-01	7.91861299e-04	-1.89041112e-03	2.62662258e-03	5.76246577e-17	2.62662258e-03	-2.62662258e-03
317             	5.27043785e-01	2.61621504e-01	2.65422281e-01	3.80077768e-01	1.90832038e-01	1.89245729e-01	7.93154706e-04	-1.90038884e-03	2.63521893e-03	5.76229269e-17	2.63521893e-03	-2.63521893e-03
318             	5.28772125e-01	2.62475634e-01	2.66296491e-01	3.82085764e-01	1.91837321e-01	1.90248443e-01	7.94438825e-04	-1.91042882e-03	2.64386063e-03	5.76211781e-17	2.64386063e-03	-2.64386063e-03
319             	5.30507200e-01	2.63333077e-01	2.67174123e-01	3.84104568e-01	1.92847998e-01	1.91256570e-01	7.95713931e-04	-1.92052284e-03	2.65253600e-03	5.76194148e-17	2.65253600e-03	-2.65253600e-03
320             	5.32247251e-01	2.64192961e-01	2.68054290e-01	3.86132928e-01	1.93863444e-01	1.92269484e-01	7.96980149e-04	-1.93066464e-03	2.66123626e-03	5.76176345e-17	2.66123626e-03	-2.66123626e-03
321             	5.33984854e-01	2.65051577e-01	2.68933276e-01	3.88169909e-01	1.94883192e-01	1.93286717e-01	7.98237346e-04	-1.94084954e-03	2.66992427e-03	5.76158438e-17	2.66992427e-03	-2.66992427e-03
322             	5.35730760e-01	2.65914287e-01	2.69816473e-01	3.90218600e-01	1.95908786e-01	1.94309814e-01	7.99485676e-04	-1.95109300e-03	2.67865380e-03	5.76140359e-17	2.67865380e-03	-2.67865380e-03
323             	5.37482313e-01	2.66779763e-01	2.70702549e-01	3.92278597e-01	1.96940024e-01	1.95338573e-01	8.00725385e-04	-1.96139299e-03	2.68741156e-03	5.76122143e-17	2.68741156e-03	-2.68741156e-03
324             	5.39238519e-01	2.67647515e-01	2.71591004e-01	3.94348853e-01	1.97976383e-01	1.96372470e-01	8.01956353e-04	-1.97174427e-03	2.69619259e-03	5.76103748e-17	2.69619259e-03	-2.69619259e-03
325             	5.40995331e-01	2.68515521e-01	2.72479810e-01	3.96428902e-01	1.99017630e-01	1.97411272e-01	8.03178799e-04	-1.98214451e-03	2.70497666e-03	5.76085211e-17	2.70497666e-03	-2.70497666e-03
326             	5.42759452e-01	2.69387128e-01	2.73372323e-01	3.98519498e-01	2.00064142e-01	1.98455356e-01	8.04392775e-04	-1.99259749e-03	2.71379726e-03	5.76066513e-17	2.71379726e-03	-2.71379726e-03
327             	5.44527521e-01	2.70260654e-01	2.74266867e-01	4.00621289e-01	2.01116243e-01	1.99505046e-01	8.05598367e-04	-2.00310644e-03	2.72263760e-03	5.76047681e-17	2.72263760e-03	-2.72263760e-03
328             	5.46295721e-01	2.71134188e-01	2.75161533e-01	4.02734424e-01	2.02174007e-01	2.00560416e-01	8.06795611e-04	-2.01367212e-03	2.73147860e-03	5.76028717e-17	2.73147860e-03	-2.73147860e-03
329             	5.48072721e-01	2.72012064e-01	2.76060657e-01	4.04859285e-01	2.03237627e-01	2.01621658e-01	8.07984732e-04	-2.02429642e-03	2.74036360e-03	5.76009622e-17	2.74036360e-03	-2.74036360e-03
330             	5.49855440e-01	2.72892746e-01	2.76962694e-01	4.06994860e-01	2.04306596e-01	2.02688264e-01	8.09165719e-04	-2.03497430e-03	2.74927720e-03	5.75990366e-17	2.74927720e-03	-2.74927720e-03
331             	5.51634229e-01	2.73771416e-01	2.77862813e-01	4.09139694e-01	2.05380185e-01	2.03759508e-01	8.10338625e-04	-2.04569847e-03	2.75817114e-03	5.75971060e-17	2.75817114e-03	-2.75817114e-03
332             	5.53424129e-01	2.74655571e-01	2.78768558e-01	4.11298725e-01	2.06460866e-01	2.04837859e-01	8.11503565e-04	-2.05649363e-03	2.76712065e-03	5.75951578e-17	2.76712065e-03	-2.76712065e-03
333             	5.55219546e-01	2.75542427e-01	2.79677119e-01	4.13469230e-01	2.07547276e-01	2.05921954e-01	8.12660663e-04	-2.06734615e-03	2.77609773e-03	5.75931983e-17	2.77609773e-03	-2.77609773e-03
334             	5.57011662e-01	2.76427580e-01	2.80584082e-01	4.15650176e-01	2.08638898e-01	2.07011278e-01	8.13809984e-04	-2.07825088e-03	2.78505831e-03	5.75912321e-17	2.78505831e-03	-2.78505831e-03
335             	5.58813080e-01	2.77317317e-01	2.81495763e-01	4.17844511e-01	2.09737207e-01	2.08107304e-01	8.14951708e-04	-2.08922256e-03	2.79406540e-03	5.75892546e-17	2.79406540e-03	-2.79406540e-03
336             	5.60619186e-01	2.78209337e-01	2.82409849e-01	4.20051180e-01	2.10841676e-01	2.09209504e-01	8.16085965e-04	-2.10025590e-03	2.80309593e-03	5.75872675e-17	2.80309593e-03	-2.80309593e-03
337             	5.62427789e-01	2.79102548e-01	2.83325242e-01	4.22269367e-01	2.11951896e-01	2.10317471e-01	8.17212701e-04	-2.11134684e-03	2.81213895e-03	5.75852731e-17	2.81213895e-03	-2.81213895e-03
338             	5.64236401e-01	2.79995704e-01	2.84240698e-01	4.24499364e-01	2.13068014e-01	2.11431350e-01	8.18332139e-04	-2.12249682e-03	2.82118201e-03	5.75832713e-17	2.82118201e-03	-2.82118201e-03
339             	5.66052823e-01	2.80892699e-01	2.85160124e-01	4.26742497e-01	2.14190693e-01	2.12551804e-01	8.19444449e-04	-2.13371249e-03	2.83026411e-03	5.75812641e-17	2.83026411e-03	-2.83026411e-03
340             	5.67873325e-01	2.81791668e-01	2.86081657e-01	4.28998896e-01	2.15319997e-01	2.13678898e-01	8.20549564e-04	-2.14499448e-03	2.83936662e-03	5.75792523e-17	2.83936662e-03	-2.83936662e-03
341             	5.69696160e-01	2.82691742e-01	2.87004418e-01	4.31267648e-01	2.16455472e-01	2.14812176e-01	8.21647607e-04	-2.15633824e-03	2.84848080e-03	5.75772377e-17	2.84848080e-03	-2.84848080e-03
342             	5.71518407e-01	2.83591457e-01	2.87926950e-01	4.33549312e-01	2.17597395e-01	2.15951917e-01	8.22738814e-04	-2.16774656e-03	2.85759203e-03	5.75752191e-17	2.85759203e-03	-2.85759203e-03
343             	5.73347817e-01	2.84494694e-01	2.88853124e-01	4.35843023e-01	2.18745335e-01	2.17097688e-01	8.23823035e-04	-2.17921511e-03	2.86673909e-03	5.75732003e-17	2.86673909e-03	-2.86673909e-03
344             	5.75181904e-01	2.85400204e-01	2.89781701e-01	4.38149708e-01	2.19899754e-01	2.18249953e-01	8.24900647e-04	-2.19074854e-03	2.87590952e-03	5.75711770e-17	2.87590952e-03	-2.87590952e-03
345             	5.77017180e-01	2.86306240e-01	2.90710940e-01	4.40469920e-01	2.21060932e-01	2.19408989e-01	8.25971504e-04	-2.20234960e-03	2.88508590e-03	5.75691574e-17	2.88508590e-03	-2.88508590e-03
346             	5.78855870e-01	2.87213919e-01	2.91641950e-01	4.42803102e-01	2.22228587e-01	2.20574515e-01	8.27035851e-04	-2.21401551e-03	2.89427935e-03	5.75671371e-17	2.89427935e-03	-2.89427935e-03
347             	5.80697993e-01	2.88123248e-01	2.92574745e-01	4.45149756e-01	2.23402972e-01	2.21746784e-01	8.28093798e-04	-2.22574878e-03	2.90348997e-03	5.75651227e-17	2.90348997e-03	-2.90348997e-03
348             	5.82542406e-01	2.89033655e-01	2.93508752e-01	4.47509719e-01	2.24584005e-01	2.22925714e-01	8.29145339e-04	-2.23754860e-03	2.91271203e-03	5.75631130e-17	2.91271203e-03	-2.91271203e-03
349             	5.84390572e-01	2.89945874e-01	2.94444698e-01	4.49882412e-01	2.25771396e-01	2.24111015e-01	8.30190602e-04	-2.24941206e-03	2.92195286e-03	5.75611144e-17	2.92195286e-03	-2.92195286e-03
350             	5.86241342e-01	2.90859325e-01	2.95382017e-01	4.52269255e-01	2.26965857e-01	2.25303398e-01	8.31229863e-04	-2.26134627e-03	2.93120671e-03	5.75591225e-17	2.93120671e-03	-2.93120671e-03
351             	5.88093681e-01	2.91773493e-01	2.96320189e-01	4.54669609e-01	2.28167068e-01	2.26502542e-01	8.32262920e-04	-2.27334805e-03	2.94046841e-03	5.75571405e-17	2.94046841e-03	-2.94046841e-03
352             	5.89950017e-01	2.92689595e-01	2.97260422e-01	4.57082753e-01	2.29374667e-01	2.27708086e-01	8.33290107e-04	-2.28541377e-03	2.94975009e-03	5.75551696e-17	2.94975009e-03	-2.94975009e-03
353             	5.91810068e-01	2.93607493e-01	2.98202575e-01	4.59508181e-01	2.30588402e-01	2.28919779e-01	8.34311271e-04	-2.29754090e-03	2.95905034e-03	5.75532045e-17	2.95905034e-03	-2.95905034e-03
354             	5.93671788e-01	2.94526153e-01	2.99145634e-01	4.61948126e-01	2.31809390e-01	2.30138736e-01	8.35326778e-04	-2.30974063e-03	2.96835894e-03	5.75512464e-17	2.96835894e-03	-2.96835894e-03
355             	5.95535113e-01	2.95445551e-01	3.00089562e-01	4.64401184e-01	2.33036928e-01	2.31364255e-01	8.36336470e-04	-2.32200592e-03	2.97767557e-03	5.75492977e-17	2.97767557e-03	-2.97767557e-03
356             	5.97402118e-01	2.96366727e-01	3.01035391e-01	4.66866434e-01	2.34270557e-01	2.32595876e-01	8.37340602e-04	-2.33433217e-03	2.98701059e-03	5.75473548e-17	2.98701059e-03	-2.98701059e-03
357             	5.99271807e-01	2.97289183e-01	3.01982624e-01	4.69344087e-01	2.35510383e-01	2.33833705e-01	8.38339223e-04	-2.34672044e-03	2.99635904e-03	5.75454206e-17	2.99635904e-03	-2.99635904e-03
358             	6.01143336e-01	2.98212495e-01	3.02930842e-01	4.71834715e-01	2.36756690e-01	2.35078025e-01	8.39332390e-04	-2.35917358e-03	3.00571668e-03	5.75434927e-17	3.00571668e-03	-3.00571668e-03
359             	6.03015821e-01	2.99136219e-01	3.03879602e-01	4.74338290e-01	2.38009465e-01	2.36328825e-01	8.40320268e-04	-2.37169145e-03	3.01507910e-03	5.75415708e-17	3.01507910e-03	-3.01507910e-03
360             	6.04891740e-01	3.00061606e-01	3.04830134e-01	4.76852718e-01	2.39267662e-01	2.37585057e-01	8.41302727e-04	-2.38426359e-03	3.02445870e-03	5.75396581e-17	3.02445870e-03	-3.02445870e-03
361             	6.06770078e-01	3.00988137e-01	3.05781941e-01	4.79380384e-01	2.40532472e-01	2.38847912e-01	8.42280187e-04	-2.39690192e-03	3.03385039e-03	5.75377491e-17	3.03385039e-03	-3.03385039e-03
362             	6.08649640e-01	3.01915223e-01	3.06734417e-01	4.81919419e-01	2.41802962e-01	2.40116457e-01	8.43252405e-04	-2.40959710e-03	3.04324820e-03	5.75358510e-17	3.04324820e-03	-3.04324820e-03
363             	6.10531214e-01	3.02843254e-01	3.07687960e-01	4.84470533e-01	2.43079486e-01	2.41391047e-01	8.44219772e-04	-2.42235267e-03	3.05265607e-03	5.75339576e-17	3.05265607e-03	-3.05265607e-03
364             	6.12415685e-01	3.03772681e-01	3.08643004e-01	4.87032307e-01	2.44361335e-01	2.42670971e-01	8.45182025e-04	-2.43516153e-03	3.06207843e-03	5.75320760e-17	3.06207843e-03	-3.06207843e-03
365             	6.14302053e-01	3.04702994e-01	3.09599059e-01	4.89606438e-01	2.45649358e-01	2.43957079e-01	8.46139528e-04	-2.44803219e-03	3.07151026e-03	5.75302038e-17	3.07151026e-03	-3.07151026e-03
366             	6.16189372e-01	3.05633726e-01	3.10555646e-01	4.92192014e-01	2.46943099e-01	2.45248915e-01	8.47092093e-04	-2.46096007e-03	3.08094686e-03	5.75283494e-17	3.08094686e-03	-3.08094686e-03
367             	6.18078636e-01	3.06565378e-01	3.11513258e-01	4.94787971e-01	2.48242025e-01	2.46545945e-01	8.48040064e-04	-2.47393985e-03	3.09039318e-03	5.75265045e-17	3.09039318e-03	-3.09039318e-03
368             	6.19969642e-01	3.07497846e-01	3.12471796e-01	4.97394959e-01	2.49546463e-01	2.47848496e-01	8.48983322e-04	-2.48697480e-03	3.09984821e-03	5.75246726e-17	3.09984821e-03	-3.09984821e-03
369             	6.21862450e-01	3.08431158e-01	3.13431293e-01	5.00013498e-01	2.50856671e-01	2.49156827e-01	8.49922020e-04	-2.50006749e-03	3.10931225e-03	5.75228534e-17	3.10931225e-03	-3.10931225e-03
370             	6.23757973e-01	3.09365781e-01	3.14392192e-01	5.02641108e-01	2.52171410e-01	2.50469698e-01	8.50856222e-04	-2.51320554e-03	3.11878986e-03	5.75210464e-17	3.11878986e-03	-3.11878986e-03
371             	6.25653635e-01	3.10300415e-01	3.15353220e-01	5.05280478e-01	2.53492025e-01	2.51788453e-01	8.51786058e-04	-2.52640239e-03	3.12826818e-03	5.75192510e-17	3.12826818e-03	-3.12826818e-03
372             	6.27550607e-01	3.11235657e-01	3.16314950e-01	5.07929255e-01	2.54817339e-01	2.53111916e-01	8.52711425e-04	-2.53964627e-03	3.13775303e-03	5.75174693e-17	3.13775303e-03	-3.13775303e-03
373             	6.29449280e-01	3.12171702e-01	3.17277577e-01	5.10587534e-01	2.56147399e-01	2.54440134e-01	8.53632482e-04	-2.55293767e-03	3.14724640e-03	5.75157043e-17	3.14724640e-03	-3.14724640e-03
374             	6.31348962e-01	3.13108198e-01	3.18240764e-01	5.13256566e-01	2.57482832e-01	2.55773734e-01	8.54549371e-04	-2.56628283e-03	3.15674481e-03	5.75139510e-17	3.15674481e-03	-3.15674481e-03
375             	6.33249919e-01	3.14045280e-01	3.19204639e-01	5.15935962e-01	2.58823443e-01	2.57112519e-01	8.55462080e-04	-2.57967981e-03	3.16624959e-03	5.75122117e-17	3.16624959e-03	-3.16624959e-03
376             	6.35150267e-01	3.14982008e-01	3.20168258e-01	5.18625001e-01	2.60168871e-01	2.58456130e-01	8.56370718e-04	-2.59312501e-03	3.17575133e-03	5.75104892e-17	3.17575133e-03	-3.17575133e-03
377             	6.37054914e-01	3.15920840e-01	3.21134074e-01	5.21323435e-01	2.61518993e-01	2.59804442e-01	8.57275290e-04	-2.60661717e-03	3.18527457e-03	5.75087786e-17	3.18527457e-03	-3.18527457e-03
378             	6.38961688e-01	3.16860688e-01	3.22101000e-01	5.24031252e-01	2.62873802e-01	2.61157450e-01	8.58175848e-04	-2.62015626e-03	3.19480844e-03	5.75070790e-17	3.19480844e-03	-3.19480844e-03
379             	6.40864006e-01	3.17798262e-01	3.23065745e-01	5.26748320e-01	2.64233232e-01	2.62515087e-01	8.59072419e-04	-2.63374160e-03	3.20432003e-03	5.75054003e-17	3.20432003e-03	-3.20432003e-03
380             	6.42773441e-01	3.18739351e-01	3.24034090e-01	5.29473929e-01	2.65596930e-01	2.63877000e-01	8.59965090e-04	-2.64736965e-03	3.21386721e-03	5.75037277e-17	3.21386721e-03	-3.21386721e-03
381             	6.44682281e-01	3.19680093e-01	3.25002188e-01	5.32209413e-01	2.66965560e-01	2.65243853e-01	8.60853951e-04	-2.66104706e-03	3.22341140e-03	5.75020696e-17	3.22341140e-03	-3.22341140e-03
382             	6.46589731e-01	3.20620097e-01	3.25969635e-01	5.34953828e-01	2.68338653e-01	2.66615175e-01	8.61738936e-04	-2.67476914e-03	3.23294866e-03	5.75004297e-17	3.23294866e-03	-3.23294866e-03
383             	6.48498110e-01	3.21560524e-01	3.26937586e-01	5.37706171e-01	2.69715706e-01	2.67990465e-01	8.62620298e-04	-2.68853086e-03	3.24249055e-03	5.74987993e-17	3.24249055e-03	-3.24249055e-03
384             	6.50406718e-01	3.22501024e-01	3.27905694e-01	5.40467010e-01	2.71097003e-01	2.69370007e-01	8.63497914e-04	-2.70233505e-03	3.25203359e-03	5.74971844e-17	3.25203359e-03	-3.25203359e-03
385             	6.52316663e-01	3.23442147e-01	3.28874517e-01	5.43236987e-01	2.72482865e-01	2.70754122e-01	8.64371676e-04	-2.71618493e-03	3.26158332e-03	5.74955845e-17	3.26158332e-03	-3.26158332e-03
386             	6.54227834e-01	3.24383841e-01	3.29843994e-01	5.46015308e-01	2.73872896e-01	2.72142412e-01	8.65241683e-04	-2.73007654e-03	3.27113917e-03	5.74939940e-17	3.27113917e-03	-3.27113917e-03
387             	6.56139079e-01	3.25325533e-01	3.30813545e-01	5.48801182e-01	2.75266699e-01	2.73534483e-01	8.66107999e-04	-2.74400591e-03	3.28069539e-03	5.74924195e-17	3.28069539e-03	-3.28069539e-03
388             	6.58050256e-01	3.26267157e-01	3.31783099e-01	5.51594201e-01	2.76664071e-01	2.74930130e-01	8.66970666e-04	-2.75797100e-03	3.29025128e-03	5.74908560e-17	3.29025128e-03	-3.29025128e-03
389             	6.59961881e-01	3.27208968e-01	3.32752913e-01	5.54394491e-01	2.78065075e-01	2.76329416e-01	8.67829501e-04	-2.77197246e-03	3.29980941e-03	5.74893061e-17	3.29980941e-03	-3.29980941e-03
390             	6.61873613e-01	3.28150793e-01	3.33722820e-01	5.57202700e-01	2.79470035e-01	2.77732665e-01	8.68684727e-04	-2.78601350e-03	3.30936806e-03	5.74877649e-17	3.30936806e-03	-3.30936806e-03
391             	6.63784944e-01	3.29092377e-01	3.34692566e-01	5.60018875e-01	2.80878974e-01	2.79139901e-01	8.69536367e-04	-2.80009438e-03	3.31892472e-03	5.74862344e-17	3.31892472e-03	-3.31892472e-03
392             	6.65695882e-01	3.30033728e-01	3.35662154e-01	5.62842651e-01	2.82291710e-01	2.80550941e-01	8.70384358e-04	-2.81421326e-03	3.32847941e-03	5.74847153e-17	3.32847941e-03	-3.32847941e-03
393             	6.67606629e-01	3.30974948e-01	3.36631681e-01	5.65673339e-01	2.83707898e-01	2.81965441e-01	8.71228632e-04	-2.82836669e-03	3.33803314e-03	5.74832095e-17	3.33803314e-03	-3.33803314e-03
394             	6.69517655e-01	3.31916274e-01	3.37601380e-01	5.68510585e-01	2.85127362e-01	2.83383223e-01	8.72069373e-04	-2.84255293e-03	3.34758827e-03	5.74817120e-17	3.34758827e-03	-3.34758827e-03
395             	6.71428218e-01	3.32857337e-01	3.38570881e-01	5.71354323e-01	2.86550068e-01	2.84804255e-01	8.72906455e-04	-2.85677162e-03	3.35714109e-03	5.74802246e-17	3.35714109e-03	-3.35714109e-03
396             	6.73336847e-01	3.33797401e-01	3.39539446e-01	5.74204556e-01	2.87976018e-01	2.86228538e-01	8.73739912e-04	-2.87102278e-03	3.36668423e-03	5.74787478e-17	3.36668423e-03	-3.36668423e-03
397             	6.75244128e-01	3.34736759e-01	3.40507368e-01	5.77060889e-01	2.89405014e-01	2.87655875e-01	8.74569806e-04	-2.88530445e-03	3.37622064e-03	5.74772808e-17	3.37622064e-03	-3.37622064e-03
398             	6.77150621e-01	3.35675696e-01	3.41474925e-01	5.79922883e-01	2.90836837e-01	2.89086045e-01	8.75395987e-04	-2.89961441e-03	3.38575311e-03	5.74758255e-17	3.38575311e-03	-3.38575311e-03
399             	6.79056986e-01	3.36614544e-01	3.42442443e-01	5.82789908e-01	2.92271173e-01	2.90518736e-01	8.76218610e-04	-2.91394954e-03	3.39528493e-03	5.74743777e-17	3.39528493e-03	-3.39528493e-03
400             	6.80962142e-01	3.37552761e-01	3.43409381e-01	5.85662038e-01	2.93708057e-01	2.91953982e-01	8.77037599e-04	-2.92831019e-03	3.40481071e-03	5.74729426e-17	3.40481071e-03	-3.40481071e-03
401             	6.82865213e-01	3.38489907e-01	3.44375306e-01	5.88539821e-01	2.95147763e-01	2.93392058e-01	8.77852949e-04	-2.94269911e-03	3.41432607e-03	5.74715226e-17	3.41432607e-03	-3.41432607e-03
402             	6.84766356e-01	3.39426063e-01	3.45340293e-01	5.91423044e-01	2.96590187e-01	2.94832858e-01	8.78664615e-04	-2.95711522e-03	3.42383178e-03	5.74701130e-17	3.42383178e-03	-3.42383178e-03
403             	6.86665308e-01	3.40361101e-01	3.46304207e-01	5.94310670e-01	2.98034808e-01	2.96275862e-01	8.79472729e-04	-2.97155335e-03	3.43332654e-03	5.74687156e-17	3.43332654e-03	-3.43332654e-03
404             	6.88562884e-01	3.41295432e-01	3.47267451e-01	5.97201907e-01	2.99481230e-01	2.97720676e-01	8.80277154e-04	-2.98600953e-03	3.44281442e-03	5.74673350e-17	3.44281442e-03	-3.44281442e-03
405             	6.90459217e-01	3.42229121e-01	3.48230097e-01	6.00097577e-01	3.00929866e-01	2.99167710e-01	8.81078010e-04	-3.00048788e-03	3.45229609e-03	5.74659686e-17	3.45229609e-03	-3.45229609e-03
406             	6.92353249e-01	3.43161633e-01	3.49191616e-01	6.02998380e-01	3.02381065e-01	3.00617315e-01	8.81875235e-04	-3.01499190e-03	3.46176625e-03	5.74646182e-17	3.46176625e-03	-3.46176625e-03
407             	6.94243792e-01	3.44092377e-01	3.50151415e-01	6.05903783e-01	3.03834560e-01	3.02069223e-01	8.82668780e-04	-3.02951892e-03	3.47121896e-03	5.74632848e-17	3.47121896e-03	-3.47121896e-03
408             	6.96130824e-01	3.45021351e-01	3.51109473e-01	6.08812232e-01	3.05289575e-01	3.03522657e-01	8.83458673e-04	-3.04406116e-03	3.48065412e-03	5.74619696e-17	3.48065412e-03	-3.48065412e-03
409             	6.98014340e-01	3.45948549e-01	3.52065791e-01	6.11724124e-01	3.06746307e-01	3.04977817e-01	8.84244908e-04	-3.05862062e-03	3.49007170e-03	5.74606749e-17	3.49007170e-03	-3.49007170e-03
410             	6.99895636e-01	3.46874625e-01	3.53021011e-01	6.14638567e-01	3.08204311e-01	3.06434256e-01	8.85027431e-04	-3.07319283e-03	3.49947818e-03	5.74593995e-17	3.49947818e-03	-3.49947818e-03
411             	7.01775284e-01	3.47799864e-01	3.53975420e-01	6.17555622e-01	3.09663617e-01	3.07892005e-01	8.85806234e-04	-3.08777811e-03	3.50887642e-03	5.74581404e-17	3.50887642e-03	-3.50887642e-03
412             	7.03651880e-01	3.48723557e-01	3.54928323e-01	6.20476658e-01	3.11124910e-01	3.09351748e-01	8.86581269e-04	-3.10238329e-03	3.51825940e-03	5.74568974e-17	3.51825940e-03	-3.51825940e-03
413             	7.05524100e-01	3.49645042e-01	3.55879058e-01	6.23401623e-01	3.12588164e-01	3.10813459e-01	8.87352556e-04	-3.11700812e-03	3.52762050e-03	5.74556718e-17	3.52762050e-03	-3.52762050e-03
414             	7.07391792e-01	3.50564249e-01	3.56827543e-01	6.26329402e-01	3.14052821e-01	3.12276581e-01	8.88120087e-04	-3.13164701e-03	3.53695896e-03	5.74544637e-17	3.53695896e-03	-3.53695896e-03
415             	7.09255619e-01	3.51481513e-01	3.57774105e-01	6.29259239e-01	3.15518503e-01	3.13740736e-01	8.88883821e-04	-3.14629619e-03	3.54627809e-03	5.74532723e-17	3.54627809e-03	-3.54627809e-03
416             	7.11115409e-01	3.52396751e-01	3.58718659e-01	6.32190808e-01	3.16985048e-01	3.15205760e-01	8.89643736e-04	-3.16095404e-03	3.55557705e-03	5.74520972e-17	3.55557705e-03	-3.55557705e-03
417             	7.12972952e-01	3.53310858e-01	3.59662094e-01	6.35123576e-01	3.18452188e-01	3.16671388e-01	8.90399811e-04	-3.17561788e-03	3.56486476e-03	5.74509344e-17	3.56486476e-03	-3.56486476e-03
418             	7.14826987e-01	3.54223200e-01	3.60603788e-01	6.38058789e-01	3.19920547e-01	3.18138243e-01	8.91152039e-04	-3.19029395e-03	3.57413494e-03	5.74497838e-17	3.57413494e-03	-3.57413494e-03
419             	7.16675767e-01	3.55132898e-01	3.61542868e-01	6.40996991e-01	3.21390396e-01	3.19606595e-01	8.91900352e-04	-3.20498496e-03	3.58337883e-03	5.74486443e-17	3.58337883e-03	-3.58337883e-03
420             	7.18518465e-01	3.56039546e-01	3.62478919e-01	6.43937318e-01	3.22861304e-01	3.21076014e-01	8.92644801e-04	-3.21968659e-03	3.59259232e-03	5.74475163e-17	3.59259232e-03	-3.59259232e-03
421             	7.20356810e-01	3.56944011e-01	3.63412799e-01	6.46878798e-01	3.24332784e-01	3.22546014e-01	8.93385305e-04	-3.23439399e-03	3.60178405e-03	5.74463979e-17	3.60178405e-03	-3.60178405e-03
422             	7.22192335e-01	3.57847062e-01	3.64345273e-01	6.49821112e-01	3.25804678e-01	3.24016434e-01	8.94121871e-04	-3.24910556e-03	3.61096168e-03	5.74452825e-17	3.61096168e-03	-3.61096168e-03
423             	7.24024120e-01	3.58748236e-01	3.65275884e-01	6.52764758e-01	3.27277233e-01	3.25487524e-01	8.94854483e-04	-3.26382379e-03	3.62012060e-03	5.74441715e-17	3.62012060e-03	-3.62012060e-03
