# Force and moment coefficients
# dragDir       : (1.00000000e+00 0.00000000e+00 0.00000000e+00)
# sideDir       : (0.00000000e+00 0.00000000e+00 -1.00000000e+00)
# liftDir       : (0.00000000e+00 1.00000000e+00 0.00000000e+00)
# rollAxis      : (1.00000000e+00 0.00000000e+00 0.00000000e+00)
# pitchAxis     : (0.00000000e+00 0.00000000e+00 -1.00000000e+00)
# yawAxis       : (0.00000000e+00 1.00000000e+00 0.00000000e+00)
# magUInf       : 1.50000000e-01
# lRef          : 1.00000000e+00
# Aref          : 1.00000000e+00
# CofR          : (0.00000000e+00 0.00000000e+00 0.00000000e+00)
#
# Time          	Cd              	Cd(f)           	Cd(r)           	Cl              	Cl(f)           	Cl(r)           	CmPitch         	CmRoll          	CmYaw           	Cs              	Cs(f)           	Cs(r)           
5.001           	3.36597524e+00	1.59992263e+00	1.76605262e+00	1.66129990e-01	8.39328128e-02	8.21971768e-02	8.67817993e-04	-8.30649948e-02	1.68298762e+00	8.02935899e-19	1.68298762e+00	-1.68298762e+00
5.002           	3.36677456e+00	1.59405420e+00	1.77272036e+00	1.78666164e-01	9.02008879e-02	8.84652758e-02	8.67806075e-04	-8.93330818e-02	1.68338728e+00	8.03507360e-19	1.68338728e+00	-1.68338728e+00
5.003           	3.36697759e+00	1.58773151e+00	1.77924608e+00	1.91514570e-01	9.66250834e-02	9.48894862e-02	8.67798601e-04	-9.57572848e-02	1.68348879e+00	8.04112327e-19	1.68348879e+00	-1.68348879e+00
5.004           	3.36656538e+00	1.58105668e+00	1.78550869e+00	2.04452007e-01	1.03093802e-01	1.01358205e-01	8.67798705e-04	-1.02226003e-01	1.68328269e+00	8.04688133e-19	1.68328269e+00	-1.68328269e+00
5.005           	3.36560084e+00	1.57411590e+00	1.79148494e+00	2.17369037e-01	1.09552315e-01	1.07816722e-01	8.67796499e-04	-1.08684519e-01	1.68280042e+00	8.05174817e-19	1.68280042e+00	-1.68280042e+00
5.006           	3.36420124e+00	1.56700358e+00	1.79719766e+00	2.30194085e-01	1.15964801e-01	1.14229284e-01	8.67758807e-04	-1.15097043e-01	1.68210062e+00	8.05526788e-19	1.68210062e+00	-1.68210062e+00
5.007           	3.36253551e+00	1.55983167e+00	1.80270384e+00	2.42872172e-01	1.22303812e-01	1.20568360e-01	8.67726166e-04	-1.21436086e-01	1.68126775e+00	8.05725298e-19	1.68126775e+00	-1.68126775e+00
5.008           	3.36079071e+00	1.55270950e+00	1.80808121e+00	2.55371705e-01	1.28553547e-01	1.26818159e-01	8.67693996e-04	-1.27685853e-01	1.68039536e+00	8.05774714e-19	1.68039536e+00	-1.68039536e+00
5.009           	3.35914372e+00	1.54571927e+00	1.81342445e+00	2.67705181e-01	1.34720247e-01	1.32984933e-01	8.67656946e-04	-1.33852590e-01	1.67957186e+00	8.05696554e-19	1.67957186e+00	-1.67957186e+00
5.01            	3.35776844e+00	1.53893459e+00	1.81883385e+00	2.79899263e-01	1.40817243e-01	1.39082020e-01	8.67611445e-04	-1.39949632e-01	1.67888422e+00	8.05527662e-19	1.67888422e+00	-1.67888422e+00
5.011           	3.35679095e+00	1.53239291e+00	1.82439804e+00	2.92005138e-01	1.46870125e-01	1.45135014e-01	8.67555420e-04	-1.46002569e-01	1.67839547e+00	8.05315365e-19	1.67839547e+00	-1.67839547e+00
5.012           	3.35625979e+00	1.52608235e+00	1.83017744e+00	3.04095090e-01	1.52915031e-01	1.51180060e-01	8.67485491e-04	-1.52047545e-01	1.67812989e+00	8.05123267e-19	1.67812989e+00	-1.67812989e+00
5.013           	3.35620926e+00	1.51997554e+00	1.83623372e+00	3.16258181e-01	1.58996489e-01	1.57261692e-01	8.67398661e-04	-1.58129091e-01	1.67810463e+00	8.05022426e-19	1.67810463e+00	-1.67810463e+00
5.014           	3.35671300e+00	1.51405576e+00	1.84265724e+00	3.28601475e-01	1.65168032e-01	1.63433443e-01	8.67294588e-04	-1.64300738e-01	1.67835650e+00	8.05073158e-19	1.67835650e+00	-1.67835650e+00
5.015           	3.35781639e+00	1.50829544e+00	1.84952095e+00	3.41225505e-01	1.71479926e-01	1.69745579e-01	8.67173161e-04	-1.70612753e-01	1.67890819e+00	8.05311212e-19	1.67890819e+00	-1.67890819e+00
5.016           	3.35944004e+00	1.50262317e+00	1.85681687e+00	3.54193706e-01	1.77963887e-01	1.76229819e-01	8.67033923e-04	-1.77096853e-01	1.67972002e+00	8.05739976e-19	1.67972002e+00	-1.67972002e+00
5.017           	3.36142346e+00	1.49694213e+00	1.86448133e+00	3.67539208e-01	1.84636483e-01	1.82902725e-01	8.66879252e-04	-1.83769604e-01	1.68071173e+00	8.06332719e-19	1.68071173e+00	-1.68071173e+00
5.018           	3.36360321e+00	1.49117274e+00	1.87243046e+00	3.81257722e-01	1.91495573e-01	1.89762148e-01	8.66712472e-04	-1.90628861e-01	1.68180160e+00	8.07041226e-19	1.68180160e+00	-1.68180160e+00
5.019           	3.36584967e+00	1.48526951e+00	1.88058016e+00	3.95310658e-01	1.98521865e-01	1.96788793e-01	8.66536473e-04	-1.97655329e-01	1.68292484e+00	8.07811212e-19	1.68292484e+00	-1.68292484e+00
5.02            	3.36809293e+00	1.47922585e+00	1.88886708e+00	4.09641236e-01	2.05686972e-01	2.03954264e-01	8.66353742e-04	-2.04820618e-01	1.68404647e+00	8.08588949e-19	1.68404647e+00	-1.68404647e+00
5.021           	3.37031560e+00	1.47307070e+00	1.89724490e+00	4.24174206e-01	2.12953270e-01	2.11220936e-01	8.66166833e-04	-2.12087103e-01	1.68515780e+00	8.09317021e-19	1.68515780e+00	-1.68515780e+00
5.022           	3.37239078e+00	1.46679904e+00	1.90559174e+00	4.38792702e-01	2.20262329e-01	2.18530373e-01	8.65977781e-04	-2.19396351e-01	1.68619539e+00	8.09951825e-19	1.68619539e+00	-1.68619539e+00
5.023           	3.37413848e+00	1.46038380e+00	1.91375467e+00	4.53370869e-01	2.27551224e-01	2.25819646e-01	8.65788984e-04	-2.26685435e-01	1.68706924e+00	8.10462421e-19	1.68706924e+00	-1.68706924e+00
5.024           	3.37541091e+00	1.45380292e+00	1.92160799e+00	4.67805073e-01	2.34768142e-01	2.33036931e-01	8.65605218e-04	-2.33902536e-01	1.68770545e+00	8.10837119e-19	1.68770545e+00	-1.68770545e+00
5.025           	3.37616602e+00	1.44707320e+00	1.92909281e+00	4.82019611e-01	2.41875232e-01	2.40144379e-01	8.65426717e-04	-2.41009806e-01	1.68808301e+00	8.11089110e-19	1.68808301e+00	-1.68808301e+00
5.026           	3.37646778e+00	1.44026863e+00	1.93619915e+00	4.95930520e-01	2.48830514e-01	2.47100006e-01	8.65253855e-04	-2.47965260e-01	1.68823389e+00	8.11247742e-19	1.68823389e+00	-1.68823389e+00
5.027           	3.37637879e+00	1.43344246e+00	1.94293633e+00	5.09493873e-01	2.55611928e-01	2.53881945e-01	8.64991280e-04	-2.54746937e-01	1.68818940e+00	8.11353964e-19	1.68818940e+00	-1.68818940e+00
5.028           	3.37593350e+00	1.42661358e+00	1.94931992e+00	5.22706347e-01	2.62217851e-01	2.60488496e-01	8.64677338e-04	-2.61353174e-01	1.68796675e+00	8.11456619e-19	1.68796675e+00	-1.68796675e+00
5.029           	3.37509784e+00	1.41974766e+00	1.95535018e+00	5.35602524e-01	2.68665632e-01	2.66936892e-01	8.64370378e-04	-2.67801262e-01	1.68754892e+00	8.11607650e-19	1.68754892e+00	-1.68754892e+00
5.03            	3.37385808e+00	1.41282682e+00	1.96103126e+00	5.48204436e-01	2.74966288e-01	2.73238148e-01	8.64070125e-04	-2.74102218e-01	1.68692904e+00	8.11854060e-19	1.68692904e+00	-1.68692904e+00
5.031           	3.37235437e+00	1.40590162e+00	1.96645275e+00	5.60551137e-01	2.81139346e-01	2.79411791e-01	8.63777415e-04	-2.80275568e-01	1.68617718e+00	8.12227325e-19	1.68617718e+00	-1.68617718e+00
5.032           	3.37081667e+00	1.39904828e+00	1.97176839e+00	5.72720100e-01	2.87223542e-01	2.85496559e-01	8.63491435e-04	-2.86360050e-01	1.68540833e+00	8.12731800e-19	1.68540833e+00	-1.68540833e+00
5.033           	3.36934894e+00	1.39228594e+00	1.97706300e+00	5.84777063e-01	2.93251741e-01	2.91525322e-01	8.63209197e-04	-2.92388531e-01	1.68467447e+00	8.13342609e-19	1.68467447e+00	-1.68467447e+00
5.034           	3.36795913e+00	1.38558999e+00	1.98236914e+00	5.96779149e-01	2.99252502e-01	2.97526647e-01	8.62927764e-04	-2.98389575e-01	1.68397957e+00	8.14014598e-19	1.68397957e+00	-1.68397957e+00
5.035           	3.36671892e+00	1.37896238e+00	1.98775654e+00	6.08794153e-01	3.05259719e-01	3.03534434e-01	8.62642658e-04	-3.04397077e-01	1.68335946e+00	8.14690836e-19	1.68335946e+00	-1.68335946e+00
5.036           	3.36581222e+00	1.37246200e+00	1.99335022e+00	6.20888216e-01	3.11306455e-01	3.09581761e-01	8.62347347e-04	-3.10444108e-01	1.68290611e+00	8.15315989e-19	1.68290611e+00	-1.68290611e+00
5.037           	3.36547014e+00	1.36618051e+00	1.99928964e+00	6.33109127e-01	3.17416597e-01	3.15692530e-01	8.62033311e-04	-3.16554564e-01	1.68273507e+00	8.15844444e-19	1.68273507e+00	-1.68273507e+00
5.038           	3.36589193e+00	1.36020113e+00	2.00569080e+00	6.45489672e-01	3.23606532e-01	3.21883140e-01	8.61695996e-04	-3.22744836e-01	1.68294596e+00	8.16239491e-19	1.68294596e+00	-1.68294596e+00
5.039           	3.36718281e+00	1.35456461e+00	2.01261821e+00	6.58053603e-01	3.29888130e-01	3.28165473e-01	8.61328910e-04	-3.29026801e-01	1.68359141e+00	8.16480742e-19	1.68359141e+00	-1.68359141e+00
5.04            	3.36934343e+00	1.34926180e+00	2.02008163e+00	6.70819836e-01	3.36270846e-01	3.34548990e-01	8.60927891e-04	-3.35409918e-01	1.68467171e+00	8.16571450e-19	1.68467171e+00	-1.68467171e+00
5.041           	3.37233429e+00	1.34425627e+00	2.02807802e+00	6.83821756e-01	3.42771369e-01	3.41050388e-01	8.60490361e-04	-3.41910878e-01	1.68616715e+00	8.16539715e-19	1.68616715e+00	-1.68616715e+00
5.042           	3.37612800e+00	1.33951493e+00	2.03661306e+00	6.97098129e-01	3.49409079e-01	3.47689050e-01	8.60014548e-04	-3.48549065e-01	1.68806400e+00	8.16435583e-19	1.68806400e+00	-1.68806400e+00
5.043           	3.38066258e+00	1.33498690e+00	2.04567568e+00	7.10688779e-01	3.56203889e-01	3.54484891e-01	8.59498984e-04	-3.55344390e-01	1.69033129e+00	8.16323090e-19	1.69033129e+00	-1.69033129e+00
5.044           	3.38582397e+00	1.33061066e+00	2.05521330e+00	7.24602639e-01	3.63160268e-01	3.61442371e-01	8.58948791e-04	-3.62301320e-01	1.69291198e+00	8.16263383e-19	1.69291198e+00	-1.69291198e+00
5.045           	3.39144527e+00	1.32630925e+00	2.06513602e+00	7.38826773e-01	3.70271757e-01	3.68555016e-01	8.58370334e-04	-3.69413386e-01	1.69572264e+00	8.16307826e-19	1.69572264e+00	-1.69572264e+00
5.046           	3.39724406e+00	1.32196921e+00	2.07527485e+00	7.53305640e-01	3.77510593e-01	3.75795048e-01	8.57772260e-04	-3.76652820e-01	1.69862203e+00	8.16503305e-19	1.69862203e+00	-1.69862203e+00
5.047           	3.40285287e+00	1.31744308e+00	2.08540979e+00	7.67966710e-01	3.84840519e-01	3.83126191e-01	8.57163710e-04	-3.83983355e-01	1.70142643e+00	8.16881142e-19	1.70142643e+00	-1.70142643e+00
5.048           	3.40794567e+00	1.31261576e+00	2.09532991e+00	7.82714145e-01	3.92213627e-01	3.90500518e-01	8.56554794e-04	-3.91357073e-01	1.70397283e+00	8.17442444e-19	1.70397283e+00	-1.70397283e+00
5.049           	3.41232003e+00	1.30745480e+00	2.10486523e+00	7.97410435e-01	3.99561173e-01	3.97849262e-01	8.55955087e-04	-3.98705218e-01	1.70616002e+00	8.18152434e-19	1.70616002e+00	-1.70616002e+00
5.05            	3.41577117e+00	1.30192764e+00	2.11384353e+00	8.11915887e-01	4.06813317e-01	4.05102570e-01	8.55373498e-04	-4.05957943e-01	1.70788559e+00	8.18951186e-19	1.70788559e+00	-1.70788559e+00
5.051           	3.41811741e+00	1.29600840e+00	2.12210901e+00	8.26100611e-01	4.13905083e-01	4.12195528e-01	8.54777937e-04	-4.13050305e-01	1.70905870e+00	8.19765425e-19	1.70905870e+00	-1.70905870e+00
5.052           	3.41927557e+00	1.28972863e+00	2.12954694e+00	8.39818315e-01	4.20763347e-01	4.19054968e-01	8.54189736e-04	-4.19909157e-01	1.70963778e+00	8.20518036e-19	1.70963778e+00	-1.70963778e+00
5.053           	3.41927258e+00	1.28317350e+00	2.13609908e+00	8.52925577e-01	4.27316420e-01	4.25609157e-01	8.53631049e-04	-4.26462789e-01	1.70963629e+00	8.21140760e-19	1.70963629e+00	-1.70963629e+00
5.054           	3.41830546e+00	1.27649172e+00	2.14181374e+00	8.65322022e-01	4.33514116e-01	4.31807906e-01	8.53104946e-04	-4.32661011e-01	1.70915273e+00	8.21580064e-19	1.70915273e+00	-1.70915273e+00
5.055           	3.41670641e+00	1.26987027e+00	2.14683614e+00	8.76965868e-01	4.39335544e-01	4.37630324e-01	8.52610105e-04	-4.38482934e-01	1.70835321e+00	8.21800108e-19	1.70835321e+00	-1.70835321e+00
5.056           	3.41482151e+00	1.26348797e+00	2.15133355e+00	8.87845583e-01	4.44774933e-01	4.43070649e-01	8.52141842e-04	-4.43922791e-01	1.70741076e+00	8.21787071e-19	1.70741076e+00	-1.70741076e+00
5.057           	3.41295030e+00	1.25748937e+00	2.15546093e+00	8.97971556e-01	4.49837474e-01	4.48134082e-01	8.51695858e-04	-4.48985778e-01	1.70647515e+00	8.21559312e-19	1.70647515e+00	-1.70647515e+00
5.058           	3.41131631e+00	1.25196028e+00	2.15935603e+00	9.07395752e-01	4.54549145e-01	4.52846608e-01	8.51268533e-04	-4.53697876e-01	1.70565815e+00	8.21165514e-19	1.70565815e+00	-1.70565815e+00
5.059           	3.41008512e+00	1.24692923e+00	2.16315589e+00	9.16226658e-01	4.58964185e-01	4.57262474e-01	8.50855674e-04	-4.58113329e-01	1.70504256e+00	8.20673972e-19	1.70504256e+00	-1.70504256e+00
5.06            	3.40942186e+00	1.24239541e+00	2.16702645e+00	9.24631035e-01	4.63165971e-01	4.61465064e-01	8.50453177e-04	-4.62315517e-01	1.70471093e+00	8.20161609e-19	1.70471093e+00	-1.70471093e+00
5.061           	3.40951762e+00	1.23836807e+00	2.17114955e+00	9.32781474e-01	4.67240794e-01	4.65540680e-01	8.50056981e-04	-4.66390737e-01	1.70475881e+00	8.19702253e-19	1.70475881e+00	-1.70475881e+00
5.062           	3.41045800e+00	1.23479694e+00	2.17566106e+00	9.40864114e-01	4.71281720e-01	4.69582394e-01	8.49662772e-04	-4.70432057e-01	1.70522900e+00	8.19352277e-19	1.70522900e+00	-1.70522900e+00
5.063           	3.41217081e+00	1.23156298e+00	2.18060782e+00	9.49044839e-01	4.75371689e-01	4.73673151e-01	8.49268921e-04	-4.74522420e-01	1.70608540e+00	8.19151631e-19	1.70608540e+00	-1.70608540e+00
5.064           	3.41445253e+00	1.22851134e+00	2.18594120e+00	9.57429860e-01	4.79563806e-01	4.77866054e-01	8.48875709e-04	-4.78714930e-01	1.70722627e+00	8.19125730e-19	1.70722627e+00	-1.70722627e+00
5.065           	3.41699497e+00	1.22545141e+00	2.19154356e+00	9.66092145e-01	4.83894556e-01	4.82197589e-01	8.48483156e-04	-4.83046073e-01	1.70849748e+00	8.19278966e-19	1.70849748e+00	-1.70849748e+00
5.066           	3.41950577e+00	1.22222309e+00	2.19728268e+00	9.75059597e-01	4.88377889e-01	4.86681708e-01	8.48090578e-04	-4.87529799e-01	1.70975289e+00	8.19589986e-19	1.70975289e+00	-1.70975289e+00
5.067           	3.42175908e+00	1.21872983e+00	2.20302925e+00	9.84299423e-01	4.92997410e-01	4.91302013e-01	8.47698527e-04	-4.92149712e-01	1.71087954e+00	8.20010231e-19	1.71087954e+00	-1.71087954e+00
5.068           	3.42358189e+00	1.21492865e+00	2.20865324e+00	9.93724593e-01	4.97709604e-01	4.96014989e-01	8.47307784e-04	-4.96862296e-01	1.71179095e+00	8.20475684e-19	1.71179095e+00	-1.71179095e+00
5.069           	3.42481201e+00	1.21080407e+00	2.21400793e+00	1.00320386e+00	5.02448848e-01	5.00755011e-01	8.46918455e-04	-5.01601929e-01	1.71240600e+00	8.20920343e-19	1.71240600e+00	-1.71240600e+00
5.07            	3.42530694e+00	1.20636641e+00	2.21894053e+00	1.01257412e+00	5.07133590e-01	5.05440528e-01	8.46530996e-04	-5.06287059e-01	1.71265347e+00	8.21280314e-19	1.71265347e+00	-1.71265347e+00
5.071           	3.42502624e+00	1.20168642e+00	2.22333982e+00	1.02165341e+00	5.11672850e-01	5.09980555e-01	8.46147732e-04	-5.10826703e-01	1.71251312e+00	8.21500594e-19	1.71251312e+00	-1.71251312e+00
5.072           	3.42404907e+00	1.19688526e+00	2.22716380e+00	1.03027854e+00	5.15985042e-01	5.14293497e-01	8.45772706e-04	-5.15139269e-01	1.71202453e+00	8.21541507e-19	1.71202453e+00	-1.71202453e+00
5.073           	3.42253652e+00	1.19210497e+00	2.23043155e+00	1.03832658e+00	5.20008699e-01	5.18317879e-01	8.45410033e-04	-5.19163289e-01	1.71126826e+00	8.21384607e-19	1.71126826e+00	-1.71126826e+00
5.074           	3.42071093e+00	1.18749409e+00	2.23321684e+00	1.04572275e+00	5.23706441e-01	5.22016312e-01	8.45064591e-04	-5.22861376e-01	1.71035547e+00	8.21039750e-19	1.71035547e+00	-1.71035547e+00
5.075           	3.41875865e+00	1.18316470e+00	2.23559395e+00	1.05242925e+00	5.27059335e-01	5.25369919e-01	8.44707894e-04	-5.26214627e-01	1.70937933e+00	8.20539735e-19	1.70937933e+00	-1.70937933e+00
5.076           	3.41681080e+00	1.17918872e+00	2.23762208e+00	1.05843336e+00	5.30061050e-01	5.28372315e-01	8.44367547e-04	-5.29216682e-01	1.70840540e+00	8.19934338e-19	1.70840540e+00	-1.70840540e+00
5.077           	3.41493671e+00	1.17556816e+00	2.23936855e+00	1.06380039e+00	5.32744252e-01	5.31056135e-01	8.44058609e-04	-5.31900193e-01	1.70746836e+00	8.19288990e-19	1.70746836e+00	-1.70746836e+00
5.078           	3.41320632e+00	1.17227919e+00	2.24092712e+00	1.06864793e+00	5.35167747e-01	5.33480179e-01	8.43784126e-04	-5.34323963e-01	1.70660316e+00	8.18673750e-19	1.70660316e+00	-1.70660316e+00
5.079           	3.41174932e+00	1.16932239e+00	2.24242693e+00	1.07310453e+00	5.37395814e-01	5.35708720e-01	8.43546838e-04	-5.36552267e-01	1.70587466e+00	8.18146614e-19	1.70587466e+00	-1.70587466e+00
5.08            	3.41059982e+00	1.16664092e+00	2.24395889e+00	1.07731797e+00	5.39502335e-01	5.37815636e-01	8.43349531e-04	-5.38658985e-01	1.70529991e+00	8.17751484e-19	1.70529991e+00	-1.70529991e+00
5.081           	3.40963009e+00	1.16410219e+00	2.24552790e+00	1.08142572e+00	5.41556053e-01	5.39869664e-01	8.43194623e-04	-5.40712859e-01	1.70481504e+00	8.17521070e-19	1.70481504e+00	-1.70481504e+00
5.082           	3.40864714e+00	1.16155695e+00	2.24709019e+00	1.08553324e+00	5.43609705e-01	5.41923538e-01	8.43083720e-04	-5.42766622e-01	1.70432357e+00	8.17473672e-19	1.70432357e+00	-1.70432357e+00
5.083           	3.40744812e+00	1.15887729e+00	2.24857082e+00	1.08969353e+00	5.45689782e-01	5.44003748e-01	8.43017043e-04	-5.44846765e-01	1.70372406e+00	8.17602249e-19	1.70372406e+00	-1.70372406e+00
5.084           	3.40586182e+00	1.15597430e+00	2.24988752e+00	1.09391321e+00	5.47799601e-01	5.46113613e-01	8.42994052e-04	-5.46956607e-01	1.70293091e+00	8.17870742e-19	1.70293091e+00	-1.70293091e+00
5.085           	3.40378359e+00	1.15281896e+00	2.25096463e+00	1.09814567e+00	5.49915849e-01	5.48229826e-01	8.43011410e-04	-5.49072837e-01	1.70189180e+00	8.18224308e-19	1.70189180e+00	-1.70189180e+00
5.086           	3.40111097e+00	1.14941952e+00	2.25169145e+00	1.10227193e+00	5.51979032e-01	5.50292903e-01	8.43064576e-04	-5.51135967e-01	1.70055548e+00	8.18605105e-19	1.70055548e+00	-1.70055548e+00
5.087           	3.39771905e+00	1.14579026e+00	2.25192879e+00	1.10613853e+00	5.53912417e-01	5.52226114e-01	8.43151293e-04	-5.53069266e-01	1.69885952e+00	8.18958787e-19	1.69885952e+00	-1.69885952e+00
5.088           	3.39355874e+00	1.14195192e+00	2.25160682e+00	1.10965491e+00	5.55670723e-01	5.53984184e-01	8.43269656e-04	-5.54827454e-01	1.69677937e+00	8.19238224e-19	1.69677937e+00	-1.69677937e+00
5.089           	3.38867334e+00	1.13795063e+00	2.25072271e+00	1.11277208e+00	5.57229450e-01	5.55542627e-01	8.43411466e-04	-5.56386039e-01	1.69433667e+00	8.19402968e-19	1.69433667e+00	-1.69433667e+00
5.09            	3.38321116e+00	1.13388608e+00	2.24932507e+00	1.11543899e+00	5.58563037e-01	5.56875955e-01	8.43541095e-04	-5.57719496e-01	1.69160558e+00	8.19426321e-19	1.69160558e+00	-1.69160558e+00
5.091           	3.37738867e+00	1.12988555e+00	2.24750312e+00	1.11761757e+00	5.59652411e-01	5.57965162e-01	8.43624809e-04	-5.58808786e-01	1.68869434e+00	8.19295765e-19	1.68869434e+00	-1.68869434e+00
5.092           	3.37141453e+00	1.12603294e+00	2.24538159e+00	1.11934865e+00	5.60518055e-01	5.58830596e-01	8.43729667e-04	-5.59674326e-01	1.68570726e+00	8.19019837e-19	1.68570726e+00	-1.68570726e+00
5.093           	3.36543189e+00	1.12234816e+00	2.24308374e+00	1.12073558e+00	5.61211644e-01	5.59523937e-01	8.43853835e-04	-5.60367790e-01	1.68271595e+00	8.18633554e-19	1.68271595e+00	-1.68271595e+00
5.094           	3.35960631e+00	1.11884062e+00	2.24076569e+00	1.12192506e+00	5.61806525e-01	5.60118537e-01	8.43994069e-04	-5.60962531e-01	1.67980315e+00	8.18187519e-19	1.67980315e+00	-1.67980315e+00
5.095           	3.35409832e+00	1.11551481e+00	2.23858351e+00	1.12306871e+00	5.62378500e-01	5.60690207e-01	8.44146647e-04	-5.61534353e-01	1.67704916e+00	8.17738943e-19	1.67704916e+00	-1.67704916e+00
5.096           	3.34907095e+00	1.11237900e+00	2.23669196e+00	1.12431296e+00	5.63000790e-01	5.61312170e-01	8.44310183e-04	-5.62156480e-01	1.67453548e+00	8.17347384e-19	1.67453548e+00	-1.67453548e+00
5.097           	3.34467550e+00	1.10942975e+00	2.23524575e+00	1.12581599e+00	5.63752479e-01	5.62063514e-01	8.44482826e-04	-5.62907997e-01	1.67233775e+00	8.17066428e-19	1.67233775e+00	-1.67233775e+00
5.098           	3.34098895e+00	1.10663609e+00	2.23435286e+00	1.12771677e+00	5.64703049e-01	5.63013724e-01	8.44662842e-04	-5.63858387e-01	1.67049448e+00	8.16938531e-19	1.67049448e+00	-1.67049448e+00
5.099           	3.33799383e+00	1.10394837e+00	2.23404546e+00	1.13009710e+00	5.65893397e-01	5.64203699e-01	8.44848972e-04	-5.65048548e-01	1.66899692e+00	8.16992027e-19	1.66899692e+00	-1.66899692e+00
5.1             	3.33558157e+00	1.10131294e+00	2.23426863e+00	1.13295569e+00	5.67322887e-01	5.65632806e-01	8.45040436e-04	-5.66477847e-01	1.66779079e+00	8.17235776e-19	1.66779079e+00	-1.66779079e+00
5.101           	3.33362646e+00	1.09869990e+00	2.23492656e+00	1.13622666e+00	5.68958569e-01	5.67268092e-01	8.45238449e-04	-5.68113330e-01	1.66681323e+00	8.17653156e-19	1.66681323e+00	-1.66681323e+00
5.102           	3.33209420e+00	1.09615853e+00	2.23593567e+00	1.13977714e+00	5.70734016e-01	5.69043129e-01	8.45443343e-04	-5.69888572e-01	1.66604710e+00	8.18208101e-19	1.66604710e+00	-1.66604710e+00
5.103           	3.33096835e+00	1.09378588e+00	2.23718247e+00	1.14339659e+00	5.72543952e-01	5.70852639e-01	8.45656773e-04	-5.71698296e-01	1.66548418e+00	8.18862364e-19	1.66548418e+00	-1.66548418e+00
5.104           	3.33013522e+00	1.09164072e+00	2.23849451e+00	1.14685379e+00	5.74272778e-01	5.72581010e-01	8.45884080e-04	-5.73426894e-01	1.66506761e+00	8.19572902e-19	1.66506761e+00	-1.66506761e+00
5.105           	3.32939317e+00	1.08971328e+00	2.23967989e+00	1.14996660e+00	5.75829432e-01	5.74137173e-01	8.46129176e-04	-5.74983302e-01	1.66469659e+00	8.20293341e-19	1.66469659e+00	-1.66469659e+00
5.106           	3.32854836e+00	1.08796590e+00	2.24058246e+00	1.15261655e+00	5.77154670e-01	5.75461881e-01	8.46394728e-04	-5.76308276e-01	1.66427418e+00	8.20978955e-19	1.66427418e+00	-1.66427418e+00
5.107           	3.32752425e+00	1.08638869e+00	2.24113556e+00	1.15474687e+00	5.78220120e-01	5.76526751e-01	8.46684203e-04	-5.77373435e-01	1.66376213e+00	8.21595732e-19	1.66376213e+00	-1.66376213e+00
5.108           	3.32638948e+00	1.08501749e+00	2.24137199e+00	1.15635450e+00	5.79024247e-01	5.77330252e-01	8.46997420e-04	-5.78177249e-01	1.66319474e+00	8.22123614e-19	1.66319474e+00	-1.66319474e+00
5.109           	3.32525585e+00	1.08388017e+00	2.24137569e+00	1.15749552e+00	5.79595093e-01	5.77900426e-01	8.47333414e-04	-5.78747760e-01	1.66262793e+00	8.22549333e-19	1.66262793e+00	-1.66262793e+00
5.11            	3.32416212e+00	1.08293814e+00	2.24122398e+00	1.15828584e+00	5.79990486e-01	5.78295353e-01	8.47566335e-04	-5.79142919e-01	1.66208106e+00	8.22871231e-19	1.66208106e+00	-1.66208106e+00
5.111           	3.32305184e+00	1.08207045e+00	2.24098140e+00	1.15891095e+00	5.80303199e-01	5.78607750e-01	8.47724216e-04	-5.79455475e-01	1.66152592e+00	8.23104002e-19	1.66152592e+00	-1.66152592e+00
5.112           	3.32189515e+00	1.08114231e+00	2.24075284e+00	1.15961053e+00	5.80653096e-01	5.78957433e-01	8.47831497e-04	-5.79805265e-01	1.66094758e+00	8.23278494e-19	1.66094758e+00	-1.66094758e+00
5.113           	3.32079029e+00	1.08007437e+00	2.24071592e+00	1.16064155e+00	5.81168736e-01	5.79472818e-01	8.47958819e-04	-5.80320777e-01	1.66039515e+00	8.23432919e-19	1.66039515e+00	-1.66039515e+00
5.114           	3.31987424e+00	1.07880324e+00	2.24107099e+00	1.16226775e+00	5.81981975e-01	5.80285772e-01	8.48101581e-04	-5.81133874e-01	1.65993712e+00	8.23609423e-19	1.65993712e+00	-1.65993712e+00
5.115           	3.31920116e+00	1.07725093e+00	2.24195023e+00	1.16469930e+00	5.83197903e-01	5.81501396e-01	8.48253320e-04	-5.82349649e-01	1.65960058e+00	8.23854271e-19	1.65960058e+00	-1.65960058e+00
5.116           	3.31873942e+00	1.07534004e+00	2.24339938e+00	1.16805934e+00	5.84878080e-01	5.83181264e-01	8.48408294e-04	-5.84029672e-01	1.65936971e+00	8.24213872e-19	1.65936971e+00	-1.65936971e+00
5.117           	3.31841085e+00	1.07302068e+00	2.24539017e+00	1.17236949e+00	5.87033309e-01	5.85336183e-01	8.48562967e-04	-5.86184746e-01	1.65920543e+00	8.24724734e-19	1.65920543e+00	-1.65920543e+00
5.118           	3.31814793e+00	1.07028855e+00	2.24785939e+00	1.17757084e+00	5.89634135e-01	5.87936706e-01	8.48714644e-04	-5.88785421e-01	1.65907397e+00	8.25400477e-19	1.65907397e+00	-1.65907397e+00
5.119           	3.31795609e+00	1.06720391e+00	2.25075217e+00	1.18354826e+00	5.92622990e-01	5.90925271e-01	8.48859283e-04	-5.91774130e-01	1.65897804e+00	8.26230324e-19	1.65897804e+00	-1.65897804e+00
5.12            	3.31787651e+00	1.06389232e+00	2.25398419e+00	1.19009187e+00	5.95894928e-01	5.94196944e-01	8.48992136e-04	-5.95045936e-01	1.65893826e+00	8.27187476e-19	1.65893826e+00	-1.65893826e+00
5.121           	3.31795638e+00	1.06053094e+00	2.25742544e+00	1.19689450e+00	5.99296362e-01	5.97598136e-01	8.49112733e-04	-5.98447249e-01	1.65897819e+00	8.28237824e-19	1.65897819e+00	-1.65897819e+00
5.122           	3.31820262e+00	1.05727753e+00	2.26092510e+00	1.20364757e+00	6.02673008e-01	6.00974560e-01	8.49223723e-04	-6.01823784e-01	1.65910131e+00	8.29342302e-19	1.65910131e+00	-1.65910131e+00
5.123           	3.31859563e+00	1.05425177e+00	2.26434386e+00	1.21009209e+00	6.05895374e-01	6.04196715e-01	8.49329422e-04	-6.05046044e-01	1.65929782e+00	8.30454348e-19	1.65929782e+00	-1.65929782e+00
5.124           	3.31919556e+00	1.05158036e+00	2.26761521e+00	1.21603485e+00	6.08866859e-01	6.07167993e-01	8.49432979e-04	-6.08017426e-01	1.65959778e+00	8.31522105e-19	1.65959778e+00	-1.65959778e+00
5.125           	3.32014761e+00	1.04939979e+00	2.27074782e+00	1.22134802e+00	6.11523548e-01	6.09824475e-01	8.49536657e-04	-6.10674011e-01	1.66007380e+00	8.32499382e-19	1.66007380e+00	-1.66007380e+00
5.126           	3.32158329e+00	1.04780634e+00	2.27377695e+00	1.22597062e+00	6.13834954e-01	6.12135664e-01	8.49644798e-04	-6.12985309e-01	1.66079165e+00	8.33353228e-19	1.66079165e+00	-1.66079165e+00
5.127           	3.32356857e+00	1.04681522e+00	2.27675336e+00	1.22993814e+00	6.15818826e-01	6.14119313e-01	8.49756668e-04	-6.14969070e-01	1.66178429e+00	8.34063902e-19	1.66178429e+00	-1.66178429e+00
5.128           	3.32615009e+00	1.04637458e+00	2.27977551e+00	1.23340094e+00	6.17550341e-01	6.15850595e-01	8.49872850e-04	-6.16700468e-01	1.66307505e+00	8.34629600e-19	1.66307505e+00	-1.66307505e+00
5.129           	3.32938008e+00	1.04639330e+00	2.28298678e+00	1.23659348e+00	6.19146731e-01	6.17446749e-01	8.49991048e-04	-6.18296740e-01	1.66469004e+00	8.35066872e-19	1.66469004e+00	-1.66469004e+00
5.13            	3.33331087e+00	1.04676444e+00	2.28654643e+00	1.23978199e+00	6.20741101e-01	6.19040886e-01	8.50107433e-04	-6.19890994e-01	1.66665544e+00	8.35408063e-19	1.66665544e+00	-1.66665544e+00
5.131           	3.33799180e+00	1.04735951e+00	2.29063229e+00	1.24327278e+00	6.22486604e-01	6.20786173e-01	8.50215605e-04	-6.21636389e-01	1.66899590e+00	8.35698063e-19	1.66899590e+00	-1.66899590e+00
5.132           	3.34341714e+00	1.04803155e+00	2.29538560e+00	1.24735405e+00	6.24527332e-01	6.22826719e-01	8.50306920e-04	-6.23677025e-01	1.67170857e+00	8.35987670e-19	1.67170857e+00	-1.67170857e+00
5.133           	3.34953384e+00	1.04864841e+00	2.30088543e+00	1.25223702e+00	6.26968886e-01	6.25268138e-01	8.50373795e-04	-6.26118512e-01	1.67476692e+00	8.36324461e-19	1.67476692e+00	-1.67476692e+00
5.134           	3.35625413e+00	1.04909438e+00	2.30715974e+00	1.25806536e+00	6.29883092e-01	6.28182267e-01	8.50412128e-04	-6.29032680e-01	1.67812706e+00	8.36751238e-19	1.67812706e+00	-1.67812706e+00
5.135           	3.36344682e+00	1.04926381e+00	2.31418301e+00	1.26491921e+00	6.33310021e-01	6.31609185e-01	8.50417738e-04	-6.32459603e-01	1.68172341e+00	8.37301185e-19	1.68172341e+00	-1.68172341e+00
5.136           	3.37095674e+00	1.04908967e+00	2.32186708e+00	1.27277741e+00	6.37239089e-01	6.35538318e-01	8.50385656e-04	-6.36388703e-01	1.68547837e+00	8.37987626e-19	1.68547837e+00	-1.68547837e+00
5.137           	3.37864022e+00	1.04856480e+00	2.33007542e+00	1.28151062e+00	6.41605623e-01	6.39904998e-01	8.50312608e-04	-6.40755311e-01	1.68932011e+00	8.38807961e-19	1.68932011e+00	-1.68932011e+00
5.138           	3.38638022e+00	1.04772771e+00	2.33865252e+00	1.29092481e+00	6.46312602e-01	6.44612206e-01	8.50197972e-04	-6.45462404e-01	1.69319011e+00	8.39743356e-19	1.69319011e+00	-1.69319011e+00
5.139           	3.39406070e+00	1.04663483e+00	2.34742587e+00	1.30079104e+00	6.51245562e-01	6.49545477e-01	8.50042760e-04	-6.50395519e-01	1.69703035e+00	8.40759929e-19	1.69703035e+00	-1.69703035e+00
5.14            	3.40155786e+00	1.04535002e+00	2.35620783e+00	1.31085781e+00	6.56278754e-01	6.54579055e-01	8.49849426e-04	-6.55428904e-01	1.70077893e+00	8.41810479e-19	1.70077893e+00	-1.70077893e+00
5.141           	3.40876080e+00	1.04394650e+00	2.36481430e+00	1.32086780e+00	6.61283523e-01	6.59584277e-01	8.49623117e-04	-6.60433900e-01	1.70438040e+00	8.42838799e-19	1.70438040e+00	-1.70438040e+00
5.142           	3.41560430e+00	1.04249946e+00	2.37310484e+00	1.33060538e+00	6.66152061e-01	6.64453321e-01	8.49369789e-04	-6.65302691e-01	1.70780215e+00	8.43790683e-19	1.70780215e+00	-1.70780215e+00
5.143           	3.42207834e+00	1.04109067e+00	2.38098767e+00	1.33989700e+00	6.70797594e-01	6.69099405e-01	8.49094440e-04	-6.69948500e-01	1.71103917e+00	8.44621996e-19	1.71103917e+00	-1.71103917e+00
5.144           	3.42821860e+00	1.03980425e+00	2.38841435e+00	1.34861010e+00	6.75153813e-01	6.73456286e-01	8.48763419e-04	-6.74305050e-01	1.71410930e+00	8.45297072e-19	1.71410930e+00	-1.71410930e+00
5.145           	3.43406696e+00	1.03870824e+00	2.39535872e+00	1.35665048e+00	6.79173603e-01	6.77476876e-01	8.48363292e-04	-6.78325239e-01	1.71703348e+00	8.45795670e-19	1.71703348e+00	-1.71703348e+00
5.146           	3.43966875e+00	1.03784178e+00	2.40182698e+00	1.36398520e+00	6.82840561e-01	6.81144637e-01	8.47962232e-04	-6.81992599e-01	1.71983438e+00	8.46118901e-19	1.71983438e+00	-1.71983438e+00
5.147           	3.44508971e+00	1.03721414e+00	2.40787558e+00	1.37066144e+00	6.86178289e-01	6.84483152e-01	8.47568533e-04	-6.85330721e-01	1.72254486e+00	8.46289725e-19	1.72254486e+00	-1.72254486e+00
5.148           	3.45040817e+00	1.03681039e+00	2.41359778e+00	1.37678739e+00	6.89240875e-01	6.87546512e-01	8.47181855e-04	-6.88393693e-01	1.72520408e+00	8.46345725e-19	1.72520408e+00	-1.72520408e+00
5.149           	3.45566871e+00	1.03658783e+00	2.41908088e+00	1.38249304e+00	6.92093324e-01	6.90399717e-01	8.46803579e-04	-6.91246521e-01	1.72783435e+00	8.46331699e-19	1.72783435e+00	-1.72783435e+00
5.15            	3.46090305e+00	1.03649535e+00	2.42440769e+00	1.38791234e+00	6.94802601e-01	6.93109736e-01	8.46432378e-04	-6.93956169e-01	1.73045152e+00	8.46291780e-19	1.73045152e+00	-1.73045152e+00
5.151           	3.46614360e+00	1.03648063e+00	2.42966296e+00	1.39318233e+00	6.97437229e-01	6.95745099e-01	8.46064870e-04	-6.96591164e-01	1.73307180e+00	8.46268165e-19	1.73307180e+00	-1.73307180e+00
5.152           	3.47138293e+00	1.03647131e+00	2.43491162e+00	1.39844031e+00	7.00065850e-01	6.98374463e-01	8.45693812e-04	-6.99220157e-01	1.73569147e+00	8.46299042e-19	1.73569147e+00	-1.73569147e+00
5.153           	3.47657564e+00	1.03639284e+00	2.44018280e+00	1.40378995e+00	7.02740285e-01	7.01049669e-01	8.45308172e-04	-7.01894977e-01	1.73828782e+00	8.46416547e-19	1.73828782e+00	-1.73828782e+00
5.154           	3.48168821e+00	1.03621359e+00	2.44547462e+00	1.40926103e+00	7.05475409e-01	7.03785616e-01	8.44896656e-04	-7.04630513e-01	1.74084410e+00	8.46640668e-19	1.74084410e+00	-1.74084410e+00
5.155           	3.48669020e+00	1.03592956e+00	2.45076064e+00	1.41483108e+00	7.08259991e-01	7.06571084e-01	8.44453819e-04	-7.07415538e-01	1.74334510e+00	8.46973858e-19	1.74334510e+00	-1.74334510e+00
5.156           	3.49153383e+00	1.03553288e+00	2.45600095e+00	1.42046807e+00	7.11078005e-01	7.09390061e-01	8.43972272e-04	-7.10234033e-01	1.74576691e+00	8.47399863e-19	1.74576691e+00	-1.74576691e+00
5.157           	3.49619955e+00	1.03502893e+00	2.46117063e+00	1.42614170e+00	7.13914256e-01	7.12227446e-01	8.43404715e-04	-7.13070851e-01	1.74809978e+00	8.47885571e-19	1.74809978e+00	-1.74809978e+00
5.158           	3.50072702e+00	1.03445657e+00	2.46627045e+00	1.43181388e+00	7.16749635e-01	7.15064246e-01	8.42694943e-04	-7.15906940e-01	1.75036351e+00	8.48390209e-19	1.75036351e+00	-1.75036351e+00
5.159           	3.50518123e+00	1.03386444e+00	2.47131679e+00	1.43745235e+00	7.19568108e-01	7.17884241e-01	8.41933079e-04	-7.18726175e-01	1.75259062e+00	8.48867009e-19	1.75259062e+00	-1.75259062e+00
5.16            	3.50960209e+00	1.03329312e+00	2.47630897e+00	1.44301586e+00	7.22349050e-01	7.20666805e-01	8.41122442e-04	-7.21507928e-01	1.75480105e+00	8.49261978e-19	1.75480105e+00	-1.75480105e+00
5.161           	3.51401299e+00	1.03278801e+00	2.48122498e+00	1.44843697e+00	7.25058755e-01	7.23378219e-01	8.40267772e-04	-7.24218487e-01	1.75700649e+00	8.49523706e-19	1.75700649e+00	-1.75700649e+00
5.162           	3.51844172e+00	1.03239477e+00	2.48604695e+00	1.45365219e+00	7.27665470e-01	7.25986715e-01	8.39377357e-04	-7.26826093e-01	1.75922086e+00	8.49614666e-19	1.75922086e+00	-1.75922086e+00
5.163           	3.52293694e+00	1.03215762e+00	2.49077932e+00	1.45862170e+00	7.30149312e-01	7.28472392e-01	8.38459831e-04	-7.29310852e-01	1.76146847e+00	8.49519088e-19	1.76146847e+00	-1.76146847e+00
5.164           	3.52758178e+00	1.03212687e+00	2.49545491e+00	1.46332803e+00	7.32501539e-01	7.30826493e-01	8.37522897e-04	-7.31664016e-01	1.76379089e+00	8.49244171e-19	1.76379089e+00	-1.76379089e+00
5.165           	3.53244003e+00	1.03234187e+00	2.50009817e+00	1.46775630e+00	7.34714723e-01	7.33041576e-01	8.36573958e-04	-7.33878150e-01	1.76622002e+00	8.48810652e-19	1.76622002e+00	-1.76622002e+00
5.166           	3.53748896e+00	1.03278635e+00	2.50470261e+00	1.47191626e+00	7.36793749e-01	7.35122510e-01	8.35619302e-04	-7.35958130e-01	1.76874448e+00	8.48247050e-19	1.76874448e+00	-1.76874448e+00
5.167           	3.54256889e+00	1.03338165e+00	2.50918723e+00	1.47580558e+00	7.38737452e-01	7.37068129e-01	8.34661914e-04	-7.37902790e-01	1.77128444e+00	8.47593324e-19	1.77128444e+00	-1.77128444e+00
5.168           	3.54749139e+00	1.03403040e+00	2.51346100e+00	1.47943060e+00	7.40549005e-01	7.38881594e-01	8.33705761e-04	-7.39715300e-01	1.77374570e+00	8.46903975e-19	1.77374570e+00	-1.77374570e+00
5.169           	3.55210633e+00	1.03466659e+00	2.51743974e+00	1.48277316e+00	7.42219330e-01	7.40553825e-01	8.32752187e-04	-7.41386578e-01	1.77605317e+00	8.46237961e-19	1.77605317e+00	-1.77605317e+00
5.17            	3.55631112e+00	1.03522894e+00	2.52108218e+00	1.48585323e+00	7.43758421e-01	7.42094813e-01	8.31803823e-04	-7.42926617e-01	1.77815556e+00	8.45644139e-19	1.77815556e+00	-1.77815556e+00
5.171           	3.56001001e+00	1.03565537e+00	2.52435464e+00	1.48869927e+00	7.45180494e-01	7.43518774e-01	8.30859767e-04	-7.44349634e-01	1.78000500e+00	8.45159664e-19	1.78000500e+00	-1.78000500e+00
5.172           	3.56305318e+00	1.03587316e+00	2.52718002e+00	1.49130686e+00	7.46483289e-01	7.44823576e-01	8.29856175e-04	-7.45653432e-01	1.78152659e+00	8.44818248e-19	1.78152659e+00	-1.78152659e+00
5.173           	3.56528620e+00	1.03582439e+00	2.52946180e+00	1.49363741e+00	7.47647527e-01	7.45989883e-01	8.28821579e-04	-7.46818705e-01	1.78264310e+00	8.44637979e-19	1.78264310e+00	-1.78264310e+00
5.174           	3.56661820e+00	1.03549112e+00	2.53112708e+00	1.49563596e+00	7.48645786e-01	7.46990177e-01	8.27804604e-04	-7.47817982e-01	1.78330910e+00	8.44607979e-19	1.78330910e+00	-1.78330910e+00
5.175           	3.56710780e+00	1.03491087e+00	2.53219693e+00	1.49728606e+00	7.49469840e-01	7.47816223e-01	8.26808655e-04	-7.48643032e-01	1.78355390e+00	8.44701219e-19	1.78355390e+00	-1.78355390e+00
5.176           	3.56690483e+00	1.03416836e+00	2.53273647e+00	1.49856811e+00	7.50109887e-01	7.48458223e-01	8.25832037e-04	-7.49284055e-01	1.78345242e+00	8.44888402e-19	1.78345242e+00	-1.78345242e+00
5.177           	3.56609828e+00	1.03333236e+00	2.53276592e+00	1.49943356e+00	7.50541654e-01	7.48891908e-01	8.24872865e-04	-7.49716781e-01	1.78304914e+00	8.45127097e-19	1.78304914e+00	-1.78304914e+00
5.178           	3.56469404e+00	1.03244373e+00	2.53225030e+00	1.49980657e+00	7.50727218e-01	7.49079356e-01	8.23930671e-04	-7.49903287e-01	1.78234702e+00	8.45368685e-19	1.78234702e+00	-1.78234702e+00
5.179           	3.56270553e+00	1.03154684e+00	2.53115869e+00	1.49961184e+00	7.50628927e-01	7.48982917e-01	8.23005116e-04	-7.49805922e-01	1.78135277e+00	8.45560636e-19	1.78135277e+00	-1.78135277e+00
5.18            	3.56028037e+00	1.03072080e+00	2.52955957e+00	1.49883878e+00	7.50241483e-01	7.48597294e-01	8.22094817e-04	-7.49419388e-01	1.78014019e+00	8.45658194e-19	1.78014019e+00	-1.78014019e+00
5.181           	3.55767728e+00	1.03006943e+00	2.52760784e+00	1.49753841e+00	7.49590398e-01	7.47948009e-01	8.21194287e-04	-7.48769203e-01	1.77883864e+00	8.45632529e-19	1.77883864e+00	-1.77883864e+00
5.182           	3.55506331e+00	1.02965899e+00	2.52540432e+00	1.49574532e+00	7.48692958e-01	7.47052364e-01	8.20296791e-04	-7.47872661e-01	1.77753166e+00	8.45469731e-19	1.77753166e+00	-1.77753166e+00
5.183           	3.55246761e+00	1.02948089e+00	2.52298671e+00	1.49350582e+00	7.47572311e-01	7.45933508e-01	8.19401749e-04	-7.46752909e-01	1.77623380e+00	8.45167506e-19	1.77623380e+00	-1.77623380e+00
5.184           	3.54984289e+00	1.02946998e+00	2.52037291e+00	1.49090293e+00	7.46269975e-01	7.44632956e-01	8.18509616e-04	-7.45451466e-01	1.77492144e+00	8.44734524e-19	1.77492144e+00	-1.77492144e+00
5.185           	3.54717113e+00	1.02955755e+00	2.51761358e+00	1.48805603e+00	7.44845636e-01	7.43210395e-01	8.17620586e-04	-7.44028015e-01	1.77358557e+00	8.44198372e-19	1.77358557e+00	-1.77358557e+00
5.186           	3.54446640e+00	1.02969265e+00	2.51477375e+00	1.48508111e+00	7.43357288e-01	7.41723821e-01	8.16733234e-04	-7.42540555e-01	1.77223320e+00	8.43592582e-19	1.77223320e+00	-1.77223320e+00
5.187           	3.54174700e+00	1.02983705e+00	2.51190995e+00	1.48207290e+00	7.41852299e-01	7.40220600e-01	8.15849320e-04	-7.41036450e-01	1.77087350e+00	8.42956017e-19	1.77087350e+00	-1.77087350e+00
5.188           	3.53893988e+00	1.02993105e+00	2.50900883e+00	1.47907777e+00	7.40353861e-01	7.38723914e-01	8.14973680e-04	-7.39538887e-01	1.76946994e+00	8.42336922e-19	1.76946994e+00	-1.76946994e+00
5.189           	3.53594305e+00	1.02989116e+00	2.50605189e+00	1.47616073e+00	7.38894481e-01	7.37266250e-01	8.14115520e-04	-7.38080366e-01	1.76797153e+00	8.41791556e-19	1.76797153e+00	-1.76797153e+00
5.19            	3.53270723e+00	1.02965442e+00	2.50305281e+00	1.47339839e+00	7.37512472e-01	7.35885913e-01	8.13279256e-04	-7.36699193e-01	1.76635362e+00	8.41363668e-19	1.76635362e+00	-1.76635362e+00
5.191           	3.52921674e+00	1.02921907e+00	2.49999767e+00	1.47077860e+00	7.36201766e-01	7.34576835e-01	8.12465755e-04	-7.35389301e-01	1.76460837e+00	8.41070330e-19	1.76460837e+00	-1.76460837e+00
5.192           	3.52556363e+00	1.02866137e+00	2.49690226e+00	1.46824089e+00	7.34932129e-01	7.33308766e-01	8.11681453e-04	-7.34120447e-01	1.76278182e+00	8.40924557e-19	1.76278182e+00	-1.76278182e+00
5.193           	3.52183510e+00	1.02806651e+00	2.49376860e+00	1.46570209e+00	7.33661977e-01	7.32040113e-01	8.10931616e-04	-7.32851045e-01	1.76091755e+00	8.40927955e-19	1.76091755e+00	-1.76091755e+00
5.194           	3.51803240e+00	1.02747773e+00	2.49055467e+00	1.46307693e+00	7.32348688e-01	7.30728247e-01	8.10220641e-04	-7.31538467e-01	1.75901620e+00	8.41060057e-19	1.75901620e+00	-1.75901620e+00
5.195           	3.51411235e+00	1.02691787e+00	2.48719448e+00	1.46027660e+00	7.30947851e-01	7.29328751e-01	8.09550066e-04	-7.30138301e-01	1.75705617e+00	8.41284267e-19	1.75705617e+00	-1.75705617e+00
5.196           	3.51004632e+00	1.02641468e+00	2.48363163e+00	1.45721695e+00	7.29417394e-01	7.27799555e-01	8.08919680e-04	-7.28608474e-01	1.75502316e+00	8.41552943e-19	1.75502316e+00	-1.75502316e+00
5.197           	3.50585465e+00	1.02603295e+00	2.47982170e+00	1.45378875e+00	7.27702705e-01	7.26086047e-01	8.08329039e-04	-7.26894376e-01	1.75292733e+00	8.41817832e-19	1.75292733e+00	-1.75292733e+00
5.198           	3.50167941e+00	1.02588831e+00	2.47579110e+00	1.44990280e+00	7.25759177e-01	7.24143621e-01	8.07777711e-04	-7.24951399e-01	1.75083970e+00	8.42038355e-19	1.75083970e+00	-1.75083970e+00
5.199           	3.49753813e+00	1.02600483e+00	2.47153329e+00	1.44552846e+00	7.23571492e-01	7.21956967e-01	8.07262645e-04	-7.22764230e-01	1.74876906e+00	8.42187895e-19	1.74876906e+00	-1.74876906e+00
5.2             	3.49330361e+00	1.02632713e+00	2.46697648e+00	1.44064935e+00	7.21131453e-01	7.19517896e-01	8.06778353e-04	-7.20324674e-01	1.74665180e+00	8.42248316e-19	1.74665180e+00	-1.74665180e+00
5.201           	3.48889527e+00	1.02678330e+00	2.46211197e+00	1.43532867e+00	7.18470658e-01	7.16858015e-01	8.06321548e-04	-7.17664337e-01	1.74444763e+00	8.42206094e-19	1.74444763e+00	-1.74444763e+00
5.202           	3.48426164e+00	1.02731244e+00	2.45694919e+00	1.42963675e+00	7.15624261e-01	7.14012491e-01	8.05884803e-04	-7.14818376e-01	1.74213082e+00	8.42059172e-19	1.74213082e+00	-1.74213082e+00
5.203           	3.47942180e+00	1.02788158e+00	2.45154022e+00	1.42365865e+00	7.12634787e-01	7.11023859e-01	8.05463834e-04	-7.11829323e-01	1.73971090e+00	8.41818545e-19	1.73971090e+00	-1.73971090e+00
5.204           	3.47445982e+00	1.02847700e+00	2.44598282e+00	1.41750583e+00	7.09557967e-01	7.07947859e-01	8.05054170e-04	-7.08752913e-01	1.73722991e+00	8.41507910e-19	1.73722991e+00	-1.73722991e+00
5.205           	3.46939050e+00	1.02903783e+00	2.44035267e+00	1.41131484e+00	7.06462072e-01	7.04852766e-01	8.04653091e-04	-7.05657419e-01	1.73469525e+00	8.41176660e-19	1.73469525e+00	-1.73469525e+00
5.206           	3.46414066e+00	1.02946750e+00	2.43467316e+00	1.40520566e+00	7.03407085e-01	7.01798571e-01	8.04256847e-04	-7.02602828e-01	1.73207033e+00	8.40884614e-19	1.73207033e+00	-1.73207033e+00
5.207           	3.45867399e+00	1.02969102e+00	2.42898297e+00	1.39929195e+00	7.00449840e-01	6.98842113e-01	8.03863377e-04	-6.99645977e-01	1.72933699e+00	8.40671633e-19	1.72933699e+00	-1.72933699e+00
5.208           	3.45305171e+00	1.02968511e+00	2.42336660e+00	1.39368149e+00	6.97644217e-01	6.96037273e-01	8.03471996e-04	-6.96840745e-01	1.72652586e+00	8.40558465e-19	1.72652586e+00	-1.72652586e+00
5.209           	3.44741766e+00	1.02948457e+00	2.41793309e+00	1.38844852e+00	6.95027341e-01	6.93421174e-01	8.03083319e-04	-6.94224258e-01	1.72370883e+00	8.40563596e-19	1.72370883e+00	-1.72370883e+00
5.21            	3.44196445e+00	1.02916535e+00	2.41279911e+00	1.38363376e+00	6.92619576e-01	6.91014183e-01	8.02696430e-04	-6.91816879e-01	1.72098223e+00	8.40697471e-19	1.72098223e+00	-1.72098223e+00
5.211           	3.43677565e+00	1.02876117e+00	2.40801448e+00	1.37925330e+00	6.90428964e-01	6.88824341e-01	8.02311558e-04	-6.89626652e-01	1.71838783e+00	8.40960122e-19	1.71838783e+00	-1.71838783e+00
5.212           	3.43180897e+00	1.02826376e+00	2.40354521e+00	1.37528146e+00	6.88442658e-01	6.86838799e-01	8.01929635e-04	-6.87640729e-01	1.71590449e+00	8.41333378e-19	1.71590449e+00	-1.71590449e+00
5.213           	3.42704524e+00	1.02766595e+00	2.39937929e+00	1.37171334e+00	6.86658223e-01	6.85055119e-01	8.01551906e-04	-6.85856671e-01	1.71352262e+00	8.41780129e-19	1.71352262e+00	-1.71352262e+00
5.214           	3.42246061e+00	1.02696225e+00	2.39549836e+00	1.36853611e+00	6.85069230e-01	6.83466880e-01	8.01174778e-04	-6.84268055e-01	1.71123031e+00	8.42266832e-19	1.71123031e+00	-1.71123031e+00
5.215           	3.41810985e+00	1.02620305e+00	2.39190680e+00	1.36570375e+00	6.83652668e-01	6.82051077e-01	8.00795633e-04	-6.82851873e-01	1.70905493e+00	8.42753728e-19	1.70905493e+00	-1.70905493e+00
