-0.5 	1.0177686
-0.48412699 	1.0169879
-0.46825397 	1.0182022
-0.45238095 	1.0177271
-0.43650794 	1.0176827
-0.42063492 	1.0203995
-0.40476191 	1.0250073
-0.3888889 	1.028874
-0.37301588 	1.0303409
-0.35714287 	1.0290739
-0.34126985 	1.0263542
-0.32539684 	1.0227554
-0.30952379 	1.0186885
-0.29365078 	1.0142292
-0.27777776 	1.0094778
-0.26190475 	1.0048134
-0.24603173 	1.0008204
-0.23015872 	0.9977202
-0.2142857 	0.9954235
-0.19841269 	0.99362832
-0.18253967 	0.99200507
-0.16666666 	0.99021118
-0.15079364 	0.98817547
-0.13492063 	0.9860667
-0.11904758 	0.98353693
-0.10317457 	0.98059918
-0.087301552 	0.97801929
-0.071428537 	0.97635004
-0.055555522 	0.97500318
-0.039682507 	0.97313401
-0.023809493 	0.97180081
-0.0079364777 	0.97149872
0.0079365373 	0.971624
0.023809552 	0.97228935
0.039682567 	0.97334725
0.055555582 	0.97439544
0.071428597 	0.97518915
0.087301612 	0.97570782
0.10317463 	0.97610111
0.11904764 	0.97630899
0.13492066 	0.97622992
0.15079367 	0.97548398
0.16666669 	0.97389738
0.1825397 	0.9713061
0.19841272 	0.96788911
0.21428573 	0.96670489
0.23015875 	0.97070156
0.24603176 	0.97982028
0.26190484 	0.99009732
0.27777785 	0.99247064
0.29365087 	0.98811465
0.30952388 	0.98480207
0.3253969 	0.98208749
0.34126991 	0.9772342
0.35714292 	0.97035511
0.37301594 	0.95731397
0.38888895 	0.94681138
0.40476197 	0.94290565
0.42063499 	0.94735229
0.436508 	0.95359254
0.45238101 	0.95921605
0.46825403 	0.96626418
0.48412704 	0.97864199
0.5 	0.98711826
