-0.5 	1.0502423
-0.48412699 	1.0286605
-0.46825397 	1.0510277
-0.45238095 	1.0185894
-0.43650794 	1.0059729
-0.42063492 	1.0319294
-0.40476191 	1.0328609
-0.3888889 	1.009096
-0.37301588 	1.0016721
-0.35714287 	1.0134739
-0.34126985 	1.0178499
-0.32539684 	1.0101918
-0.30952379 	1.0019987
-0.29365078 	0.99881785
-0.27777776 	1.0048351
-0.26190475 	1.0131664
-0.24603173 	1.0150725
-0.23015872 	1.0097378
-0.2142857 	1.0017638
-0.19841269 	0.99717059
-0.18253967 	1.0007482
-0.16666666 	1.0070529
-0.15079364 	1.0091417
-0.13492063 	1.0050285
-0.11904758 	0.99914532
-0.10317457 	0.99519181
-0.087301552 	0.99720846
-0.071428537 	1.0032414
-0.055555522 	1.0045911
-0.039682507 	0.9953249
-0.023809493 	0.98602607
-0.0079364777 	0.98741889
0.0079365373 	0.9949219
0.023809552 	0.99821195
0.039682567 	0.99396041
0.055555582 	0.98858067
0.071428597 	0.98749238
0.087301612 	0.98977201
0.10317463 	0.99157082
0.11904764 	0.99077845
0.13492066 	0.98920683
0.15079367 	0.98732909
0.16666669 	0.98510434
0.1825397 	0.98623342
0.19841272 	0.99253315
0.21428573 	0.99996059
0.23015875 	1.0021507
0.24603176 	0.99728754
0.26190484 	0.99154058
0.27777785 	0.99688204
0.29365087 	1.011104
0.30952388 	1.0172409
0.3253969 	1.0050428
0.34126991 	1.0021843
0.35714292 	1.0284245
0.37301594 	1.033592
0.38888895 	1.0113163
0.40476197 	1.0147967
0.42063499 	1.0198673
0.436508 	1.0105196
0.45238101 	1.0240851
0.46825403 	1.0173564
0.48412704 	1.0132391
0.5 	1.0834938
