# Force and moment coefficients
# dragDir       : (1.00000000e+00 0.00000000e+00 0.00000000e+00)
# sideDir       : (0.00000000e+00 0.00000000e+00 -1.00000000e+00)
# liftDir       : (0.00000000e+00 1.00000000e+00 0.00000000e+00)
# rollAxis      : (1.00000000e+00 0.00000000e+00 0.00000000e+00)
# pitchAxis     : (0.00000000e+00 0.00000000e+00 -1.00000000e+00)
# yawAxis       : (0.00000000e+00 1.00000000e+00 0.00000000e+00)
# magUInf       : 1.77482393e-01
# lRef          : 1.00000000e+00
# Aref          : 1.00000000e+00
# CofR          : (0.00000000e+00 0.00000000e+00 0.00000000e+00)
#
# Time          	Cd              	Cd(f)           	Cd(r)           	Cl              	Cl(f)           	Cl(r)           	CmPitch         	CmRoll          	CmYaw           	Cs              	Cs(f)           	Cs(r)           
5               	-2.60210578e+01	-1.41527522e+01	-1.18683057e+01	2.28444649e+00	1.14206676e+00	1.14237972e+00	-1.56479915e-04	-1.14222324e+00	-1.30105289e+01	-5.52641855e-20	-1.30105289e+01	1.30105289e+01
6               	-1.42155291e+01	-7.35828010e+00	-6.85724900e+00	5.01031100e-01	2.50329626e-01	2.50701474e-01	-1.85924137e-04	-2.50515550e-01	-7.10776455e+00	-4.35212806e-20	-7.10776455e+00	7.10776455e+00
7               	-7.23215648e-01	1.98425865e-01	-9.21641512e-01	-1.12006738e+00	-5.60256324e-01	-5.59811052e-01	-2.22635887e-04	5.60033688e-01	-3.61607824e-01	-2.51788662e-20	-3.61607824e-01	3.61607824e-01
8               	6.05057821e+00	3.68344188e+00	2.36713633e+00	-1.31630555e+00	-6.58405382e-01	-6.57900165e-01	-2.52608654e-04	6.58152774e-01	3.02528910e+00	-1.67121759e-20	3.02528910e+00	-3.02528910e+00
9               	6.17783878e+00	3.37175083e+00	2.80608795e+00	-5.65662883e-01	-2.83096402e-01	-2.82566481e-01	-2.64960743e-04	2.82831441e-01	3.08891939e+00	-1.84821434e-20	3.08891939e+00	-3.08891939e+00
10              	3.14755636e+00	1.46609783e+00	1.68145854e+00	2.15360709e-01	1.07421655e-01	1.07939054e-01	-2.58699286e-04	-1.07680354e-01	1.57377818e+00	-2.41252179e-20	1.57377818e+00	-1.57377818e+00
11              	3.59036413e-01	-7.52995850e-02	4.34335998e-01	5.09635583e-01	2.54576067e-01	2.55059516e-01	-2.41724420e-04	-2.54817792e-01	1.79518207e-01	-2.82344096e-20	1.79518207e-01	-1.79518207e-01
12              	-9.28653617e-01	-6.31745581e-01	-2.96908037e-01	3.34837544e-01	1.67194603e-01	1.67642940e-01	-2.24168410e-04	-1.67418772e-01	-4.64326809e-01	-2.96110574e-20	-4.64326809e-01	4.64326809e-01
13              	-7.48363337e-01	-3.58314717e-01	-3.90048621e-01	-3.17339037e-02	-1.60790184e-02	-1.56548853e-02	-2.12066568e-04	1.58669519e-02	-3.74181669e-01	-2.91811027e-20	-3.74181669e-01	3.74181669e-01
14              	5.30148821e-02	1.87671928e-01	-1.34657046e-01	-3.22328975e-01	-1.61370404e-01	-1.60958571e-01	-2.05916862e-04	1.61164487e-01	2.65074410e-02	-2.83512906e-20	2.65074410e-02	-2.65074410e-02
15              	7.43392074e-01	5.63525511e-01	1.79866563e-01	-3.83658948e-01	-1.92032389e-01	-1.91626560e-01	-2.02914320e-04	1.91829474e-01	3.71696037e-01	-2.79943052e-20	3.71696037e-01	-3.71696037e-01
16              	9.84839497e-01	6.27724239e-01	3.57115258e-01	-2.70608980e-01	-1.35504433e-01	-1.35104547e-01	-1.99943321e-04	1.35304490e-01	4.92419749e-01	-2.82213140e-20	4.92419749e-01	-4.92419749e-01
17              	8.67231325e-01	4.77669734e-01	3.89561592e-01	-8.81081420e-02	-4.42494205e-02	-4.38587215e-02	-1.95349489e-04	4.40540710e-02	4.33615663e-01	-2.87700959e-20	4.33615663e-01	-4.33615663e-01
18              	6.00979085e-01	2.85771041e-01	3.15208044e-01	2.94370027e-02	1.45293012e-02	1.49077015e-02	-1.89200153e-04	-1.47185014e-02	3.00489543e-01	-2.93139698e-20	3.00489543e-01	-3.00489543e-01
19              	3.95244172e-01	1.79591398e-01	2.15652774e-01	3.60613764e-02	1.78481907e-02	1.82131857e-02	-1.82497497e-04	-1.80306882e-02	1.97622086e-01	-2.96381981e-20	1.97622086e-01	-1.97622086e-01
20              	3.24281121e-01	1.80456587e-01	1.43824534e-01	-3.66320534e-02	-1.84922524e-02	-1.81398010e-02	-1.76225720e-04	1.83160267e-02	1.62140561e-01	-2.97493691e-20	1.62140561e-01	-1.62140561e-01
21              	3.64421680e-01	2.45217241e-01	1.19204439e-01	-1.26012802e-01	-6.31772015e-02	-6.28356001e-02	-1.70800706e-04	6.30064008e-02	1.82210840e-01	-2.97386869e-20	1.82210840e-01	-1.82210840e-01
22              	4.43965610e-01	3.07809667e-01	1.36155943e-01	-1.71653724e-01	-8.59929658e-02	-8.56607582e-02	-1.66103815e-04	8.58268620e-02	2.21982805e-01	-2.97340509e-20	2.21982805e-01	-2.21982805e-01
23              	5.07263575e-01	3.36498728e-01	1.70764847e-01	-1.65733881e-01	-8.30286996e-02	-8.27051817e-02	-1.61758946e-04	8.28669407e-02	2.53631788e-01	-2.97931592e-20	2.53631788e-01	-2.53631788e-01
24              	5.35563147e-01	3.28230227e-01	2.07332920e-01	-1.20897307e-01	-6.06060639e-02	-6.02912431e-02	-1.57410392e-04	6.04486535e-02	2.67781574e-01	-2.99189039e-20	2.67781574e-01	-2.67781574e-01
25              	5.09727431e-01	2.99267530e-01	2.10459901e-01	-8.88076296e-02	-4.45567623e-02	-4.42508674e-02	-1.52947452e-04	4.44038148e-02	2.54863716e-01	-3.00703613e-20	2.54863716e-01	-2.54863716e-01
26              	4.66276404e-01	2.69495812e-01	1.96780591e-01	-7.27152208e-02	-3.65060514e-02	-3.62091694e-02	-1.48440979e-04	3.63576104e-02	2.33138202e-01	-3.02122612e-20	2.33138202e-01	-2.33138202e-01
27              	3.92094300e-01	2.35865916e-01	1.56228384e-01	-7.96375324e-02	-3.99627774e-02	-3.96747550e-02	-1.44011231e-04	3.98187662e-02	1.96047150e-01	-3.03532484e-20	1.96047150e-01	-1.96047150e-01
28              	3.71125392e-01	2.31054174e-01	1.40071218e-01	-9.09829558e-02	-4.56311841e-02	-4.53517717e-02	-1.39706213e-04	4.54914779e-02	1.85562696e-01	-3.04324676e-20	1.85562696e-01	-1.85562696e-01
29              	3.62155619e-01	2.35801055e-01	1.26354564e-01	-1.09446490e-01	-5.48587863e-02	-5.45877040e-02	-1.35541156e-04	5.47232452e-02	1.81077809e-01	-3.04750079e-20	1.81077809e-01	-1.81077809e-01
30              	3.76883334e-01	2.49453389e-01	1.27429946e-01	-1.22023443e-01	-6.11432051e-02	-6.08802376e-02	-1.31483757e-04	6.10117213e-02	1.88441667e-01	-3.04868098e-20	1.88441667e-01	-1.88441667e-01
31              	3.99897481e-01	2.60598443e-01	1.39299039e-01	-1.21299404e-01	-6.07772115e-02	-6.05221925e-02	-1.27509513e-04	6.06497020e-02	1.99948741e-01	-3.05112730e-20	1.99948741e-01	-1.99948741e-01
32              	4.01145376e-01	2.58564585e-01	1.42580791e-01	-1.15983794e-01	-5.81154498e-02	-5.78683446e-02	-1.23552589e-04	5.79918972e-02	2.00572688e-01	-3.05667996e-20	2.00572688e-01	-2.00572688e-01
33              	3.94475588e-01	2.50091520e-01	1.44384068e-01	-1.05707452e-01	-5.29733694e-02	-5.27340829e-02	-1.19643226e-04	5.28537261e-02	1.97237794e-01	-3.06260643e-20	1.97237794e-01	-1.97237794e-01
34              	3.98798848e-01	2.50851488e-01	1.47947360e-01	-1.02904129e-01	-5.15678167e-02	-5.13363119e-02	-1.15752407e-04	5.14520643e-02	1.99399424e-01	-3.06711547e-20	1.99399424e-01	-1.99399424e-01
35              	3.96596619e-01	2.50365962e-01	1.46230657e-01	-1.04135305e-01	-5.21794963e-02	-5.19558084e-02	-1.11843971e-04	5.20676523e-02	1.98298310e-01	-3.07164118e-20	1.98298310e-01	-1.98298310e-01
36              	3.75134552e-01	2.39667710e-01	1.35466842e-01	-1.04200868e-01	-5.22083819e-02	-5.19924858e-02	-1.07948094e-04	5.21004338e-02	1.87567276e-01	-3.07743498e-20	1.87567276e-01	-1.87567276e-01
37              	3.64493942e-01	2.39210820e-01	1.25283123e-01	-1.13927697e-01	-5.70679354e-02	-5.68597616e-02	-1.04086876e-04	5.69638485e-02	1.82246971e-01	-3.08163074e-20	1.82246971e-01	-1.82246971e-01
38              	3.48942557e-01	2.37222486e-01	1.11720071e-01	-1.25502416e-01	-6.28514535e-02	-6.26509620e-02	-1.00245770e-04	6.27512078e-02	1.74471278e-01	-3.08598978e-20	1.74471278e-01	-1.74471278e-01
39              	3.42883884e-01	2.32497927e-01	1.10385957e-01	-1.22111971e-01	-6.11524319e-02	-6.09595389e-02	-9.64464822e-05	6.10559854e-02	1.71441942e-01	-3.09048896e-20	1.71441942e-01	-1.71441942e-01
40              	3.39101601e-01	2.29764636e-01	1.09336965e-01	-1.20427671e-01	-6.03065097e-02	-6.01211610e-02	-9.26743356e-05	6.02138354e-02	1.69550801e-01	-3.09445196e-20	1.69550801e-01	-1.69550801e-01
41              	3.32733710e-01	2.25769603e-01	1.06964107e-01	-1.18805496e-01	-5.94916715e-02	-5.93138244e-02	-8.89235286e-05	5.94027480e-02	1.66366855e-01	-3.09815474e-20	1.66366855e-01	-1.66366855e-01
42              	3.36617704e-01	2.28633537e-01	1.07984167e-01	-1.20649370e-01	-6.04098367e-02	-6.02395329e-02	-8.51519417e-05	6.03246848e-02	1.68308852e-01	-3.10018774e-20	1.68308852e-01	-1.68308852e-01
43              	3.36272973e-01	2.29354093e-01	1.06918880e-01	-1.22435214e-01	-6.12989507e-02	-6.11362629e-02	-8.13438811e-05	6.12176068e-02	1.68136486e-01	-3.10307320e-20	1.68136486e-01	-1.68136486e-01
44              	3.31337465e-01	2.28112954e-01	1.03224511e-01	-1.24888443e-01	-6.25217331e-02	-6.23667100e-02	-7.75115733e-05	6.24442216e-02	1.65668732e-01	-3.10547810e-20	1.65668732e-01	-1.65668732e-01
45              	3.31550391e-01	2.29335322e-01	1.02215069e-01	-1.27120253e-01	-6.36338042e-02	-6.34864490e-02	-7.36775757e-05	6.35601266e-02	1.65775196e-01	-3.10778050e-20	1.65775196e-01	-1.65775196e-01
46              	3.31353273e-01	2.29864114e-01	1.01489160e-01	-1.28374954e-01	-6.42573176e-02	-6.41176363e-02	-6.98406929e-05	6.41874770e-02	1.65676637e-01	-3.11032255e-20	1.65676637e-01	-1.65676637e-01
47              	3.28191939e-01	2.30174342e-01	9.80175966e-02	-1.32156745e-01	-6.61443629e-02	-6.60123825e-02	-6.59902060e-05	6.60783727e-02	1.64095969e-01	-3.11219326e-20	1.64095969e-01	-1.64095969e-01
48              	3.22133808e-01	2.28884231e-01	9.32495764e-02	-1.35634655e-01	-6.78794386e-02	-6.77552164e-02	-6.21110874e-05	6.78173275e-02	1.61066904e-01	-3.11438070e-20	1.61066904e-01	-1.61066904e-01
49              	3.10762387e-01	2.25190807e-01	8.55715791e-02	-1.39619228e-01	-6.98678097e-02	-6.97514187e-02	-5.81955005e-05	6.98096142e-02	1.55381193e-01	-3.11700222e-20	1.55381193e-01	-1.55381193e-01
50              	3.06494269e-01	2.23739963e-01	8.27543058e-02	-1.40985658e-01	-7.05470886e-02	-7.04385690e-02	-5.42597873e-05	7.04928288e-02	1.53247135e-01	-3.11952667e-20	1.53247135e-01	-1.53247135e-01
51              	3.01453981e-01	2.21077866e-01	8.03761155e-02	-1.40701750e-01	-7.04011935e-02	-7.03005565e-02	-5.03184998e-05	7.03508750e-02	1.50726991e-01	-3.12191472e-20	1.50726991e-01	-1.50726991e-01
52              	3.00207640e-01	2.20413227e-01	7.97944127e-02	-1.40618815e-01	-7.03557818e-02	-7.02630329e-02	-4.63744130e-05	7.03094073e-02	1.50103820e-01	-3.12401848e-20	1.50103820e-01	-1.50103820e-01
53              	2.98327019e-01	2.18809578e-01	7.95174414e-02	-1.39292137e-01	-6.96884849e-02	-6.96036517e-02	-4.24165965e-05	6.96460683e-02	1.49163510e-01	-3.12546098e-20	1.49163510e-01	-1.49163510e-01
54              	2.97467617e-01	2.18446223e-01	7.90213937e-02	-1.39424829e-01	-6.97508536e-02	-6.96739758e-02	-3.84389015e-05	6.97124147e-02	1.48733808e-01	-3.12718315e-20	1.48733808e-01	-1.48733808e-01
55              	2.96638056e-01	2.18650010e-01	7.79880463e-02	-1.40661964e-01	-7.03654054e-02	-7.02965584e-02	-3.44234912e-05	7.03309819e-02	1.48319028e-01	-3.12813403e-20	1.48319028e-01	-1.48319028e-01
56              	2.94841494e-01	2.18136959e-01	7.67045354e-02	-1.41432423e-01	-7.07465727e-02	-7.06858505e-02	-3.03611180e-05	7.07162116e-02	1.47420747e-01	-3.12977180e-20	1.47420747e-01	-1.47420747e-01
57              	2.92565411e-01	2.18565663e-01	7.39997482e-02	-1.44565915e-01	-7.23092096e-02	-7.22567050e-02	-2.62522770e-05	7.22829573e-02	1.46282705e-01	-3.13046317e-20	1.46282705e-01	-1.46282705e-01
58              	2.92822473e-01	2.19219008e-01	7.36034656e-02	-1.45615542e-01	-7.28298729e-02	-7.27856690e-02	-2.21019756e-05	7.28077710e-02	1.46411237e-01	-3.13167885e-20	1.46411237e-01	-1.46411237e-01
59              	2.89242754e-01	2.18029219e-01	7.12135341e-02	-1.46815685e-01	-7.34257595e-02	-7.33899259e-02	-1.79168025e-05	7.34078427e-02	1.44621377e-01	-3.13267983e-20	1.44621377e-01	-1.44621377e-01
60              	2.86322982e-01	2.17316769e-01	6.90062129e-02	-1.48310556e-01	-7.41689732e-02	-7.41415833e-02	-1.36949586e-05	7.41552782e-02	1.43161491e-01	-3.13324480e-20	1.43161491e-01	-1.43161491e-01
61              	2.84493301e-01	2.16900760e-01	6.75925413e-02	-1.49308219e-01	-7.46635386e-02	-7.46446802e-02	-9.42921530e-06	7.46541094e-02	1.42246651e-01	-3.13408412e-20	1.42246651e-01	-1.42246651e-01
62              	2.85042537e-01	2.17445376e-01	6.75971604e-02	-1.49848216e-01	-7.49292296e-02	-7.49189865e-02	-5.12158351e-06	7.49241080e-02	1.42521268e-01	-3.13498938e-20	1.42521268e-01	-1.42521268e-01
63              	2.85857073e-01	2.17917727e-01	6.79393463e-02	-1.49978381e-01	-7.49899651e-02	-7.49884157e-02	-7.74708041e-07	7.49891904e-02	1.42928537e-01	-3.13572526e-20	1.42928537e-01	-1.42928537e-01
64              	2.76870165e-01	2.12611581e-01	6.42585838e-02	-1.48352998e-01	-7.41728866e-02	-7.41801111e-02	3.61224977e-06	7.41764989e-02	1.38435083e-01	-3.13700853e-20	1.38435083e-01	-1.38435083e-01
65              	2.73316556e-01	2.10603212e-01	6.27133436e-02	-1.47889868e-01	-7.39368987e-02	-7.39529698e-02	8.03556261e-06	7.39449342e-02	1.36658278e-01	-3.13786397e-20	1.36658278e-01	-1.36658278e-01
66              	2.75954112e-01	2.12558490e-01	6.33956219e-02	-1.49162868e-01	-7.45689268e-02	-7.45939414e-02	1.25072686e-05	7.45814341e-02	1.37977056e-01	-3.13824687e-20	1.37977056e-01	-1.37977056e-01
67              	2.75484536e-01	2.12527530e-01	6.29570060e-02	-1.49570524e-01	-7.47682340e-02	-7.48022896e-02	1.70278172e-05	7.47852618e-02	1.37742268e-01	-3.13882711e-20	1.37742268e-01	-1.37742268e-01
68              	2.72777125e-01	2.10705138e-01	6.20719871e-02	-1.48633151e-01	-7.42949810e-02	-7.43381699e-02	2.15944137e-05	7.43165754e-02	1.36388563e-01	-3.13950594e-20	1.36388563e-01	-1.36388563e-01
69              	2.68570165e-01	2.08117550e-01	6.04526155e-02	-1.47664934e-01	-7.38062637e-02	-7.38586707e-02	2.62034759e-05	7.38324672e-02	1.34285083e-01	-3.14034002e-20	1.34285083e-01	-1.34285083e-01
70              	2.70693838e-01	2.09417212e-01	6.12766253e-02	-1.48140587e-01	-7.40394365e-02	-7.41011506e-02	3.08570313e-05	7.40702936e-02	1.35346919e-01	-3.14046291e-20	1.35346919e-01	-1.35346919e-01
71              	2.73151490e-01	2.11006914e-01	6.21445763e-02	-1.48862338e-01	-7.43955968e-02	-7.44667408e-02	3.55719978e-05	7.44311688e-02	1.36575745e-01	-3.14043871e-20	1.36575745e-01	-1.36575745e-01
72              	2.72013854e-01	2.10114072e-01	6.18997818e-02	-1.48214291e-01	-7.40668038e-02	-7.41474868e-02	4.03414724e-05	7.41071453e-02	1.36006927e-01	-3.14101623e-20	1.36006927e-01	-1.36006927e-01
73              	2.73258373e-01	2.10351903e-01	6.29064696e-02	-1.47445434e-01	-7.36775588e-02	-7.37678748e-02	4.51579956e-05	7.37227168e-02	1.36629186e-01	-3.14144264e-20	1.36629186e-01	-1.36629186e-01
74              	2.67699460e-01	2.06673473e-01	6.10259869e-02	-1.45647486e-01	-7.27737221e-02	-7.28737636e-02	5.00207433e-05	7.28237429e-02	1.33849730e-01	-3.14219181e-20	1.33849730e-01	-1.33849730e-01
75              	2.68693410e-01	2.07249362e-01	6.14440478e-02	-1.45805315e-01	-7.28477254e-02	-7.29575893e-02	5.49319620e-05	7.29026573e-02	1.34346705e-01	-3.14228679e-20	1.34346705e-01	-1.34346705e-01
76              	2.67960910e-01	2.06706621e-01	6.12542897e-02	-1.45452331e-01	-7.26662626e-02	-7.27860683e-02	5.99028429e-05	7.27261655e-02	1.33980455e-01	-3.14270003e-20	1.33980455e-01	-1.33980455e-01
77              	2.67918120e-01	2.06283272e-01	6.16348479e-02	-1.44648424e-01	-7.22592879e-02	-7.23891366e-02	6.49243538e-05	7.23242122e-02	1.33959060e-01	-3.14312689e-20	1.33959060e-01	-1.33959060e-01
78              	2.65574240e-01	2.04509230e-01	6.10650100e-02	-1.43444220e-01	-7.16521150e-02	-7.17921049e-02	6.99949108e-05	7.17221100e-02	1.32787120e-01	-3.14362193e-20	1.32787120e-01	-1.32787120e-01
79              	2.64543543e-01	2.03580417e-01	6.09631268e-02	-1.42617290e-01	-7.12335298e-02	-7.13837600e-02	7.51151111e-05	7.13086449e-02	1.32271772e-01	-3.14394600e-20	1.32271772e-01	-1.32271772e-01
80              	2.66470075e-01	2.04398559e-01	6.20715155e-02	-1.42327044e-01	-7.10832346e-02	-7.12438093e-02	8.02873539e-05	7.11635219e-02	1.33235037e-01	-3.14404753e-20	1.33235037e-01	-1.33235037e-01
81              	2.67977587e-01	2.04721628e-01	6.32559584e-02	-1.41465670e-01	-7.06473206e-02	-7.08183491e-02	8.55142430e-05	7.07328348e-02	1.33988793e-01	-3.14411853e-20	1.33988793e-01	-1.33988793e-01
82              	2.66094692e-01	2.03325325e-01	6.27693669e-02	-1.40555958e-01	-7.01871841e-02	-7.03687738e-02	9.07948838e-05	7.02779789e-02	1.33047346e-01	-3.14448778e-20	1.33047346e-01	-1.33047346e-01
83              	2.64695052e-01	2.02220697e-01	6.24743558e-02	-1.39746341e-01	-6.97770457e-02	-6.99692951e-02	9.61247262e-05	6.98731704e-02	1.32347526e-01	-3.14490921e-20	1.32347526e-01	-1.32347526e-01
84              	2.66967140e-01	2.02882582e-01	6.40845578e-02	-1.38798024e-01	-6.92975093e-02	-6.95005151e-02	1.01502926e-04	6.93990122e-02	1.33483570e-01	-3.14497849e-20	1.33483570e-01	-1.33483570e-01
85              	2.69105104e-01	2.03452579e-01	6.56525250e-02	-1.37800054e-01	-6.87930906e-02	-6.90069636e-02	1.06936499e-04	6.89000271e-02	1.34552552e-01	-3.14551016e-20	1.34552552e-01	-1.34552552e-01
86              	2.69164463e-01	2.02581475e-01	6.65829887e-02	-1.35998486e-01	-6.78868103e-02	-6.81116755e-02	1.12432595e-04	6.79992429e-02	1.34582232e-01	-3.14571738e-20	1.34582232e-01	-1.34582232e-01
87              	2.73525499e-01	2.04431513e-01	6.90939859e-02	-1.35337527e-01	-6.75507721e-02	-6.77867553e-02	1.17991621e-04	6.76687637e-02	1.36762750e-01	-3.14474136e-20	1.36762750e-01	-1.36762750e-01
88              	2.74510346e-01	2.05057883e-01	6.94524636e-02	-1.35605419e-01	-6.76791057e-02	-6.79263134e-02	1.23603845e-04	6.78027095e-02	1.37255173e-01	-3.14401668e-20	1.37255173e-01	-1.37255173e-01
89              	2.76920990e-01	2.06488710e-01	7.04322795e-02	-1.36056431e-01	-6.78989466e-02	-6.81574844e-02	1.29268894e-04	6.80282155e-02	1.38460495e-01	-3.14178155e-20	1.38460495e-01	-1.38460495e-01
90              	2.75260318e-01	2.05552941e-01	6.97073765e-02	-1.35845565e-01	-6.77878049e-02	-6.80577599e-02	1.34977485e-04	6.79227824e-02	1.37630159e-01	-3.13946326e-20	1.37630159e-01	-1.37630159e-01
91              	2.78391200e-01	2.06561507e-01	7.18296922e-02	-1.34731815e-01	-6.72251532e-02	-6.75066622e-02	1.40754507e-04	6.73659077e-02	1.39195600e-01	-3.13782969e-20	1.39195600e-01	-1.39195600e-01
92              	2.79744166e-01	2.06971359e-01	7.27728072e-02	-1.34198552e-01	-6.69526908e-02	-6.72458611e-02	1.46585155e-04	6.70992760e-02	1.39872083e-01	-3.13651354e-20	1.39872083e-01	-1.39872083e-01
93              	2.82001304e-01	2.07717032e-01	7.42842723e-02	-1.33432760e-01	-6.65638991e-02	-6.68688607e-02	1.52480800e-04	6.67163799e-02	1.41000652e-01	-3.13506084e-20	1.41000652e-01	-1.41000652e-01
94              	2.81536242e-01	2.07407479e-01	7.41287636e-02	-1.33278715e-01	-6.64809209e-02	-6.67977942e-02	1.58436652e-04	6.66393576e-02	1.40768121e-01	-3.13403939e-20	1.40768121e-01	-1.40768121e-01
95              	2.85368571e-01	2.07095436e-01	7.82731347e-02	-1.28822302e-01	-6.42467004e-02	-6.45756012e-02	1.64450411e-04	6.44111508e-02	1.42684286e-01	-3.13339855e-20	1.42684286e-01	-1.42684286e-01
96              	2.90438507e-01	2.09716181e-01	8.07223262e-02	-1.28993854e-01	-6.43264188e-02	-6.46674355e-02	1.70508355e-04	6.44969272e-02	1.45219253e-01	-3.13219995e-20	1.45219253e-01	-1.45219253e-01
97              	2.86206955e-01	2.07012807e-01	7.91941471e-02	-1.27818660e-01	-6.37327173e-02	-6.40859430e-02	1.76612874e-04	6.39093301e-02	1.43103477e-01	-3.13113993e-20	1.43103477e-01	-1.43103477e-01
98              	2.86305628e-01	2.06630827e-01	7.96748009e-02	-1.26956026e-01	-6.32952519e-02	-6.36607744e-02	1.82761291e-04	6.34780132e-02	1.43152814e-01	-3.12931095e-20	1.43152814e-01	-1.43152814e-01
99              	2.81119034e-01	2.03116688e-01	7.80023456e-02	-1.25114343e-01	-6.23682227e-02	-6.27461198e-02	1.88948552e-04	6.25571713e-02	1.40559517e-01	-3.12810730e-20	1.40559517e-01	-1.40559517e-01
100             	2.80023286e-01	2.01644637e-01	7.83786496e-02	-1.23265987e-01	-6.14378134e-02	-6.18281739e-02	1.95180247e-04	6.16329936e-02	1.40011643e-01	-3.12665617e-20	1.40011643e-01	-1.40011643e-01
101             	2.76165111e-01	1.96944076e-01	7.92210342e-02	-1.17723042e-01	-5.86600673e-02	-5.90629748e-02	2.01453750e-04	5.88615211e-02	1.38082555e-01	-3.12570959e-20	1.38082555e-01	-1.38082555e-01
102             	2.73147457e-01	1.93115181e-01	8.00322761e-02	-1.13082905e-01	-5.63336860e-02	-5.67492188e-02	2.07766405e-04	5.65414524e-02	1.36573729e-01	-3.12501701e-20	1.36573729e-01	-1.36573729e-01
103             	2.69069179e-01	1.87093118e-01	8.19760608e-02	-1.05117057e-01	-5.23444332e-02	-5.27726239e-02	2.14095331e-04	5.25585285e-02	1.34534589e-01	-3.12408278e-20	1.34534589e-01	-1.34534589e-01
104             	2.75302147e-01	1.90998793e-01	8.43033539e-02	-1.06695439e-01	-5.31272594e-02	-5.35681795e-02	2.20460045e-04	5.33477195e-02	1.37651073e-01	-3.12162727e-20	1.37651073e-01	-1.37651073e-01
105             	2.79182677e-01	1.93927565e-01	8.52551119e-02	-1.08672453e-01	-5.41093436e-02	-5.45631098e-02	2.26883088e-04	5.43362267e-02	1.39591339e-01	-3.11889654e-20	1.39591339e-01	-1.39591339e-01
106             	2.81544882e-01	1.95465489e-01	8.60793930e-02	-1.09386096e-01	-5.44596877e-02	-5.49264086e-02	2.33360439e-04	5.46930481e-02	1.40772441e-01	-3.11671187e-20	1.40772441e-01	-1.40772441e-01
107             	2.78858418e-01	1.93482633e-01	8.53757852e-02	-1.08106848e-01	-5.38135473e-02	-5.42933005e-02	2.39876589e-04	5.40534239e-02	1.39429209e-01	-3.11576694e-20	1.39429209e-01	-1.39429209e-01
108             	2.78669492e-01	1.92086699e-01	8.65827933e-02	-1.05503906e-01	-5.25055225e-02	-5.29983834e-02	2.46430424e-04	5.27519529e-02	1.39334746e-01	-3.11378954e-20	1.39334746e-01	-1.39334746e-01
109             	2.80726982e-01	1.92391300e-01	8.83356817e-02	-1.04055618e-01	-5.17747932e-02	-5.22808249e-02	2.53015870e-04	5.20278090e-02	1.40363491e-01	-3.11195303e-20	1.40363491e-01	-1.40363491e-01
110             	2.81942233e-01	1.92711882e-01	8.92303509e-02	-1.03481531e-01	-5.14811240e-02	-5.20004074e-02	2.59641673e-04	5.17407657e-02	1.40971117e-01	-3.11050496e-20	1.40971117e-01	-1.40971117e-01
111             	2.84780179e-01	1.91729114e-01	9.30510658e-02	-9.86780477e-02	-4.90727206e-02	-4.96053271e-02	2.66303277e-04	4.93390239e-02	1.42390090e-01	-3.10847547e-20	1.42390090e-01	-1.42390090e-01
112             	2.92644695e-01	1.94016823e-01	9.86278726e-02	-9.53889501e-02	-4.74214911e-02	-4.79674589e-02	2.72983918e-04	4.76944750e-02	1.46322348e-01	-3.10649391e-20	1.46322348e-01	-1.46322348e-01
113             	2.91806517e-01	1.93081803e-01	9.87247138e-02	-9.43570894e-02	-4.68988603e-02	-4.74582291e-02	2.79684442e-04	4.71785447e-02	1.45903259e-01	-3.10534749e-20	1.45903259e-01	-1.45903259e-01
114             	2.92925660e-01	1.90948593e-01	1.01977067e-01	-8.89715266e-02	-4.41993547e-02	-4.47721719e-02	2.86408583e-04	4.44857633e-02	1.46462830e-01	-3.10403755e-20	1.46462830e-01	-1.46462830e-01
115             	2.90906219e-01	1.88958478e-01	1.01947741e-01	-8.70107363e-02	-4.32122294e-02	-4.37985069e-02	2.93138780e-04	4.35053681e-02	1.45453110e-01	-3.10316991e-20	1.45453110e-01	-1.45453110e-01
116             	2.90118481e-01	1.85199203e-01	1.04919278e-01	-8.02799244e-02	-3.98400870e-02	-4.04398374e-02	2.99875223e-04	4.01399622e-02	1.45059241e-01	-3.10255917e-20	1.45059241e-01	-1.45059241e-01
117             	2.88046107e-01	1.83706336e-01	1.04339771e-01	-7.93665646e-02	-3.93766650e-02	-3.99898997e-02	3.06617335e-04	3.96832823e-02	1.44023053e-01	-3.10220746e-20	1.44023053e-01	-1.44023053e-01
118             	2.88358931e-01	1.83529645e-01	1.04829287e-01	-7.87003579e-02	-3.90367974e-02	-3.96635604e-02	3.13381489e-04	3.93501789e-02	1.44179466e-01	-3.10194910e-20	1.44179466e-01	-1.44179466e-01
119             	2.86694447e-01	1.81068283e-01	1.05626163e-01	-7.54421199e-02	-3.74009052e-02	-3.80412147e-02	3.20154765e-04	3.77210600e-02	1.43347223e-01	-3.10166369e-20	1.43347223e-01	-1.43347223e-01
120             	2.81753088e-01	1.77248681e-01	1.04504407e-01	-7.27442745e-02	-3.60452149e-02	-3.66990596e-02	3.26922357e-04	3.63721373e-02	1.40876544e-01	-3.10190912e-20	1.40876544e-01	-1.40876544e-01
121             	2.79567438e-01	1.75653338e-01	1.03914100e-01	-7.17392381e-02	-3.55359225e-02	-3.62033155e-02	3.33696494e-04	3.58696190e-02	1.39783719e-01	-3.10229753e-20	1.39783719e-01	-1.39783719e-01
122             	2.79465502e-01	1.73808492e-01	1.05657010e-01	-6.81514824e-02	-3.37352775e-02	-3.44162049e-02	3.40463691e-04	3.40757412e-02	1.39732751e-01	-3.10236179e-20	1.39732751e-01	-1.39732751e-01
123             	2.79977626e-01	1.73749867e-01	1.06227759e-01	-6.75221073e-02	-3.34138264e-02	-3.41082810e-02	3.47227300e-04	3.37610537e-02	1.39988813e-01	-3.10269668e-20	1.39988813e-01	-1.39988813e-01
124             	2.86100932e-01	1.73888684e-01	1.12212247e-01	-6.16764372e-02	-3.04842264e-02	-3.11922108e-02	3.53992191e-04	3.08382186e-02	1.43050466e-01	-3.10175005e-20	1.43050466e-01	-1.43050466e-01
125             	2.86226929e-01	1.73425878e-01	1.12801051e-01	-6.06248261e-02	-2.99516742e-02	-3.06731519e-02	3.60738823e-04	3.03124131e-02	1.43113465e-01	-3.10202821e-20	1.43113465e-01	-1.43113465e-01
126             	2.83714329e-01	1.71425125e-01	1.12289203e-01	-5.91359219e-02	-2.92004849e-02	-2.99354371e-02	3.67476101e-04	2.95679610e-02	1.41857164e-01	-3.10268738e-20	1.41857164e-01	-1.41857164e-01
127             	2.89753221e-01	1.73120293e-01	1.16632928e-01	-5.64873652e-02	-2.78694761e-02	-2.86178890e-02	3.74206429e-04	2.82436826e-02	1.44876611e-01	-3.10234545e-20	1.44876611e-01	-1.44876611e-01
128             	2.94486302e-01	1.74916160e-01	1.19570142e-01	-5.53460180e-02	-2.72920749e-02	-2.80539431e-02	3.80934087e-04	2.76730090e-02	1.47243151e-01	-3.10227398e-20	1.47243151e-01	-1.47243151e-01
129             	2.93293256e-01	1.73780230e-01	1.19513026e-01	-5.42672040e-02	-2.67459511e-02	-2.75212529e-02	3.87650884e-04	2.71336020e-02	1.46646628e-01	-3.10263489e-20	1.46646628e-01	-1.46646628e-01
130             	2.96759046e-01	1.74876824e-01	1.21882221e-01	-5.29946028e-02	-2.61029407e-02	-2.68916621e-02	3.94360686e-04	2.64973014e-02	1.48379523e-01	-3.10269223e-20	1.48379523e-01	-1.48379523e-01
131             	2.98877146e-01	1.72595430e-01	1.26281717e-01	-4.63137129e-02	-2.27558084e-02	-2.35579045e-02	4.01048048e-04	2.31568565e-02	1.49438573e-01	-3.10264443e-20	1.49438573e-01	-1.49438573e-01
132             	3.00171014e-01	1.72929818e-01	1.27241196e-01	-4.56886215e-02	-2.24365830e-02	-2.32520385e-02	4.07727715e-04	2.28443107e-02	1.50085507e-01	-3.10308634e-20	1.50085507e-01	-1.50085507e-01
133             	2.99073994e-01	1.72070221e-01	1.27003773e-01	-4.50664489e-02	-2.21188422e-02	-2.29476067e-02	4.14382262e-04	2.25332244e-02	1.49536997e-01	-3.10352598e-20	1.49536997e-01	-1.49536997e-01
134             	2.98180569e-01	1.71097611e-01	1.27082958e-01	-4.40146535e-02	-2.15863119e-02	-2.24283416e-02	4.21014819e-04	2.20073268e-02	1.49090285e-01	-3.10367475e-20	1.49090285e-01	-1.49090285e-01
135             	2.97791979e-01	1.69999499e-01	1.27792481e-01	-4.22070181e-02	-2.06759036e-02	-2.15311145e-02	4.27605439e-04	2.11035090e-02	1.48895990e-01	-3.10366878e-20	1.48895990e-01	-1.48895990e-01
136             	2.95734916e-01	1.68528477e-01	1.27206439e-01	-4.13220386e-02	-2.02268439e-02	-2.10951947e-02	4.34175425e-04	2.06610193e-02	1.47867458e-01	-3.10401842e-20	1.47867458e-01	-1.47867458e-01
137             	2.99246154e-01	1.69876924e-01	1.29369230e-01	-4.05076943e-02	-1.98131293e-02	-2.06945650e-02	4.40717826e-04	2.02538472e-02	1.49623077e-01	-3.10390044e-20	1.49623077e-01	-1.49623077e-01
138             	2.95761937e-01	1.67694696e-01	1.28067240e-01	-3.96274561e-02	-1.93664912e-02	-2.02609649e-02	4.47236879e-04	1.98137280e-02	1.47880968e-01	-3.10414477e-20	1.47880968e-01	-1.47880968e-01
139             	3.03209040e-01	1.71156636e-01	1.32052404e-01	-3.91042326e-02	-1.90983893e-02	-2.00058432e-02	4.53726949e-04	1.95521163e-02	1.51604520e-01	-3.10349362e-20	1.51604520e-01	-1.51604520e-01
140             	3.04734704e-01	1.71106726e-01	1.33627978e-01	-3.74787483e-02	-1.82791783e-02	-1.91995700e-02	4.60195858e-04	1.87393741e-02	1.52367352e-01	-3.10321525e-20	1.52367352e-01	-1.52367352e-01
141             	3.05087224e-01	1.70639700e-01	1.34447523e-01	-3.61921770e-02	-1.76294622e-02	-1.85627147e-02	4.66626248e-04	1.80960885e-02	1.52543612e-01	-3.10281692e-20	1.52543612e-01	-1.52543612e-01
142             	3.08346698e-01	1.72096621e-01	1.36250077e-01	-3.58465447e-02	-1.74502510e-02	-1.83962938e-02	4.73021394e-04	1.79232724e-02	1.54173349e-01	-3.10196133e-20	1.54173349e-01	-1.54173349e-01
143             	3.07533003e-01	1.71496092e-01	1.36036912e-01	-3.54591800e-02	-1.72502182e-02	-1.82089619e-02	4.79371857e-04	1.77295900e-02	1.53766502e-01	-3.10135612e-20	1.53766502e-01	-1.53766502e-01
144             	3.05944259e-01	1.70379773e-01	1.35564486e-01	-3.48152866e-02	-1.69219694e-02	-1.78933171e-02	4.85673844e-04	1.74076433e-02	1.52972129e-01	-3.10082679e-20	1.52972129e-01	-1.52972129e-01
145             	3.04058363e-01	1.68792850e-01	1.35265513e-01	-3.35273371e-02	-1.62717513e-02	-1.72555858e-02	4.91917218e-04	1.67636686e-02	1.52029182e-01	-3.10027608e-20	1.52029182e-01	-1.52029182e-01
146             	3.06248096e-01	1.69398461e-01	1.36849635e-01	-3.25488256e-02	-1.57763042e-02	-1.67725214e-02	4.98108594e-04	1.62744128e-02	1.53124048e-01	-3.09942041e-20	1.53124048e-01	-1.53124048e-01
147             	3.09185487e-01	1.70598407e-01	1.38587080e-01	-3.20113266e-02	-1.55014170e-02	-1.65099096e-02	5.04246319e-04	1.60056633e-02	1.54592743e-01	-3.09843405e-20	1.54592743e-01	-1.54592743e-01
148             	3.09953242e-01	1.70366322e-01	1.39586920e-01	-3.07794012e-02	-1.48793845e-02	-1.59000168e-02	5.10316151e-04	1.53897006e-02	1.54976621e-01	-3.09747754e-20	1.54976621e-01	-1.54976621e-01
149             	3.12581626e-01	1.71049618e-01	1.41532008e-01	-2.95176102e-02	-1.42424992e-02	-1.52751110e-02	5.16305871e-04	1.47588051e-02	1.56290813e-01	-3.09632316e-20	1.56290813e-01	-1.56290813e-01
150             	3.12602583e-01	1.70729074e-01	1.41873508e-01	-2.88555658e-02	-1.39055603e-02	-1.49500055e-02	5.22222588e-04	1.44277829e-02	1.56301291e-01	-3.09551210e-20	1.56301291e-01	-1.56301291e-01
151             	3.16917164e-01	1.72125557e-01	1.44791607e-01	-2.73339497e-02	-1.31389161e-02	-1.41950337e-02	5.28058796e-04	1.36669749e-02	1.58458582e-01	-3.09417580e-20	1.58458582e-01	-1.58458582e-01
152             	3.19357021e-01	1.72964446e-01	1.46392574e-01	-2.65718719e-02	-1.27521314e-02	-1.38197406e-02	5.33804608e-04	1.32859360e-02	1.59678510e-01	-3.09287018e-20	1.59678510e-01	-1.59678510e-01
153             	3.16696025e-01	1.70912661e-01	1.45783363e-01	-2.51292981e-02	-1.20251972e-02	-1.31041009e-02	5.39451871e-04	1.25646490e-02	1.58348012e-01	-3.09188500e-20	1.58348012e-01	-1.58348012e-01
154             	3.19216819e-01	1.71951903e-01	1.47264916e-01	-2.46869873e-02	-1.17985018e-02	-1.28884855e-02	5.44991827e-04	1.23434937e-02	1.59608410e-01	-3.09043529e-20	1.59608410e-01	-1.59608410e-01
155             	3.20094923e-01	1.72073869e-01	1.48021054e-01	-2.40528144e-02	-1.14759797e-02	-1.25768347e-02	5.50427471e-04	1.20264072e-02	1.60047462e-01	-3.08913497e-20	1.60047462e-01	-1.60047462e-01
156             	3.19228655e-01	1.70942837e-01	1.48285818e-01	-2.26570188e-02	-1.07727634e-02	-1.18842555e-02	5.55746040e-04	1.13285094e-02	1.59614327e-01	-3.08789640e-20	1.59614327e-01	-1.59614327e-01
157             	3.20346685e-01	1.71195801e-01	1.49150885e-01	-2.20449161e-02	-1.04615125e-02	-1.15834036e-02	5.60945518e-04	1.10224580e-02	1.60173343e-01	-3.08641623e-20	1.60173343e-01	-1.60173343e-01
158             	3.22116106e-01	1.71721175e-01	1.50394932e-01	-2.13262429e-02	-1.00971061e-02	-1.12291369e-02	5.66015389e-04	1.06631215e-02	1.61058053e-01	-3.08475834e-20	1.61058053e-01	-1.61058053e-01
159             	3.22794696e-01	1.71607103e-01	1.51187592e-01	-2.04195110e-02	-9.63880575e-03	-1.07807052e-02	5.70949732e-04	1.02097555e-02	1.61397348e-01	-3.08342568e-20	1.61397348e-01	-1.61397348e-01
160             	3.22907879e-01	1.71073947e-01	1.51833932e-01	-1.92400155e-02	-9.04426242e-03	-1.01957531e-02	5.75745337e-04	9.62000776e-03	1.61453939e-01	-3.08218891e-20	1.61453939e-01	-1.61453939e-01
161             	3.25638008e-01	1.72178645e-01	1.53459363e-01	-1.87192825e-02	-8.77924603e-03	-9.94003642e-03	5.80395194e-04	9.35964123e-03	1.62819004e-01	-3.08085882e-20	1.62819004e-01	-1.62819004e-01
162             	3.27338286e-01	1.72356374e-01	1.54981912e-01	-1.73744613e-02	-8.10233692e-03	-9.27212440e-03	5.84893739e-04	8.68723066e-03	1.63669143e-01	-3.07952051e-20	1.63669143e-01	-1.63669143e-01
163             	3.25827622e-01	1.70952745e-01	1.54874877e-01	-1.60778688e-02	-7.44968902e-03	-8.62817981e-03	5.89245393e-04	8.03893441e-03	1.62913811e-01	-3.07869825e-20	1.62913811e-01	-1.62913811e-01
164             	3.27400745e-01	1.71534643e-01	1.55866102e-01	-1.56685410e-02	-7.24084267e-03	-8.42769832e-03	5.93427824e-04	7.83427050e-03	1.63700373e-01	-3.07783704e-20	1.63700373e-01	-1.63700373e-01
165             	3.29235119e-01	1.71955273e-01	1.57279845e-01	-1.46754283e-02	-6.74026375e-03	-7.93516455e-03	5.97450404e-04	7.33771415e-03	1.64617559e-01	-3.07660933e-20	1.64617559e-01	-1.64617559e-01
166             	3.32274309e-01	1.73377879e-01	1.58896430e-01	-1.44814494e-02	-6.63940900e-03	-7.84204036e-03	6.01315679e-04	7.24072468e-03	1.66137155e-01	-3.07558480e-20	1.66137155e-01	-1.66137155e-01
167             	3.33841510e-01	1.74042691e-01	1.59798818e-01	-1.42438729e-02	-6.51691221e-03	-7.72696065e-03	6.05024220e-04	7.12193643e-03	1.66920755e-01	-3.07466149e-20	1.66920755e-01	-1.66920755e-01
168             	3.34485390e-01	1.74327446e-01	1.60157944e-01	-1.41695023e-02	-6.47618454e-03	-7.69331773e-03	6.08566596e-04	7.08475113e-03	1.67242695e-01	-3.07371848e-20	1.67242695e-01	-1.67242695e-01
169             	3.37292140e-01	1.76190862e-01	1.61101278e-01	-1.50895846e-02	-6.93284267e-03	-8.15674194e-03	6.11949635e-04	7.54479231e-03	1.68646070e-01	-3.07249325e-20	1.68646070e-01	-1.68646070e-01
170             	3.41179466e-01	1.77960157e-01	1.63219309e-01	-1.47408482e-02	-6.75524332e-03	-7.98560486e-03	6.15180771e-04	7.37042409e-03	1.70589733e-01	-3.07144171e-20	1.70589733e-01	-1.70589733e-01
171             	3.42607843e-01	1.78155259e-01	1.64452584e-01	-1.37026741e-02	-6.23308524e-03	-7.46958891e-03	6.18251837e-04	6.85133707e-03	1.71303921e-01	-3.07066959e-20	1.71303921e-01	-1.71303921e-01
172             	3.45521859e-01	1.79348347e-01	1.66173511e-01	-1.31748361e-02	-5.96625517e-03	-7.20858093e-03	6.21162881e-04	6.58741805e-03	1.72760929e-01	-3.06998678e-20	1.72760929e-01	-1.72760929e-01
173             	3.46468481e-01	1.79521624e-01	1.66946857e-01	-1.25747673e-02	-5.66347493e-03	-6.91129233e-03	6.23908702e-04	6.28738363e-03	1.73234241e-01	-3.06934746e-20	1.73234241e-01	-1.73234241e-01
174             	3.46831077e-01	1.79438092e-01	1.67392985e-01	-1.20451066e-02	-5.39605853e-03	-6.64904807e-03	6.26494771e-04	6.02255330e-03	1.73415538e-01	-3.06872901e-20	1.73415538e-01	-1.73415538e-01
175             	3.47601190e-01	1.79621519e-01	1.67979671e-01	-1.16418483e-02	-5.19200019e-03	-6.44984809e-03	6.28923948e-04	5.82092414e-03	1.73800595e-01	-3.06800131e-20	1.73800595e-01	-1.73800595e-01
176             	3.51536812e-01	1.78805472e-01	1.72731339e-01	-6.07413277e-03	-2.40585764e-03	-3.66827513e-03	6.31208746e-04	3.03706638e-03	1.75768406e-01	-3.06674079e-20	1.75768406e-01	-1.75768406e-01
177             	3.51593733e-01	1.77854238e-01	1.73739495e-01	-4.11474254e-03	-1.42400489e-03	-2.69073766e-03	6.33366385e-04	2.05737127e-03	1.75796866e-01	-3.06654110e-20	1.75796866e-01	-1.75796866e-01
178             	3.56740366e-01	1.80491391e-01	1.76248975e-01	-4.24241627e-03	-1.48582343e-03	-2.75659284e-03	6.35384703e-04	2.12120814e-03	1.78370183e-01	-3.06593927e-20	1.78370183e-01	-1.78370183e-01
179             	3.64176388e-01	1.84950299e-01	1.79226089e-01	-5.72420984e-03	-2.22482576e-03	-3.49938408e-03	6.37279161e-04	2.86210492e-03	1.82088194e-01	-3.06485310e-20	1.82088194e-01	-1.82088194e-01
180             	3.58008777e-01	1.82498710e-01	1.75510067e-01	-6.98864248e-03	-2.85527613e-03	-4.13336634e-03	6.39045104e-04	3.49432124e-03	1.79004389e-01	-3.06448163e-20	1.79004389e-01	-1.79004389e-01
181             	3.56630924e-01	1.82492511e-01	1.74138413e-01	-8.35409758e-03	-3.53636356e-03	-4.81773402e-03	6.40685232e-04	4.17704879e-03	1.78315462e-01	-3.06366496e-20	1.78315462e-01	-1.78315462e-01
182             	3.60834767e-01	1.84683481e-01	1.76151286e-01	-8.53219450e-03	-3.62389282e-03	-4.90830168e-03	6.42204428e-04	4.26609725e-03	1.80417383e-01	-3.06309102e-20	1.80417383e-01	-1.80417383e-01
183             	3.54041803e-01	1.79611399e-01	1.74430405e-01	-5.18099411e-03	-1.94688903e-03	-3.23410508e-03	6.43608022e-04	2.59049706e-03	1.77020902e-01	-3.06337227e-20	1.77020902e-01	-1.77020902e-01
184             	3.47982764e-01	1.73854905e-01	1.74127860e-01	2.72954942e-04	7.81366429e-04	-5.08411488e-04	6.44888958e-04	-1.36477471e-04	1.73991382e-01	-3.06400224e-20	1.73991382e-01	-1.73991382e-01
185             	3.47480748e-01	1.72940069e-01	1.74540679e-01	1.60061001e-03	1.44636372e-03	1.54246289e-04	6.46058714e-04	-8.00305003e-04	1.73740374e-01	-3.06406894e-20	1.73740374e-01	-1.73740374e-01
186             	3.48196240e-01	1.72765543e-01	1.75430697e-01	2.66515344e-03	1.97969574e-03	6.85457701e-04	6.47119020e-04	-1.33257672e-03	1.74098120e-01	-3.06366591e-20	1.74098120e-01	-1.74098120e-01
187             	3.51602449e-01	1.75409826e-01	1.76192624e-01	7.82798051e-04	1.03948411e-03	-2.56686058e-04	6.48085084e-04	-3.91399026e-04	1.75801225e-01	-3.06264779e-20	1.75801225e-01	-1.75801225e-01
188             	3.52485581e-01	1.75800705e-01	1.76684876e-01	8.84171232e-04	1.09106050e-03	-2.06889269e-04	6.48974885e-04	-4.42085616e-04	1.76242791e-01	-3.06227293e-20	1.76242791e-01	-1.76242791e-01
189             	3.50353067e-01	1.74158364e-01	1.76194702e-01	2.03633790e-03	1.66796355e-03	3.68374348e-04	6.49794603e-04	-1.01816895e-03	1.75176533e-01	-3.06209988e-20	1.75176533e-01	-1.75176533e-01
190             	3.52361876e-01	1.73696186e-01	1.78665689e-01	4.96950307e-03	3.13528857e-03	1.83421450e-03	6.50537036e-04	-2.48475154e-03	1.76180938e-01	-3.06168366e-20	1.76180938e-01	-1.76180938e-01
191             	3.56014537e-01	1.74413908e-01	1.81600628e-01	7.18671982e-03	4.24457995e-03	2.94213987e-03	6.51220041e-04	-3.59335991e-03	1.78007268e-01	-3.06132229e-20	1.78007268e-01	-1.78007268e-01
192             	3.57593504e-01	1.74049944e-01	1.83543560e-01	9.49361542e-03	5.39864861e-03	4.09496682e-03	6.51840896e-04	-4.74680771e-03	1.78796752e-01	-3.06105659e-20	1.78796752e-01	-1.78796752e-01
193             	3.68511358e-01	1.77534009e-01	1.90977349e-01	1.34433400e-02	7.37407539e-03	6.06926462e-03	6.52405386e-04	-6.72167000e-03	1.84255679e-01	-3.05944809e-20	1.84255679e-01	-1.84255679e-01
194             	3.70473802e-01	1.79364199e-01	1.91109602e-01	1.17454032e-02	6.52563665e-03	5.21976651e-03	6.52935071e-04	-5.87270158e-03	1.85236901e-01	-3.05899087e-20	1.85236901e-01	-1.85236901e-01
195             	3.70816190e-01	1.80027040e-01	1.90789150e-01	1.07621095e-02	6.03448324e-03	4.72762622e-03	6.53428510e-04	-5.38105473e-03	1.85408095e-01	-3.05868014e-20	1.85408095e-01	-1.85408095e-01
196             	3.64169758e-01	1.77018302e-01	1.87151456e-01	1.01331543e-02	5.72046801e-03	4.41268629e-03	6.53890861e-04	-5.06657715e-03	1.82084879e-01	-3.05864382e-20	1.82084879e-01	-1.82084879e-01
197             	3.59436304e-01	1.74122860e-01	1.85313443e-01	1.11905829e-02	6.24960580e-03	4.94097714e-03	6.54314331e-04	-5.59529147e-03	1.79718152e-01	-3.05910374e-20	1.79718152e-01	-1.79718152e-01
198             	3.57381308e-01	1.72419395e-01	1.84961914e-01	1.25425187e-02	6.92596091e-03	5.61655775e-03	6.54701578e-04	-6.27125933e-03	1.78690654e-01	-3.05973920e-20	1.78690654e-01	-1.78690654e-01
199             	3.57490817e-01	1.71733638e-01	1.85757179e-01	1.40235410e-02	7.66684095e-03	6.35670010e-03	6.55070425e-04	-7.01177052e-03	1.78745409e-01	-3.05983539e-20	1.78745409e-01	-1.78745409e-01
200             	3.59631989e-01	1.71562071e-01	1.88069918e-01	1.65078472e-02	8.90934089e-03	7.59850631e-03	6.55417292e-04	-8.25392360e-03	1.79815994e-01	-3.05966549e-20	1.79815994e-01	-1.79815994e-01
201             	3.60111186e-01	1.70702043e-01	1.89409143e-01	1.87070997e-02	1.00092954e-02	8.69780432e-03	6.55745536e-04	-9.35354986e-03	1.80055593e-01	-3.05957729e-20	1.80055593e-01	-1.80055593e-01
202             	3.58848826e-01	1.69398956e-01	1.89449870e-01	2.00509142e-02	1.06815187e-02	9.36939548e-03	6.56061595e-04	-1.00254571e-02	1.79424413e-01	-3.05964804e-20	1.79424413e-01	-1.79424413e-01
203             	3.60460787e-01	1.69933695e-01	1.90527093e-01	2.05933979e-02	1.09530643e-02	9.64033357e-03	6.56365353e-04	-1.02966989e-02	1.80230394e-01	-3.05930472e-20	1.80230394e-01	-1.80230394e-01
204             	3.66529161e-01	1.73276702e-01	1.93252459e-01	1.99757568e-02	1.06445548e-02	9.33120205e-03	6.56676355e-04	-9.98787840e-03	1.83264580e-01	-3.05854972e-20	1.83264580e-01	-1.83264580e-01
205             	3.69931931e-01	1.74854981e-01	1.95076950e-01	2.02219690e-02	1.07679808e-02	9.45398814e-03	6.56996344e-04	-1.01109845e-02	1.84965966e-01	-3.05809567e-20	1.84965966e-01	-1.84965966e-01
206             	3.72496813e-01	1.74775559e-01	1.97721253e-01	2.29456940e-02	1.21301748e-02	1.08155191e-02	6.57327859e-04	-1.14728470e-02	1.86248406e-01	-3.05745051e-20	1.86248406e-01	-1.86248406e-01
207             	3.72878056e-01	1.74674508e-01	1.98203548e-01	2.35290403e-02	1.24221997e-02	1.11068405e-02	6.57679585e-04	-1.17645201e-02	1.86439028e-01	-3.05753484e-20	1.86439028e-01	-1.86439028e-01
208             	3.73189349e-01	1.75039777e-01	1.98149572e-01	2.31097944e-02	1.22129343e-02	1.08968601e-02	6.58037112e-04	-1.15548972e-02	1.86594675e-01	-3.05742938e-20	1.86594675e-01	-1.86594675e-01
209             	3.72625989e-01	1.74739435e-01	1.97886555e-01	2.31471198e-02	1.22319704e-02	1.09151495e-02	6.58410442e-04	-1.15735599e-02	1.86312995e-01	-3.05763510e-20	1.86312995e-01	-1.86312995e-01
210             	3.74437721e-01	1.74972708e-01	1.99465012e-01	2.44923040e-02	1.29049542e-02	1.15873498e-02	6.58802174e-04	-1.22461520e-02	1.87218860e-01	-3.05739212e-20	1.87218860e-01	-1.87218860e-01
211             	3.69806496e-01	1.71642213e-01	1.98164283e-01	2.65220706e-02	1.39202471e-02	1.26018236e-02	6.59211734e-04	-1.32610353e-02	1.84903248e-01	-3.05791192e-20	1.84903248e-01	-1.84903248e-01
212             	3.73487426e-01	1.72809138e-01	2.00678288e-01	2.78691493e-02	1.45942083e-02	1.32749411e-02	6.59633594e-04	-1.39345747e-02	1.86743713e-01	-3.05793707e-20	1.86743713e-01	-1.86743713e-01
213             	3.75747819e-01	1.72699323e-01	2.03048496e-01	3.03491735e-02	1.58346743e-02	1.45144992e-02	6.60087572e-04	-1.51745868e-02	1.87873910e-01	-3.05817594e-20	1.87873910e-01	-1.87873910e-01
214             	3.74217799e-01	1.71207112e-01	2.03010687e-01	3.18035745e-02	1.65623559e-02	1.52412186e-02	6.60568645e-04	-1.59017872e-02	1.87108899e-01	-3.05845159e-20	1.87108899e-01	-1.87108899e-01
215             	3.73251610e-01	1.70425531e-01	2.02826079e-01	3.24005485e-02	1.68613453e-02	1.55392032e-02	6.61071077e-04	-1.62002742e-02	1.86625805e-01	-3.05858623e-20	1.86625805e-01	-1.86625805e-01
216             	3.74010094e-01	1.70810016e-01	2.03200079e-01	3.23900632e-02	1.68566363e-02	1.55334268e-02	6.61604753e-04	-1.61950316e-02	1.87005047e-01	-3.05860117e-20	1.87005047e-01	-1.87005047e-01
217             	3.75299215e-01	1.71340693e-01	2.03958522e-01	3.26178287e-02	1.69710834e-02	1.56467453e-02	6.62169052e-04	-1.63089144e-02	1.87649608e-01	-3.05844655e-20	1.87649608e-01	-1.87649608e-01
218             	3.79240392e-01	1.72854257e-01	2.06386135e-01	3.35318775e-02	1.74287078e-02	1.61031697e-02	6.62769065e-04	-1.67659387e-02	1.89620196e-01	-3.05808324e-20	1.89620196e-01	-1.89620196e-01
219             	3.82203828e-01	1.73397566e-01	2.08806263e-01	3.54086970e-02	1.83677565e-02	1.70409404e-02	6.63408048e-04	-1.77043485e-02	1.91101914e-01	-3.05800633e-20	1.91101914e-01	-1.91101914e-01
220             	3.82799871e-01	1.73256088e-01	2.09543783e-01	3.62876943e-02	1.88079274e-02	1.74797668e-02	6.64080298e-04	-1.81438471e-02	1.91399935e-01	-3.05816283e-20	1.91399935e-01	-1.91399935e-01
221             	3.84846314e-01	1.74003145e-01	2.10843169e-01	3.68400248e-02	1.90848005e-02	1.77552243e-02	6.64788066e-04	-1.84200124e-02	1.92423157e-01	-3.05824666e-20	1.92423157e-01	-1.92423157e-01
222             	3.87753462e-01	1.75019947e-01	2.12733514e-01	3.77135671e-02	1.95223161e-02	1.81912510e-02	6.65532508e-04	-1.88567835e-02	1.93876731e-01	-3.05816798e-20	1.93876731e-01	-1.93876731e-01
