-0.5 	0.97154256
-0.48412699 	1.0093845
-0.46825397 	0.97643892
-0.45238095 	0.97254734
-0.43650794 	0.98122827
-0.42063492 	1.0029262
-0.40476191 	0.97720118
-0.3888889 	0.96703388
-0.37301588 	0.99280806
-0.35714287 	0.99741701
-0.34126985 	0.98434497
-0.32539684 	0.98382953
-0.30952379 	0.99473141
-0.29365078 	0.99144696
-0.27777776 	0.97303807
-0.26190475 	0.96468788
-0.24603173 	0.97282499
-0.23015872 	0.98284625
-0.2142857 	0.98541778
-0.19841269 	0.98205635
-0.18253967 	0.97684463
-0.16666666 	0.97156155
-0.15079364 	0.96797534
-0.13492063 	0.96872076
-0.11904758 	0.97362441
-0.10317457 	0.98006843
-0.087301552 	0.98376307
-0.071428537 	0.98191931
-0.055555522 	0.97610249
-0.039682507 	0.97225773
-0.023809493 	0.97294052
-0.0079364777 	0.97725568
0.0079365373 	0.98174063
0.023809552 	0.98308688
0.039682567 	0.98030449
0.055555582 	0.97741337
0.071428597 	0.97870331
0.087301612 	0.98299095
0.10317463 	0.98654619
0.11904764 	0.98618309
0.13492066 	0.98408132
0.15079367 	0.98432475
0.16666669 	0.98653137
0.1825397 	0.98592407
0.19841272 	0.98159174
0.21428573 	0.97747964
0.23015875 	0.97765466
0.24603176 	0.98037174
0.26190484 	0.98089798
0.27777785 	0.97924826
0.29365087 	0.98028033
0.30952388 	0.98135325
0.3253969 	0.97720188
0.34126991 	0.97329492
0.35714292 	0.97508801
0.37301594 	0.97892867
0.38888895 	0.97949087
0.40476197 	0.98080872
0.42063499 	0.98362008
0.436508 	0.98094683
0.45238101 	0.97861296
0.46825403 	0.98089944
0.48412704 	0.97677926
0.5 	0.96168591
