-0.5 	1.0228754
-0.48412699 	1.0139591
-0.46825397 	1.0079703
-0.45238095 	1.0021581
-0.43650794 	0.99638156
-0.42063492 	0.99263955
-0.40476191 	0.99194455
-0.3888889 	0.9916024
-0.37301588 	0.99114493
-0.35714287 	0.99126837
-0.34126985 	0.99105933
-0.32539684 	0.99033816
-0.30952379 	0.98890045
-0.29365078 	0.98710142
-0.27777776 	0.98557188
-0.26190475 	0.98454655
-0.24603173 	0.98376131
-0.23015872 	0.98321303
-0.2142857 	0.98250459
-0.19841269 	0.98139198
-0.18253967 	0.97988238
-0.16666666 	0.97814392
-0.15079364 	0.9772413
-0.13492063 	0.97672
-0.11904758 	0.97641117
-0.10317457 	0.97606022
-0.087301552 	0.97602542
-0.071428537 	0.97581387
-0.055555522 	0.97530484
-0.039682507 	0.97545033
-0.023809493 	0.97663732
-0.0079364777 	0.97825057
0.0079365373 	0.97907146
0.023809552 	0.97907265
0.039682567 	0.97920631
0.055555582 	0.97990604
0.071428597 	0.98017901
0.087301612 	0.98027433
0.10317463 	0.98047478
0.11904764 	0.98175341
0.13492066 	0.98269992
0.15079367 	0.9826296
0.16666669 	0.98136152
0.1825397 	0.98005584
0.19841272 	0.98041556
0.21428573 	0.98175433
0.23015875 	0.98337615
0.24603176 	0.98391321
0.26190484 	0.98355885
0.27777785 	0.98406094
0.29365087 	0.98546853
0.30952388 	0.98667764
0.3253969 	0.98642383
0.34126991 	0.98526741
0.35714292 	0.98540476
0.37301594 	0.9870443
0.38888895 	0.9874215
0.40476197 	0.98463218
0.42063499 	0.98366642
0.436508 	0.98778365
0.45238101 	0.98565851
0.46825403 	0.97778959
0.48412704 	0.97790213
0.5 	0.97712683
