-0.5 	1.0244754
-0.48412699 	1.0187117
-0.46825397 	1.0233011
-0.45238095 	1.013323
-0.43650794 	1.0080029
-0.42063492 	1.0191615
-0.40476191 	1.0157769
-0.3888889 	1.0009647
-0.37301588 	0.99811768
-0.35714287 	1.010107
-0.34126985 	1.0179615
-0.32539684 	1.0098756
-0.30952379 	0.99430955
-0.29365078 	0.98539328
-0.27777776 	0.98896764
-0.26190475 	1.0017397
-0.24603173 	1.0154784
-0.23015872 	1.0167745
-0.2142857 	1.0065887
-0.19841269 	0.99196617
-0.18253967 	0.97744681
-0.16666666 	0.96818405
-0.15079364 	0.967463
-0.13492063 	0.97146289
-0.11904758 	0.97912087
-0.10317457 	0.98948448
-0.087301552 	0.99908056
-0.071428537 	1.0069604
-0.055555522 	1.0127104
-0.039682507 	1.0145024
-0.023809493 	1.0151449
-0.0079364777 	1.0149352
0.0079365373 	1.0140425
0.023809552 	1.012397
0.039682567 	1.0106657
0.055555582 	1.0090701
0.071428597 	1.008326
0.087301612 	1.0084604
0.10317463 	1.0092906
0.11904764 	1.0102807
0.13492066 	1.0118414
0.15079367 	1.013197
0.16666669 	1.0137159
0.1825397 	1.0106104
0.19841272 	1.0039147
0.21428573 	0.99349224
0.23015875 	0.97995911
0.24603176 	0.96613994
0.26190484 	0.96042702
0.27777785 	0.96504748
0.29365087 	0.97992156
0.30952388 	0.99854018
0.3253969 	1.0071875
0.34126991 	0.99433821
0.35714292 	0.97171028
0.37301594 	0.96759475
0.38888895 	0.98572628
0.40476197 	0.99619851
0.42063499 	0.98326737
0.436508 	0.96934466
0.45238101 	0.97623683
0.46825403 	0.9755275
0.48412704 	0.97528032
0.5 	0.9747308
