-0.5 	1.0042005
-0.48412699 	0.99531522
-0.46825397 	0.99064316
-0.45238095 	0.98684932
-0.43650794 	0.98375209
-0.42063492 	0.9811707
-0.40476191 	0.97885407
-0.3888889 	0.97656504
-0.37301588 	0.97453019
-0.35714287 	0.97258641
-0.34126985 	0.97068705
-0.32539684 	0.968966
-0.30952379 	0.96722123
-0.29365078 	0.96561455
-0.27777776 	0.96401427
-0.26190475 	0.96246566
-0.24603173 	0.96099186
-0.23015872 	0.95957753
-0.2142857 	0.95826519
-0.19841269 	0.95707698
-0.18253967 	0.95603333
-0.16666666 	0.95514695
-0.15079364 	0.95441762
-0.13492063 	0.95386981
-0.11904758 	0.95349687
-0.10317457 	0.95326467
-0.087301552 	0.95321899
-0.071428537 	0.95334632
-0.055555522 	0.95365654
-0.039682507 	0.95417015
-0.023809493 	0.95478587
-0.0079364777 	0.95562085
0.0079365373 	0.95660813
0.023809552 	0.95787371
0.039682567 	0.9592802
0.055555582 	0.96093576
0.071428597 	0.96308065
0.087301612 	0.96536209
0.10317463 	0.96764687
0.11904764 	0.96969293
0.13492066 	0.97122177
0.15079367 	0.97251039
0.16666669 	0.97401803
0.1825397 	0.97516719
0.19841272 	0.97615358
0.21428573 	0.97739559
0.23015875 	0.97875357
0.24603176 	0.98005673
0.26190484 	0.98152339
0.27777785 	0.98311325
0.29365087 	0.9844967
0.30952388 	0.98512299
0.3253969 	0.98492055
0.34126991 	0.98508343
0.35714292 	0.98810024
0.37301594 	0.99337949
0.38888895 	0.99576576
0.40476197 	0.99794957
0.42063499 	1.0002027
0.436508 	0.99922161
0.45238101 	0.98745907
0.46825403 	0.97808721
0.48412704 	0.9859414
0.5 	1.0128637
