-0.5 	0.99933827
-0.48412699 	1.0147924
-0.46825397 	1.0163201
-0.45238095 	1.0098891
-0.43650794 	1.0033756
-0.42063492 	1.0006741
-0.40476191 	0.99985579
-0.3888889 	0.99843513
-0.37301588 	0.99676278
-0.35714287 	0.99606608
-0.34126985 	0.99649143
-0.32539684 	0.9970395
-0.30952379 	0.99714831
-0.29365078 	0.9964409
-0.27777776 	0.99485861
-0.26190475 	0.99277721
-0.24603173 	0.99088756
-0.23015872 	0.99073942
-0.2142857 	0.99126962
-0.19841269 	0.99176479
-0.18253967 	0.99202725
-0.16666666 	0.9920996
-0.15079364 	0.99163832
-0.13492063 	0.99121451
-0.11904758 	0.99111262
-0.10317457 	0.99203851
-0.087301552 	0.99327528
-0.071428537 	0.99442813
-0.055555522 	0.99537559
-0.039682507 	0.99575267
-0.023809493 	0.99556129
-0.0079364777 	0.99502461
0.0079365373 	0.99448839
0.023809552 	0.99443186
0.039682567 	0.99462474
0.055555582 	0.99502105
0.071428597 	0.99549673
0.087301612 	0.99581519
0.10317463 	0.99604508
0.11904764 	0.99637956
0.13492066 	0.99676645
0.15079367 	0.99701338
0.16666669 	0.99708805
0.1825397 	0.99737395
0.19841272 	0.99752151
0.21428573 	0.99722885
0.23015875 	0.99655783
0.24603176 	0.99618767
0.26190484 	0.99610768
0.27777785 	0.99573229
0.29365087 	0.99554395
0.30952388 	0.99592063
0.3253969 	0.99678607
0.34126991 	0.9975374
0.35714292 	0.99755223
0.37301594 	0.99671685
0.38888895 	0.99617153
0.40476197 	0.99679453
0.42063499 	0.99641272
0.436508 	0.99345031
0.45238101 	0.99346657
0.46825403 	0.99294111
0.48412704 	0.98825414
0.5 	0.9869094
