-0.5 	1.0591851
-0.48412699 	1.0334811
-0.46825397 	1.0152764
-0.45238095 	1.0521401
-0.43650794 	0.99936698
-0.42063492 	1.0201966
-0.40476191 	1.0335657
-0.3888889 	1.0099275
-0.37301588 	0.99493445
-0.35714287 	1.0009446
-0.34126985 	1.0087821
-0.32539684 	1.0058599
-0.30952379 	0.99503716
-0.29365078 	0.98988228
-0.27777776 	0.99355629
-0.26190475 	0.99752076
-0.24603173 	0.99599332
-0.23015872 	0.98879909
-0.2142857 	0.97983019
-0.19841269 	0.97516189
-0.18253967 	0.97843941
-0.16666666 	0.98335321
-0.15079364 	0.98632848
-0.13492063 	0.98957431
-0.11904758 	0.9924609
-0.10317457 	0.99221665
-0.087301552 	0.9882035
-0.071428537 	0.98350573
-0.055555522 	0.98259255
-0.039682507 	0.98968398
-0.023809493 	1.0004303
-0.0079364777 	1.0064154
0.0079365373 	1.0034195
0.023809552 	0.9965353
0.039682567 	0.99555241
0.055555582 	1.0009034
0.071428597 	1.0062165
0.087301612 	1.0087803
0.10317463 	1.0083286
0.11904764 	1.0046281
0.13492066 	1.0034576
0.15079367 	1.0096889
0.16666669 	1.0196394
0.1825397 	1.0262697
0.19841272 	1.025767
0.21428573 	1.0239864
0.23015875 	1.0281747
0.24603176 	1.0328828
0.26190484 	1.0329081
0.27777785 	1.0310198
0.29365087 	1.0310951
0.30952388 	1.0253033
0.3253969 	1.0256522
0.34126991 	1.0326146
0.35714292 	1.0393221
0.37301594 	1.0294896
0.38888895 	1.0248829
0.40476197 	1.0201582
0.42063499 	1.0085091
0.436508 	1.0106615
0.45238101 	1.0087766
0.46825403 	0.99005923
0.48412704 	1.0172069
0.5 	1.0786798
