-0.5 	1.016489
-0.48412699 	1.0029785
-0.46825397 	1.0074961
-0.45238095 	0.99667398
-0.43650794 	1.0091804
-0.42063492 	1.0207793
-0.40476191 	0.99975428
-0.3888889 	0.98464815
-0.37301588 	1.003534
-0.35714287 	1.0304297
-0.34126985 	1.0240789
-0.32539684 	0.98675999
-0.30952379 	0.9584154
-0.29365078 	0.96614822
-0.27777776 	1.0076002
-0.26190475 	1.0592761
-0.24603173 	1.0892435
-0.23015872 	1.0529055
-0.2142857 	0.98775402
-0.19841269 	0.92858962
-0.18253967 	0.89016437
-0.16666666 	0.88281458
-0.15079364 	0.90836269
-0.13492063 	0.95364293
-0.11904758 	1.0129105
-0.10317457 	1.0771604
-0.087301552 	1.1250377
-0.071428537 	1.1567278
-0.055555522 	1.1710463
-0.039682507 	1.1628991
-0.023809493 	1.1496098
-0.0079364777 	1.1329636
0.0079365373 	1.1151112
0.023809552 	1.1017291
0.039682567 	1.0933937
0.055555582 	1.091152
0.071428597 	1.0991292
0.087301612 	1.1144541
0.10317463 	1.1370581
0.11904764 	1.1677343
0.13492066 	1.1943026
0.15079367 	1.2076561
0.16666669 	1.1967627
0.1825397 	1.1071479
0.19841272 	0.97935136
0.21428573 	0.87464929
0.23015875 	0.83025491
0.24603176 	0.87231539
0.26190484 	0.98297851
0.27777785 	1.0856975
0.29365087 	1.1222679
0.30952388 	1.0736937
0.3253969 	0.98452174
0.34126991 	0.93805737
0.35714292 	0.96259959
0.37301594 	1.0113083
0.38888895 	1.0232982
0.40476197 	1.0010084
0.42063499 	1.0044924
0.436508 	1.0244214
0.45238101 	0.99917209
0.46825403 	0.96926694
0.48412704 	0.99464229
0.5 	0.99106037
