-0.5 	1.0169499
-0.48412699 	1.0033631
-0.46825397 	1.0018021
-0.45238095 	0.99846296
-0.43650794 	0.98710105
-0.42063492 	1.0045474
-0.40476191 	1.0163986
-0.3888889 	0.997905
-0.37301588 	0.98055854
-0.35714287 	0.99505734
-0.34126985 	1.0251676
-0.32539684 	1.0310592
-0.30952379 	1.0013017
-0.29365078 	0.96180646
-0.27777776 	0.94253667
-0.26190475 	0.9575252
-0.24603173 	1.0036706
-0.23015872 	1.0564415
-0.2142857 	1.0725143
-0.19841269 	1.0496666
-0.18253967 	0.99757152
-0.16666666 	0.93659526
-0.15079364 	0.89859137
-0.13492063 	0.87987008
-0.11904758 	0.87917913
-0.10317457 	0.89873077
-0.087301552 	0.93456049
-0.071428537 	0.97774666
-0.055555522 	1.0262172
-0.039682507 	1.0682449
-0.023809493 	1.1007455
-0.0079364777 	1.1251186
0.0079365373 	1.1394404
0.023809552 	1.1474502
0.039682567 	1.1530694
0.055555582 	1.1571142
0.071428597 	1.1611573
0.087301612 	1.1638847
0.10317463 	1.164185
0.11904764 	1.1574708
0.13492066 	1.1391131
0.15079367 	1.1090861
0.16666669 	1.065602
0.1825397 	1.005645
0.19841272 	0.93788262
0.21428573 	0.8742846
0.23015875 	0.83706366
0.24603176 	0.87759964
0.26190484 	1.0174614
0.27777785 	1.1176856
0.29365087 	1.1127703
0.30952388 	1.0159511
0.3253969 	0.91827231
0.34126991 	0.90800772
0.35714292 	0.97153074
0.37301594 	1.0240266
0.38888895 	1.0137614
0.40476197 	0.9782666
0.42063499 	0.97923194
0.436508 	1.0042962
0.45238101 	0.98364644
0.46825403 	0.96727347
0.48412704 	1.0022143
0.5 	0.98946008
