-0.5 	1.0140872
-0.48412699 	1.0025735
-0.46825397 	0.99854667
-0.45238095 	1.001862
-0.43650794 	1.0042617
-0.42063492 	1.0020861
-0.40476191 	0.99948729
-0.3888889 	0.99842932
-0.37301588 	0.9975132
-0.35714287 	0.99534539
-0.34126985 	0.99299468
-0.32539684 	0.99144179
-0.30952379 	0.99103472
-0.29365078 	0.99129377
-0.27777776 	0.99146526
-0.26190475 	0.99107259
-0.24603173 	0.99002248
-0.23015872 	0.98819321
-0.2142857 	0.9869852
-0.19841269 	0.98668832
-0.18253967 	0.98703819
-0.16666666 	0.98733174
-0.15079364 	0.98718383
-0.13492063 	0.98677392
-0.11904758 	0.98621852
-0.10317457 	0.98575293
-0.087301552 	0.9860405
-0.071428537 	0.98687596
-0.055555522 	0.98821903
-0.039682507 	0.98922076
-0.023809493 	0.98930461
-0.0079364777 	0.98872406
0.0079365373 	0.98771517
0.023809552 	0.98784296
0.039682567 	0.98877027
0.055555582 	0.99052644
0.071428597 	0.99157206
0.087301612 	0.99202721
0.10317463 	0.99200949
0.11904764 	0.99176499
0.13492066 	0.99128931
0.15079367 	0.99112498
0.16666669 	0.99147103
0.1825397 	0.99217094
0.19841272 	0.99217409
0.21428573 	0.99199769
0.23015875 	0.99188937
0.24603176 	0.99194046
0.26190484 	0.99165739
0.27777785 	0.99189727
0.29365087 	0.99233343
0.30952388 	0.99229385
0.3253969 	0.99141074
0.34126991 	0.99019046
0.35714292 	0.98927762
0.37301594 	0.98942484
0.38888895 	0.99048894
0.40476197 	0.99116244
0.42063499 	0.99082628
0.436508 	0.99141523
0.45238101 	0.99657919
0.46825403 	1.0008869
0.48412704 	0.99704702
0.5 	0.98316697
