-0.5 	0.99881123
-0.48412699 	0.99356381
-0.46825397 	0.98409826
-0.45238095 	0.9889483
-0.43650794 	0.98551162
-0.42063492 	0.98754742
-0.40476191 	0.98343474
-0.3888889 	0.98143064
-0.37301588 	0.9828334
-0.35714287 	0.98078537
-0.34126985 	0.97785033
-0.32539684 	0.98197194
-0.30952379 	0.97911032
-0.29365078 	0.98008807
-0.27777776 	0.97659827
-0.26190475 	0.98070825
-0.24603173 	0.97972946
-0.23015872 	0.97902473
-0.2142857 	0.97630505
-0.19841269 	0.9717546
-0.18253967 	0.97900491
-0.16666666 	0.97630516
-0.15079364 	0.97875986
-0.13492063 	0.97772781
-0.11904758 	0.97661665
-0.10317457 	0.98114486
-0.087301552 	0.97734405
-0.071428537 	0.9783206
-0.055555522 	0.98062102
-0.039682507 	0.97931002
-0.023809493 	0.98279409
-0.0079364777 	0.97757909
0.0079365373 	0.98132081
0.023809552 	0.98117737
0.039682567 	0.98064013
0.055555582 	0.98290737
0.071428597 	0.98141666
0.087301612 	0.98262307
0.10317463 	0.98422821
0.11904764 	0.98468418
0.13492066 	0.98494503
0.15079367 	0.98606317
0.16666669 	0.98792943
0.1825397 	0.98764478
0.19841272 	0.99027971
0.21428573 	0.98942151
0.23015875 	0.99177777
0.24603176 	0.99310054
0.26190484 	0.99011387
0.27777785 	0.99155841
0.29365087 	0.99173145
0.30952388 	0.99093946
0.3253969 	0.99158832
0.34126991 	0.99279718
0.35714292 	0.9933209
0.37301594 	0.99469914
0.38888895 	0.99557956
0.40476197 	0.99741757
0.42063499 	0.9993429
0.436508 	0.99992235
0.45238101 	0.99947152
0.46825403 	0.99725157
0.48412704 	0.9936282
0.5 	0.98491837
