-0.5 	1.0102309
-0.48412699 	1.0120393
-0.46825397 	1.0027321
-0.45238095 	1.0060446
-0.43650794 	1.0050033
-0.42063492 	0.99107985
-0.40476191 	0.99163431
-0.3888889 	0.99858443
-0.37301588 	0.99219642
-0.35714287 	0.97885911
-0.34126985 	0.9787945
-0.32539684 	0.99300573
-0.30952379 	1.0032518
-0.29365078 	0.99575263
-0.27777776 	0.97357703
-0.26190475 	0.9498353
-0.24603173 	0.93878309
-0.23015872 	0.95325858
-0.2142857 	0.9825918
-0.19841269 	1.0113954
-0.18253967 	1.0296607
-0.16666666 	1.0244988
-0.15079364 	0.99708401
-0.13492063 	0.96498219
-0.11904758 	0.93288171
-0.10317457 	0.90862593
-0.087301552 	0.8962632
-0.071428537 	0.8916727
-0.055555522 	0.89418195
-0.039682507 	0.90525603
-0.023809493 	0.91886962
-0.0079364777 	0.93418704
0.0079365373 	0.95009393
0.023809552 	0.9641618
0.039682567 	0.97603127
0.055555582 	0.9851501
0.071428597 	0.98841578
0.087301612 	0.98802251
0.10317463 	0.98421124
0.11904764 	0.97688169
0.13492066 	0.9665606
0.15079367 	0.95347084
0.16666669 	0.93738282
0.1825397 	0.91797715
0.19841272 	0.90006911
0.21428573 	0.88869703
0.23015875 	0.88877057
0.24603176 	0.90727187
0.26190484 	0.95474378
0.27777785 	1.0170224
0.29365087 	1.0597271
0.30952388 	1.0528585
0.3253969 	0.99763328
0.34126991 	0.94019278
0.35714292 	0.92581225
0.37301594 	0.96079401
0.38888895 	1.0038947
0.40476197 	1.0038888
0.42063499 	0.96748921
0.436508 	0.95365509
0.45238101 	0.97815098
0.46825403 	0.9871623
0.48412704 	0.99397828
0.5 	0.99992293
