-0.5 	0.99321572
-0.48412699 	1.005779
-0.46825397 	1.0078605
-0.45238095 	1.0051121
-0.43650794 	1.0272649
-0.42063492 	1.0234054
-0.40476191 	0.98709742
-0.3888889 	0.97805717
-0.37301588 	1.0138261
-0.35714287 	1.0499233
-0.34126985 	1.0318671
-0.32539684 	0.97170364
-0.30952379 	0.92590764
-0.29365078 	0.92912871
-0.27777776 	0.9865294
-0.26190475 	1.078334
-0.24603173 	1.167218
-0.23015872 	1.1670851
-0.2142857 	1.0884712
-0.19841269 	0.98815151
-0.18253967 	0.89633293
-0.16666666 	0.84135945
-0.15079364 	0.81992942
-0.13492063 	0.81377419
-0.11904758 	0.81935757
-0.10317457 	0.83573069
-0.087301552 	0.85952263
-0.071428537 	0.88627308
-0.055555522 	0.91484298
-0.039682507 	0.93848209
-0.023809493 	0.95359558
-0.0079364777 	0.96055572
0.0079365373 	0.95663816
0.023809552 	0.94407642
0.039682567 	0.92551841
0.055555582 	0.90098629
0.071428597 	0.8715927
0.087301612 	0.84465472
0.10317463 	0.82236162
0.11904764 	0.81247064
0.13492066 	0.83604147
0.15079367 	0.91828555
0.16666669 	1.0659528
0.1825397 	1.2102545
0.19841272 	1.1991601
0.21428573 	1.0990908
0.23015875 	0.96485075
0.24603176 	0.89266993
0.26190484 	0.91222341
0.27777785 	0.97010836
0.29365087 	1.0253154
0.30952388 	1.043263
0.3253969 	1.0178037
0.34126991 	0.98231489
0.35714292 	0.97132956
0.37301594 	0.98434705
0.38888895 	0.99846766
0.40476197 	0.99436794
0.42063499 	0.98322545
0.436508 	0.98809446
0.45238101 	1.0051864
0.46825403 	1.0019059
0.48412704 	0.98717939
0.5 	0.98704669
