-0.5 	0.99321572
-0.48412699 	1.0004247
-0.46825397 	1.0066018
-0.45238095 	1.0063178
-0.43650794 	1.0005984
-0.42063492 	0.99673825
-0.40476191 	0.99411277
-0.3888889 	0.99161206
-0.37301588 	0.98916193
-0.35714287 	0.9872297
-0.34126985 	0.98589425
-0.32539684 	0.98505908
-0.30952379 	0.98451736
-0.29365078 	0.98408068
-0.27777776 	0.98330314
-0.26190475 	0.9819511
-0.24603173 	0.98028575
-0.23015872 	0.97924498
-0.2142857 	0.97832083
-0.19841269 	0.97736947
-0.18253967 	0.97652609
-0.16666666 	0.97620754
-0.15079364 	0.97656485
-0.13492063 	0.97683964
-0.11904758 	0.97686815
-0.10317457 	0.97641533
-0.087301552 	0.97611159
-0.071428537 	0.97600723
-0.055555522 	0.97613525
-0.039682507 	0.97659673
-0.023809493 	0.97729961
-0.0079364777 	0.97823356
0.0079365373 	0.97951728
0.023809552 	0.98101187
0.039682567 	0.98247506
0.055555582 	0.98383054
0.071428597 	0.98466201
0.087301612 	0.98547368
0.10317463 	0.986419
0.11904764 	0.98794131
0.13492066 	0.98866115
0.15079367 	0.98834672
0.16666669 	0.98694596
0.1825397 	0.98549675
0.19841272 	0.98529839
0.21428573 	0.98594516
0.23015875 	0.98705493
0.24603176 	0.9878604
0.26190484 	0.98802047
0.27777785 	0.98757188
0.29365087 	0.986756
0.30952388 	0.98625061
0.3253969 	0.98677449
0.34126991 	0.98812048
0.35714292 	0.98881992
0.37301594 	0.98784436
0.38888895 	0.98604274
0.40476197 	0.98546938
0.42063499 	0.98631808
0.436508 	0.98352765
0.45238101 	0.97733376
0.46825403 	0.98105982
0.48412704 	0.98420007
0.5 	0.98704669
