-0.5 	1.0145139
-0.48412699 	1.0160698
-0.46825397 	1.0128958
-0.45238095 	1.0173744
-0.43650794 	1.0145081
-0.42063492 	1.0145025
-0.40476191 	1.0136618
-0.3888889 	1.0132419
-0.37301588 	1.0106439
-0.35714287 	1.0120071
-0.34126985 	1.008482
-0.32539684 	1.0090323
-0.30952379 	1.0062347
-0.29365078 	1.0063115
-0.27777776 	1.0036376
-0.26190475 	1.0055941
-0.24603173 	0.99912587
-0.23015872 	1.0063268
-0.2142857 	0.99561603
-0.19841269 	1.0007816
-0.18253967 	0.99671876
-0.16666666 	0.99671583
-0.15079364 	0.99603372
-0.13492063 	0.99318545
-0.11904758 	0.99332961
-0.10317457 	0.9909416
-0.087301552 	0.99169512
-0.071428537 	0.99079285
-0.055555522 	0.98887285
-0.039682507 	0.9934693
-0.023809493 	0.99117695
-0.0079364777 	0.99492913
0.0079365373 	0.99181603
0.023809552 	0.99403216
0.039682567 	0.99740853
0.055555582 	0.9943831
0.071428597 	0.99395416
0.087301612 	0.99990208
0.10317463 	0.99136331
0.11904764 	0.9976048
0.13492066 	0.99951825
0.15079367 	0.99088741
0.16666669 	1.0015368
0.1825397 	0.99650268
0.19841272 	0.99495195
0.21428573 	1.0034478
0.23015875 	0.98396321
0.24603176 	1.0056715
0.26190484 	0.98800454
0.27777785 	0.99443147
0.29365087 	0.99629064
0.30952388 	0.99185746
0.3253969 	0.99259172
0.34126991 	0.99524447
0.35714292 	0.99588551
0.37301594 	0.99666691
0.38888895 	0.99660835
0.40476197 	0.99536721
0.42063499 	0.99299352
0.436508 	0.9929488
0.45238101 	0.99318112
0.46825403 	0.99291981
0.48412704 	0.99280252
0.5 	0.98799221
