-0.5 	1.0237833
-0.48412699 	1.0149809
-0.46825397 	1.0002165
-0.45238095 	0.99988131
-0.43650794 	0.99753329
-0.42063492 	1.0041193
-0.40476191 	1.0027103
-0.3888889 	0.99854658
-0.37301588 	1.0003135
-0.35714287 	0.99782059
-0.34126985 	0.99698881
-0.32539684 	0.99989604
-0.30952379 	1.0026009
-0.29365078 	0.99842091
-0.27777776 	1.0009435
-0.26190475 	1.0000407
-0.24603173 	1.0027963
-0.23015872 	1.0015086
-0.2142857 	1.0003845
-0.19841269 	0.9953256
-0.18253967 	1.0025364
-0.16666666 	1.0000451
-0.15079364 	1.0000965
-0.13492063 	0.9988118
-0.11904758 	0.9997591
-0.10317457 	1.0040578
-0.087301552 	0.99740717
-0.071428537 	1.0027852
-0.055555522 	1.0011474
-0.039682507 	1.0007019
-0.023809493 	1.0010682
-0.0079364777 	1.0044046
0.0079365373 	1.0027208
0.023809552 	1.0042222
0.039682567 	1.0030746
0.055555582 	1.0034991
0.071428597 	1.0034006
0.087301612 	1.003423
0.10317463 	1.0025233
0.11904764 	1.0000678
0.13492066 	0.99971019
0.15079367 	0.99889924
0.16666669 	0.99865256
0.1825397 	0.9990304
0.19841272 	1.0021019
0.21428573 	1.0004111
0.23015875 	1.0030633
0.24603176 	1.0019844
0.26190484 	1.0015608
0.27777785 	1.003272
0.29365087 	1.0029524
0.30952388 	1.0046541
0.3253969 	1.0049811
0.34126991 	1.0062436
0.35714292 	1.0063659
0.37301594 	1.0063215
0.38888895 	1.0064631
0.40476197 	1.0064632
0.42063499 	1.0061948
0.436508 	1.0058626
0.45238101 	1.0048054
0.46825403 	1.0035052
0.48412704 	1.0017558
0.5 	1.0002741
