-0.5 	1.0331062
-0.48412699 	1.0314883
-0.46825397 	1.0426319
-0.45238095 	1.0745727
-0.43650794 	1.0661255
-0.42063492 	1.0125761
-0.40476191 	1.147367
-0.3888889 	1.0044553
-0.37301588 	1.0109458
-0.35714287 	1.1198599
-0.34126985 	0.99943059
-0.32539684 	0.9146983
-0.30952379 	1.0482022
-0.29365078 	1.2347666
-0.27777776 	1.1640095
-0.26190475 	0.92499394
-0.24603173 	0.78507373
-0.23015872 	0.79155674
-0.2142857 	0.95817605
-0.19841269 	1.2240324
-0.18253967 	1.2894158
-0.16666666 	1.1698768
-0.15079364 	1.0338355
-0.13492063 	0.946497
-0.11904758 	1.0043913
-0.10317457 	1.0914532
-0.087301552 	1.0732208
-0.071428537 	0.86941546
-0.055555522 	0.96716528
-0.039682507 	1.1009575
-0.023809493 	1.1481126
-0.0079364777 	1.0841742
0.0079365373 	0.93561067
0.023809552 	0.81319407
0.039682567 	0.84637599
0.055555582 	1.198684
0.071428597 	1.506099
0.087301612 	1.0468977
0.10317463 	0.80874574
0.11904764 	0.85729031
0.13492066 	0.95905062
0.15079367 	1.0109714
0.16666669 	0.9707572
0.1825397 	0.93883341
0.19841272 	0.97733629
0.21428573 	1.0416837
0.23015875 	1.0515817
0.24603176 	1.0404905
0.26190484 	1.0656655
0.27777785 	1.0897247
0.29365087 	1.0658098
0.30952388 	1.0514649
0.3253969 	1.0782398
0.34126991 	1.0693522
0.35714292 	1.0101863
0.37301594 	0.99685178
0.38888895 	1.0380387
0.40476197 	0.9999212
0.42063499 	0.97045295
0.436508 	1.0378071
0.45238101 	0.97625659
0.46825403 	1.0007777
0.48412704 	1.0151928
0.5 	1.0086054
