-0.5 	1.0155149
-0.48412699 	1.0052957
-0.46825397 	1.001401
-0.45238095 	0.99734995
-0.43650794 	0.99130982
-0.42063492 	0.98864825
-0.40476191 	0.98597346
-0.3888889 	0.98800949
-0.37301588 	0.97977677
-0.35714287 	0.98174587
-0.34126985 	0.97595004
-0.32539684 	0.97425504
-0.30952379 	0.97594551
-0.29365078 	0.96983181
-0.27777776 	0.96979914
-0.26190475 	0.96979919
-0.24603173 	0.96769652
-0.23015872 	0.96733193
-0.2142857 	0.96635023
-0.19841269 	0.96572801
-0.18253967 	0.96660542
-0.16666666 	0.96457575
-0.15079364 	0.96611218
-0.13492063 	0.96610672
-0.11904758 	0.96526279
-0.10317457 	0.96693077
-0.087301552 	0.96918344
-0.071428537 	0.96709788
-0.055555522 	0.96856857
-0.039682507 	0.96965836
-0.023809493 	0.97115057
-0.0079364777 	0.9719016
0.0079365373 	0.9690339
0.023809552 	0.97036121
0.039682567 	0.97504871
0.055555582 	0.97217229
0.071428597 	0.97669112
0.087301612 	0.9722073
0.10317463 	0.9741615
0.11904764 	0.97426688
0.13492066 	0.97460941
0.15079367 	0.97583176
0.16666669 	0.97623549
0.1825397 	0.97557204
0.19841272 	0.97604864
0.21428573 	0.97855784
0.23015875 	0.97684974
0.24603176 	0.97856771
0.26190484 	0.97796774
0.27777785 	0.97900083
0.29365087 	0.97819331
0.30952388 	0.97870742
0.3253969 	0.97757119
0.34126991 	0.97843221
0.35714292 	0.97773919
0.37301594 	0.97756627
0.38888895 	0.97773622
0.40476197 	0.97668895
0.42063499 	0.97680089
0.436508 	0.97638799
0.45238101 	0.97572661
0.46825403 	0.97568163
0.48412704 	0.9765676
0.5 	0.98429054
