# Force and moment coefficients
# dragDir       : (1.00000000e+00 0.00000000e+00 0.00000000e+00)
# sideDir       : (0.00000000e+00 0.00000000e+00 -1.00000000e+00)
# liftDir       : (0.00000000e+00 1.00000000e+00 0.00000000e+00)
# rollAxis      : (1.00000000e+00 0.00000000e+00 0.00000000e+00)
# pitchAxis     : (0.00000000e+00 0.00000000e+00 -1.00000000e+00)
# yawAxis       : (0.00000000e+00 1.00000000e+00 0.00000000e+00)
# magUInf       : 1.77482393e-01
# lRef          : 1.00000000e+00
# Aref          : 1.00000000e+00
# CofR          : (0.00000000e+00 0.00000000e+00 0.00000000e+00)
#
# Time          	Cd              	Cd(f)           	Cd(r)           	Cl              	Cl(f)           	Cl(r)           	CmPitch         	CmRoll          	CmYaw           	Cs              	Cs(f)           	Cs(r)           
0.005           	2.04032985e+01	1.02069196e+01	1.01963790e+01	-1.05405963e-02	-5.26441072e-03	-5.27618562e-03	5.88744863e-06	5.27029817e-03	1.02016493e+01	5.77574700e-19	1.02016493e+01	-1.02016493e+01
0.01            	2.59536052e+01	1.29770910e+01	1.29765142e+01	-5.76823183e-04	-2.84760739e-04	-2.92062444e-04	3.65085276e-06	2.88411592e-04	1.29768026e+01	5.87607671e-19	1.29768026e+01	-1.29768026e+01
0.015           	2.40185758e+01	1.20070588e+01	1.20115170e+01	4.45820648e-03	2.23126331e-03	2.22694317e-03	2.16006844e-06	-2.22910324e-03	1.20092879e+01	5.89314704e-19	1.20092879e+01	-1.20092879e+01
0.02            	2.06694243e+01	1.03323424e+01	1.03370819e+01	4.73951212e-03	2.37125582e-03	2.36825630e-03	1.49975803e-06	-2.36975606e-03	1.03347122e+01	5.90846063e-19	1.03347122e+01	-1.03347122e+01
0.025           	1.93276244e+01	9.66342868e+00	9.66419569e+00	7.67007541e-04	3.85536845e-04	3.81470696e-04	2.03307433e-06	-3.83503771e-04	9.66381219e+00	5.90624560e-19	9.66381219e+00	-9.66381219e+00
0.03            	1.96864938e+01	9.84454057e+00	9.84195323e+00	-2.58733921e-03	-1.29111413e-03	-1.29622508e-03	2.55547418e-06	1.29366961e-03	9.84324690e+00	5.89406622e-19	9.84324690e+00	-9.84324690e+00
0.035           	2.04400746e+01	1.02212088e+01	1.02188658e+01	-2.34298275e-03	-1.16871639e-03	-1.17426636e-03	2.77498448e-06	1.17149137e-03	1.02200373e+01	5.88384325e-19	1.02200373e+01	-1.02200373e+01
0.04            	2.06698218e+01	1.03352021e+01	1.03346196e+01	-5.82525296e-04	-2.88649683e-04	-2.93875613e-04	2.61296539e-06	2.91262648e-04	1.03349109e+01	5.87604080e-19	1.03349109e+01	-1.03349109e+01
0.045           	2.02781506e+01	1.01384403e+01	1.01397103e+01	1.26995716e-03	6.37209567e-04	6.32747592e-04	2.23098759e-06	-6.34978579e-04	1.01390753e+01	5.87483364e-19	1.01390753e+01	-1.01390753e+01
0.05            	1.97671975e+01	9.88285550e+00	9.88434203e+00	1.48653287e-03	7.45299690e-04	7.41233176e-04	2.03325687e-06	-7.43266433e-04	9.88359877e+00	5.87849479e-19	9.88359877e+00	-9.88359877e+00
0.055           	1.95230185e+01	9.76138851e+00	9.76163003e+00	2.41519210e-04	1.22819868e-04	1.18699342e-04	2.06026312e-06	-1.20759605e-04	9.76150927e+00	5.88317656e-19	9.76150927e+00	-9.76150927e+00
0.06            	1.94678516e+01	9.73425483e+00	9.73359682e+00	-6.58002889e-04	-3.26775906e-04	-3.31226983e-04	2.22553861e-06	3.29001445e-04	9.73392582e+00	5.88587298e-19	9.73392582e+00	-9.73392582e+00
0.065           	1.94361879e+01	9.71846914e+00	9.71771873e+00	-7.50414441e-04	-3.72864023e-04	-3.77550419e-04	2.34319819e-06	3.75207221e-04	9.71809394e+00	5.88589418e-19	9.71809394e+00	-9.71809394e+00
0.07            	1.93465613e+01	9.67336158e+00	9.67319969e+00	-1.61886914e-04	-7.85331837e-05	-8.33537303e-05	2.41027328e-06	8.09434570e-05	9.67328063e+00	5.88445325e-19	9.67328063e+00	-9.67328063e+00
0.075           	1.92114098e+01	9.60541802e+00	9.60599177e+00	5.73747863e-04	2.89297540e-04	2.84450323e-04	2.42360857e-06	-2.86873931e-04	9.60570490e+00	5.88206095e-19	9.60570490e+00	-9.60570490e+00
0.08            	1.90730297e+01	9.53610889e+00	9.53692084e+00	8.11950658e-04	4.08399278e-04	4.03551380e-04	2.42394895e-06	-4.05975329e-04	9.53651486e+00	5.87906207e-19	9.53651486e+00	-9.53651486e+00
0.085           	1.89511581e+01	9.47530005e+00	9.47585802e+00	5.57969938e-04	2.81449557e-04	2.76520381e-04	2.46458800e-06	-2.78984969e-04	9.47557904e+00	5.87691753e-19	9.47557904e+00	-9.47557904e+00
0.09            	1.88385302e+01	9.41920866e+00	9.41932155e+00	1.12894760e-04	5.89587865e-05	5.39359737e-05	2.51140640e-06	-5.64473801e-05	9.41926511e+00	5.87630013e-19	9.41926511e+00	-9.41926511e+00
0.095           	1.87208950e+01	9.36044748e+00	9.36044751e+00	3.23750430e-08	2.55285916e-06	-2.52048412e-06	2.53667164e-06	-1.61875241e-08	9.36044750e+00	5.87615220e-19	9.36044750e+00	-9.36044750e+00
0.1             	1.85870415e+01	9.29340224e+00	9.29363922e+00	2.36981725e-04	1.21004285e-04	1.15977439e-04	2.51342308e-06	-1.18490862e-04	9.29352073e+00	5.87488086e-19	9.29352073e+00	-9.29352073e+00
0.105           	1.84369818e+01	9.21824289e+00	9.21873891e+00	4.96014997e-04	2.50507249e-04	2.45507748e-04	2.49975029e-06	-2.48007499e-04	9.21849090e+00	5.87175070e-19	9.21849090e+00	-9.21849090e+00
0.11            	1.82893158e+01	9.14442387e+00	9.14489194e+00	4.68065251e-04	2.36565913e-04	2.31499337e-04	2.53328801e-06	-2.34032625e-04	9.14465791e+00	5.86690975e-19	9.14465791e+00	-9.14465791e+00
0.115           	1.81646358e+01	9.08234626e+00	9.08228955e+00	-5.67184409e-05	-2.57311761e-05	-3.09872648e-05	2.62804437e-06	2.83592204e-05	9.08231791e+00	5.86249921e-19	9.08231791e+00	-9.08231791e+00
0.12            	1.80650932e+01	9.03295136e+00	9.03214186e+00	-8.09496026e-04	-4.01974974e-04	-4.07521052e-04	2.77303909e-06	4.04748013e-04	9.03254661e+00	5.85921783e-19	9.03254661e+00	-9.03254661e+00
0.125           	1.79737305e+01	8.98736602e+00	8.98636447e+00	-1.00155612e-03	-4.97878970e-04	-5.03677153e-04	2.89909114e-06	5.00778062e-04	8.98686524e+00	5.85718923e-19	8.98686524e+00	-8.98686524e+00
0.13            	1.78702709e+01	8.93532325e+00	8.93494763e+00	-3.75621369e-04	-1.84909889e-04	-1.90711480e-04	2.90079579e-06	1.87810685e-04	8.93513544e+00	5.85628161e-19	8.93513544e+00	-8.93513544e+00
0.135           	1.77450413e+01	8.87229899e+00	8.87274228e+00	4.43291148e-04	2.24444072e-04	2.18847076e-04	2.79849797e-06	-2.21645574e-04	8.87252064e+00	5.85601518e-19	8.87252064e+00	-8.87252064e+00
0.14            	1.76006021e+01	8.79987334e+00	8.80072873e+00	8.55386220e-04	4.30413086e-04	4.24973135e-04	2.71997558e-06	-4.27693110e-04	8.80030104e+00	5.85667159e-19	8.80030104e+00	-8.80030104e+00
0.145           	1.74497827e+01	8.72457889e+00	8.72520383e+00	6.24939011e-04	3.15200067e-04	3.09738945e-04	2.73056117e-06	-3.12469506e-04	8.72489136e+00	5.85827451e-19	8.72489136e+00	-8.72489136e+00
0.15            	1.73081278e+01	8.65390370e+00	8.65422406e+00	3.20363031e-04	1.63021425e-04	1.57341606e-04	2.83990975e-06	-1.60181516e-04	8.65406388e+00	5.85959146e-19	8.65406388e+00	-8.65406388e+00
0.155           	1.71851047e+01	8.59227643e+00	8.59282827e+00	5.51841392e-04	2.78856485e-04	2.72984907e-04	2.93578889e-06	-2.75920696e-04	8.59255235e+00	5.85926126e-19	8.59255235e+00	-8.59255235e+00
0.16            	1.70781794e+01	8.53819326e+00	8.53998609e+00	1.79282654e-03	8.99359434e-04	8.93467105e-04	2.94616442e-06	-8.96413269e-04	8.53908968e+00	5.85648235e-19	8.53908968e+00	-8.53908968e+00
0.165           	1.69785560e+01	8.48725779e+00	8.49129817e+00	4.04038067e-03	2.02299753e-03	2.01738314e-03	2.80719171e-06	-2.02019033e-03	8.48927798e+00	5.85202107e-19	8.48927798e+00	-8.48927798e+00
0.17            	1.68754248e+01	8.43415609e+00	8.44126873e+00	7.11264076e-03	3.55886376e-03	3.55377700e-03	2.54337777e-06	-3.55632038e-03	8.43771241e+00	5.84757837e-19	8.43771241e+00	-8.43771241e+00
0.175           	1.67605652e+01	8.37499829e+00	8.38556688e+00	1.05685899e-02	5.28647346e-03	5.28211639e-03	2.17853130e-06	-5.28429493e-03	8.38028259e+00	5.84511533e-19	8.38028259e+00	-8.38028259e+00
0.18            	1.66330607e+01	8.30952390e+00	8.32353683e+00	1.40129391e-02	7.00825336e-03	7.00468570e-03	1.78383207e-06	-7.00646953e-03	8.31653037e+00	5.84549003e-19	8.31653037e+00	-8.31653037e+00
0.185           	1.64999359e+01	8.24134729e+00	8.25858864e+00	1.72413520e-02	8.62205792e-03	8.61929413e-03	1.38189662e-06	-8.62067602e-03	8.24996797e+00	5.84753136e-19	8.24996797e+00	-8.24996797e+00
0.19            	1.63649424e+01	8.17273792e+00	8.19220449e+00	1.94665754e-02	9.73427092e-03	9.73230451e-03	9.83206852e-07	-9.73328771e-03	8.18247120e+00	5.84866974e-19	8.18247120e+00	-8.18247120e+00
0.195           	1.62218197e+01	8.10131396e+00	8.12050570e+00	1.91917339e-02	9.59657311e-03	9.59516080e-03	7.06157219e-07	-9.59586696e-03	8.11090983e+00	5.84713003e-19	8.11090983e+00	-8.11090983e+00
0.2             	1.60592973e+01	8.02212340e+00	8.03717394e+00	1.50505433e-02	7.52605497e-03	7.52448835e-03	7.83308500e-07	-7.52527166e-03	8.02964867e+00	5.84233511e-19	8.02964867e+00	-8.02964867e+00
0.205           	1.58745390e+01	7.93393620e+00	7.94060285e+00	6.66665035e-03	3.33474340e-03	3.33190695e-03	1.41822673e-06	-3.33332518e-03	7.93726952e+00	5.83526112e-19	7.93726952e+00	-7.93726952e+00
0.21            	1.56825216e+01	7.84377743e+00	7.83874416e+00	-5.03326856e-03	-2.51398091e-03	-2.51928764e-03	2.65336508e-06	2.51663428e-03	7.84126080e+00	5.82777202e-19	7.84126080e+00	-7.84126080e+00
0.215           	1.55156860e+01	7.76678490e+00	7.74890110e+00	-1.78837976e-02	-8.93754595e-03	-8.94625164e-03	4.35284875e-06	8.94189879e-03	7.75784300e+00	5.82091325e-19	7.75784300e+00	-7.75784300e+00
0.22            	1.54049026e+01	7.71639940e+00	7.68850319e+00	-2.78962104e-02	-1.39418924e-02	-1.39543180e-02	6.21278996e-06	1.39481052e-02	7.70245130e+00	5.81589184e-19	7.70245130e+00	-7.70245130e+00
0.225           	1.53636463e+01	7.69698044e+00	7.66666590e+00	-3.03145448e-02	-1.51496138e-02	-1.51649311e-02	7.65863542e-06	1.51572724e-02	7.68182317e+00	5.81422781e-19	7.68182317e+00	-7.68182317e+00
0.23            	1.53797164e+01	7.70148482e+00	7.67823160e+00	-2.32532125e-02	-1.16185681e-02	-1.16346444e-02	8.03818504e-06	1.16266063e-02	7.68985821e+00	5.81626049e-19	7.68985821e+00	-7.68985821e+00
0.235           	1.54133997e+01	7.71129888e+00	7.70210082e+00	-9.19805871e-03	-4.59184667e-03	-4.60621203e-03	7.18268183e-06	4.59902935e-03	7.70669985e+00	5.82206852e-19	7.70669985e+00	-7.70669985e+00
0.24            	1.54052175e+01	7.69977016e+00	7.70544733e+00	5.67717346e-03	2.84405151e-03	2.83312196e-03	5.46477425e-06	-2.83858673e-03	7.70260875e+00	5.83059434e-19	7.70260875e+00	-7.70260875e+00
0.245           	1.53006617e+01	7.64346217e+00	7.65719950e+00	1.37373350e-02	6.87235112e-03	6.86498385e-03	3.68363345e-06	-6.86866748e-03	7.65033083e+00	5.83958412e-19	7.65033083e+00	-7.65033083e+00
0.25            	1.50798955e+01	7.53528987e+00	7.54460565e+00	9.31577537e-03	4.66065353e-03	4.65512184e-03	2.76584436e-06	-4.65788769e-03	7.53994776e+00	5.84648726e-19	7.53994776e+00	-7.53994776e+00
0.255           	1.47835294e+01	7.39460520e+00	7.38892419e+00	-5.68100507e-03	-2.83713563e-03	-2.84386944e-03	3.36690916e-06	2.84050254e-03	7.39176469e+00	5.84895730e-19	7.39176469e+00	-7.39176469e+00
0.26            	1.44872281e+01	7.25573874e+00	7.23148934e+00	-2.42494029e-02	-1.21196841e-02	-1.21297189e-02	5.01739118e-06	1.21247015e-02	7.24361404e+00	5.84581540e-19	7.24361404e+00	-7.24361404e+00
0.265           	1.42715216e+01	7.15452987e+00	7.11699171e+00	-3.75381668e-02	-1.87621536e-02	-1.87760133e-02	6.92983743e-06	1.87690834e-02	7.13576079e+00	5.83615099e-19	7.13576079e+00	-7.13576079e+00
0.27            	1.41815306e+01	7.11003887e+00	7.07149168e+00	-3.85471917e-02	-1.92654766e-02	-1.92817151e-02	8.11923654e-06	1.92735958e-02	7.09076528e+00	5.82092026e-19	7.09076528e+00	-7.09076528e+00
0.275           	1.41967541e+01	7.11080061e+00	7.08595351e+00	-2.48470945e-02	-1.24157452e-02	-1.24313494e-02	7.80209385e-06	1.24235473e-02	7.09837706e+00	5.80341616e-19	7.09837706e+00	-7.09837706e+00
0.28            	1.42401628e+01	7.12233203e+00	7.11783074e+00	-4.50128496e-03	-2.24494553e-03	-2.25633943e-03	5.69695423e-06	2.25064248e-03	7.12008139e+00	5.78890197e-19	7.12008139e+00	-7.12008139e+00
0.285           	1.42210519e+01	7.10534181e+00	7.11571012e+00	1.03683075e-02	5.18735468e-03	5.18095277e-03	3.20095467e-06	-5.18415373e-03	7.11052596e+00	5.78206482e-19	7.11052596e+00	-7.11052596e+00
0.29            	1.40899854e+01	7.03859522e+00	7.05139021e+00	1.27949894e-02	6.39926881e-03	6.39572060e-03	1.77410511e-06	-6.39749471e-03	7.04499271e+00	5.78591449e-19	7.04499271e+00	-7.04499271e+00
0.295           	1.38710906e+01	6.93366861e+00	6.93742194e+00	3.75332417e-03	1.87865007e-03	1.87467409e-03	1.98798875e-06	-1.87666208e-03	6.93554528e+00	5.79922759e-19	6.93554528e+00	-6.93554528e+00
0.3             	1.36327393e+01	6.82012652e+00	6.81261283e+00	-7.51369387e-03	-3.75341409e-03	-3.76027977e-03	3.43284127e-06	3.75684693e-03	6.81636967e+00	5.81645499e-19	6.81636967e+00	-6.81636967e+00
0.305           	1.34486354e+01	6.73116077e+00	6.71747466e+00	-1.36861079e-02	-6.83846653e-03	-6.84764141e-03	4.58744291e-06	6.84305397e-03	6.72431772e+00	5.82902657e-19	6.72431772e+00	-6.72431772e+00
0.31            	1.33510899e+01	6.68209358e+00	6.66899635e+00	-1.30972322e-02	-6.54363579e-03	-6.55359638e-03	4.98029185e-06	6.54861608e-03	6.67554496e+00	5.82995664e-19	6.67554496e+00	-6.67554496e+00
0.315           	1.33120017e+01	6.66006395e+00	6.65193773e+00	-8.12621552e-03	-4.05837738e-03	-4.06783813e-03	4.73037430e-06	4.06310776e-03	6.65600084e+00	5.81818924e-19	6.65600084e+00	-6.65600084e+00
0.32            	1.32724180e+01	6.63836114e+00	6.63405689e+00	-4.30424692e-03	-2.14794857e-03	-2.15629835e-03	4.17489430e-06	2.15212346e-03	6.63620902e+00	5.79801773e-19	6.63620902e+00	-6.63620902e+00
0.325           	1.31877921e+01	6.59624393e+00	6.59154817e+00	-4.69576777e-03	-2.34383976e-03	-2.35192802e-03	4.04412820e-06	2.34788389e-03	6.59389605e+00	5.77760895e-19	6.59389605e+00	-6.59389605e+00
0.33            	1.30523827e+01	6.52984332e+00	6.52253941e+00	-7.30390570e-03	-3.64756327e-03	-3.65634243e-03	4.38958109e-06	3.65195285e-03	6.52619136e+00	5.76434451e-19	6.52619136e+00	-6.52619136e+00
0.335           	1.28952628e+01	6.45107806e+00	6.44418469e+00	-6.89337104e-03	-3.44201643e-03	-3.45135461e-03	4.66909107e-06	3.44668552e-03	6.44763138e+00	5.76196822e-19	6.44763138e+00	-6.44763138e+00
0.34            	1.27517140e+01	6.37584940e+00	6.37586458e+00	1.51807110e-05	1.16571502e-05	3.52356089e-06	4.06679463e-06	-7.59035553e-06	6.37585699e+00	5.76993184e-19	6.37585699e+00	-6.37585699e+00
0.345           	1.26402766e+01	6.31391693e+00	6.32635972e+00	1.24427909e-02	6.22376818e-03	6.21902273e-03	2.37272257e-06	-6.22139545e-03	6.32013832e+00	5.78302518e-19	6.32013832e+00	-6.32013832e+00
0.35            	1.25552843e+01	6.26364447e+00	6.29163985e+00	2.79953784e-02	1.39977700e-02	1.39976084e-02	8.07966413e-08	-1.39976892e-02	6.27764216e+00	5.79578398e-19	6.27764216e+00	-6.27764216e+00
0.355           	1.24759572e+01	6.21542634e+00	6.26053083e+00	4.51044915e-02	2.25497767e-02	2.25547147e-02	-2.46901211e-06	-2.25522457e-02	6.23797858e+00	5.80309069e-19	6.23797858e+00	-6.23797858e+00
0.36            	1.23839810e+01	6.15938872e+00	6.22459230e+00	6.52035873e-02	3.25966055e-02	3.26069818e-02	-5.18814412e-06	-3.26017936e-02	6.19199051e+00	5.80236471e-19	6.19199051e+00	-6.19199051e+00
0.365           	1.22757388e+01	6.09181168e+00	6.18392714e+00	9.21154683e-02	4.60491804e-02	4.60662879e-02	-8.55371805e-06	-4.60577342e-02	6.13786941e+00	5.79473852e-19	6.13786941e+00	-6.13786941e+00
0.37            	1.21618285e+01	6.01623771e+00	6.14559077e+00	1.29353059e-01	6.46632896e-02	6.46897696e-02	-1.32400000e-05	-6.46765296e-02	6.08091424e+00	5.78311022e-19	6.08091424e+00	-6.08091424e+00
0.375           	1.20571380e+01	5.93949888e+00	6.11763916e+00	1.78140284e-01	8.90504956e-02	8.90897886e-02	-1.96464961e-05	-8.90701421e-02	6.02856902e+00	5.77176339e-19	6.02856902e+00	-6.02856902e+00
0.38            	1.19737043e+01	5.86908980e+00	6.10461451e+00	2.35524713e-01	1.17734635e-01	1.17790078e-01	-2.77213921e-05	-1.17762356e-01	5.98685216e+00	5.76482043e-19	5.98685216e+00	-5.98685216e+00
0.385           	1.19126225e+01	5.80860163e+00	6.10402089e+00	2.95419263e-01	1.47672973e-01	1.47746289e-01	-3.66580521e-05	-1.47709631e-01	5.95631126e+00	5.76449930e-19	5.95631126e+00	-5.95631126e+00
0.39            	1.18650729e+01	5.75741988e+00	6.10765301e+00	3.50233125e-01	1.75071264e-01	1.75161861e-01	-4.52987113e-05	-1.75116563e-01	5.93253644e+00	5.77051954e-19	5.93253644e+00	-5.93253644e+00
0.395           	1.18190126e+01	5.71357593e+00	6.10543667e+00	3.91860749e-01	1.95878022e-01	1.95982726e-01	-5.23518317e-05	-1.95930374e-01	5.90950630e+00	5.77801526e-19	5.90950630e+00	-5.90950630e+00
0.4             	1.17649174e+01	5.67601900e+00	6.08889842e+00	4.12879416e-01	2.06383207e-01	2.06496209e-01	-5.65005971e-05	-2.06439708e-01	5.88245871e+00	5.78167598e-19	5.88245871e+00	-5.88245871e+00
0.405           	1.16976867e+01	5.64457381e+00	6.05311289e+00	4.08539078e-01	2.04212942e-01	2.04326136e-01	-5.65966738e-05	-2.04269539e-01	5.84884335e+00	5.77696162e-19	5.84884335e+00	-5.84884335e+00
0.41            	1.16167900e+01	5.61864816e+00	5.99814186e+00	3.79493704e-01	1.89694770e-01	1.89798934e-01	-5.20823725e-05	-1.89746852e-01	5.80839501e+00	5.76329619e-19	5.80839501e+00	-5.80839501e+00
0.415           	1.15265458e+01	5.59683910e+00	5.92970675e+00	3.32867646e-01	1.66390315e-01	1.66477331e-01	-4.35079824e-05	-1.66433823e-01	5.76327292e+00	5.74317849e-19	5.76327292e+00	-5.76327292e+00
0.42            	1.14336685e+01	5.57650760e+00	5.85716088e+00	2.80653276e-01	1.40293949e-01	1.40359328e-01	-3.26895469e-05	-1.40326638e-01	5.71683424e+00	5.72136363e-19	5.71683424e+00	-5.71683424e+00
0.425           	1.13440632e+01	5.55360844e+00	5.79045474e+00	2.36846299e-01	1.18400954e-01	1.18445345e-01	-2.21955611e-05	-1.18423150e-01	5.67203159e+00	5.70248844e-19	5.67203159e+00	-5.67203159e+00
0.43            	1.12605831e+01	5.52327424e+00	5.73730886e+00	2.14034619e-01	1.07002581e-01	1.07032039e-01	-1.47288171e-05	-1.07017310e-01	5.63029155e+00	5.68550522e-19	5.63029155e+00	-5.63029155e+00
0.435           	1.11828728e+01	5.48079798e+00	5.70207480e+00	2.21276822e-01	1.10626000e-01	1.10650822e-01	-1.24108451e-05	-1.10638411e-01	5.59143639e+00	5.66591051e-19	5.59143639e+00	-5.59143639e+00
0.44            	1.11089208e+01	5.42500464e+00	5.68391617e+00	2.58911527e-01	1.29439283e-01	1.29472244e-01	-1.64801551e-05	-1.29455764e-01	5.55446040e+00	5.63831523e-19	5.55446040e+00	-5.55446040e+00
0.445           	1.10372290e+01	5.35954423e+00	5.67768478e+00	3.18140544e-01	1.59044194e-01	1.59096350e-01	-2.60784117e-05	-1.59070272e-01	5.51861451e+00	5.59870007e-19	5.51861451e+00	-5.51861451e+00
0.45            	1.09679326e+01	5.29178469e+00	5.67614788e+00	3.84363188e-01	1.92142845e-01	1.92220342e-01	-3.87485240e-05	-1.92181594e-01	5.48396629e+00	5.54580885e-19	5.48396629e+00	-5.48396629e+00
0.455           	1.09028906e+01	5.23144063e+00	5.67144995e+00	4.40009317e-01	2.19953480e-01	2.20055836e-01	-5.11778597e-05	-2.20004658e-01	5.45144529e+00	5.48232802e-19	5.45144529e+00	-5.45144529e+00
0.46            	1.08436464e+01	5.18690723e+00	5.65673921e+00	4.69831985e-01	2.34856057e-01	2.34975927e-01	-5.99351686e-05	-2.34915992e-01	5.42182322e+00	5.41536948e-19	5.42182322e+00	-5.42182322e+00
0.465           	1.07892891e+01	5.16205234e+00	5.62723677e+00	4.65184437e-01	2.32529622e-01	2.32654816e-01	-6.25969758e-05	-2.32592219e-01	5.39464456e+00	5.35665539e-19	5.39464456e+00	-5.39464456e+00
0.47            	1.07357857e+01	5.15392796e+00	5.58185777e+00	4.27929808e-01	2.13906690e-01	2.14023119e-01	-5.82145162e-05	-2.13964904e-01	5.36789286e+00	5.31416841e-19	5.36789286e+00	-5.36789286e+00
0.475           	1.06781993e+01	5.15287480e+00	5.52532450e+00	3.72449697e-01	1.86176870e-01	1.86272827e-01	-4.79787845e-05	-1.86224849e-01	5.33909965e+00	5.29486504e-19	5.33909965e+00	-5.33909965e+00
0.48            	1.06138903e+01	5.14663110e+00	5.46725923e+00	3.20628126e-01	1.60278148e-01	1.60349978e-01	-3.59148990e-05	-1.60314063e-01	5.30694516e+00	5.30163054e-19	5.30694516e+00	-5.30694516e+00
0.485           	1.05437572e+01	5.12590735e+00	5.41784982e+00	2.91942465e-01	1.45944334e-01	1.45998131e-01	-2.68988629e-05	-1.45971233e-01	5.27187859e+00	5.33291897e-19	5.27187859e+00	-5.27187859e+00
0.49            	1.04713853e+01	5.08703090e+00	5.38435436e+00	2.97323459e-01	1.48637385e-01	1.48686074e-01	-2.43442838e-05	-1.48661729e-01	5.23569263e+00	5.38549387e-19	5.23569263e+00	-5.23569263e+00
0.495           	1.04011104e+01	5.03387295e+00	5.36723741e+00	3.33364464e-01	1.66652648e-01	1.66711816e-01	-2.95839112e-05	-1.66682232e-01	5.20055518e+00	5.45156408e-19	5.20055518e+00	-5.20055518e+00
0.5             	1.03362978e+01	4.97633990e+00	5.35995788e+00	3.83617986e-01	1.91768448e-01	1.91849538e-01	-4.05449776e-05	-1.91808993e-01	5.16814889e+00	5.51909349e-19	5.16814889e+00	-5.16814889e+00
0.505           	1.02777650e+01	4.92538057e+00	5.35238445e+00	4.27003884e-01	2.13449056e-01	2.13554828e-01	-5.28858995e-05	-2.13501942e-01	5.13888251e+00	5.57187040e-19	5.13888251e+00	-5.13888251e+00
0.51            	1.02236500e+01	4.88825220e+00	5.33539783e+00	4.47145636e-01	2.23510526e-01	2.23635110e-01	-6.22919376e-05	-2.23572818e-01	5.11182502e+00	5.59925999e-19	5.11182502e+00	-5.11182502e+00
0.515           	1.01708645e+01	4.86547675e+00	5.30538773e+00	4.39910974e-01	2.19889610e-01	2.20021364e-01	-6.58771732e-05	-2.19955487e-01	5.08543224e+00	5.59960408e-19	5.08543224e+00	-5.08543224e+00
0.52            	1.01171946e+01	4.85193034e+00	5.26526429e+00	4.13333955e-01	2.06603231e-01	2.06730724e-01	-6.37460693e-05	-2.06666977e-01	5.05859731e+00	5.57468845e-19	5.05859731e+00	-5.05859731e+00
0.525           	1.00621755e+01	4.83942101e+00	5.22275452e+00	3.83333507e-01	1.91608439e-01	1.91725068e-01	-5.83148006e-05	-1.91666754e-01	5.03108777e+00	5.53785544e-19	5.03108777e+00	-5.03108777e+00
0.53            	1.00057840e+01	4.82027933e+00	5.18550462e+00	3.65225290e-01	1.82558888e-01	1.82666401e-01	-5.37566195e-05	-1.82612645e-01	5.00289198e+00	5.51132782e-19	5.00289198e+00	-5.00289198e+00
0.535           	9.94787739e+00	4.79020926e+00	5.15766813e+00	3.67458866e-01	1.83676263e-01	1.83782603e-01	-5.31702528e-05	-1.83729433e-01	4.97393869e+00	5.50883631e-19	4.97393869e+00	-4.97393869e+00
0.54            	9.88816184e+00	4.75013174e+00	5.13803010e+00	3.87898351e-01	1.93891539e-01	1.94006811e-01	-5.76360076e-05	-1.93949175e-01	4.94408092e+00	5.53522776e-19	4.94408092e+00	-4.94408092e+00
0.545           	9.82688156e+00	4.70596095e+00	5.12092061e+00	4.14959663e-01	2.07413600e-01	2.07546064e-01	-6.62319499e-05	-2.07479832e-01	4.91344078e+00	5.58467410e-19	4.91344078e+00	-4.91344078e+00
0.55            	9.76538073e+00	4.66555942e+00	5.09982131e+00	4.34261889e-01	2.17055619e-01	2.17206271e-01	-7.53260449e-05	-2.17130945e-01	4.88269036e+00	5.63491937e-19	4.88269036e+00	-4.88269036e+00
0.555           	9.70615635e+00	4.63410159e+00	5.07205476e+00	4.37953164e-01	2.18894733e-01	2.19058430e-01	-8.18484760e-05	-2.18976582e-01	4.85307818e+00	5.66298670e-19	4.85307818e+00	-4.85307818e+00
0.56            	9.65251880e+00	4.61235478e+00	5.04016402e+00	4.27809240e-01	2.13819905e-01	2.13989335e-01	-8.47149503e-05	-2.13904620e-01	4.82625940e+00	5.64975193e-19	4.82625940e+00	-4.82625940e+00
0.565           	9.60632002e+00	4.59714353e+00	5.00917649e+00	4.12032967e-01	2.05932060e-01	2.06100907e-01	-8.44235684e-05	-2.06016484e-01	4.80316001e+00	5.59284673e-19	4.80316001e+00	-4.80316001e+00
0.57            	9.56621070e+00	4.58289046e+00	4.98332024e+00	4.00429787e-01	2.00131453e-01	2.00298334e-01	-8.34404570e-05	-2.00214894e-01	4.78310535e+00	5.51200521e-19	4.78310535e+00	-4.78310535e+00
0.575           	9.52823585e+00	4.56450428e+00	4.96373158e+00	3.99227299e-01	1.99529557e-01	1.99697742e-01	-8.40927448e-05	-1.99613649e-01	4.76411793e+00	5.44901078e-19	4.76411793e+00	-4.76411793e+00
0.58            	9.48708318e+00	4.53922437e+00	4.94785881e+00	4.08634437e-01	2.04230022e-01	2.04404415e-01	-8.71961973e-05	-2.04317219e-01	4.74354159e+00	5.44451688e-19	4.74354159e+00	-4.74354159e+00
0.585           	9.43863896e+00	4.50771019e+00	4.93092878e+00	4.23218591e-01	2.11516374e-01	2.11702217e-01	-9.29213528e-05	-2.11609295e-01	4.71931948e+00	5.52110917e-19	4.71931948e+00	-4.71931948e+00
0.59            	9.38158731e+00	4.47377219e+00	4.90781512e+00	4.34042938e-01	2.16921796e-01	2.17121142e-01	-9.96727528e-05	-2.17021469e-01	4.69079365e+00	5.67141671e-19	4.69079365e+00	-4.69079365e+00
0.595           	9.31920589e+00	4.44169479e+00	4.87751110e+00	4.35816305e-01	2.17802996e-01	2.18013309e-01	-1.05156914e-04	-2.17908153e-01	4.65960294e+00	5.85548757e-19	4.65960294e+00	-4.65960294e+00
0.6             	9.25828234e+00	4.41407739e+00	4.84420495e+00	4.30127565e-01	2.14954972e-01	2.15172594e-01	-1.08810943e-04	-2.15063783e-01	4.62914117e+00	6.01409488e-19	4.62914117e+00	-4.62914117e+00
0.605           	9.20559841e+00	4.39226498e+00	4.81333343e+00	4.21068446e-01	2.10423349e-01	2.10645098e-01	-1.10874526e-04	-2.10534223e-01	4.60279920e+00	6.09080662e-19	4.60279920e+00	-4.60279920e+00
0.61            	9.16386159e+00	4.37591602e+00	4.78794558e+00	4.12029557e-01	2.05902324e-01	2.06127232e-01	-1.12454065e-04	-2.06014778e-01	4.58193080e+00	6.04592623e-19	4.58193080e+00	-4.58193080e+00
0.615           	9.13029272e+00	4.36250880e+00	4.76778393e+00	4.05275127e-01	2.02523658e-01	2.02751469e-01	-1.13905797e-04	-2.02637563e-01	4.56514636e+00	5.87677243e-19	4.56514636e+00	-4.56514636e+00
0.62            	9.09853561e+00	4.34880211e+00	4.74973350e+00	4.00931386e-01	2.00349566e-01	2.00581820e-01	-1.16126981e-04	-2.00465693e-01	4.54926780e+00	5.62808655e-19	4.54926780e+00	-4.54926780e+00
0.625           	9.06205620e+00	4.33244886e+00	4.72960734e+00	3.97158484e-01	1.98460449e-01	1.98698035e-01	-1.18793470e-04	-1.98579242e-01	4.53102810e+00	5.38172373e-19	4.53102810e+00	-4.53102810e+00
0.63            	9.01731254e+00	4.31264909e+00	4.70466345e+00	3.92014356e-01	1.95885447e-01	1.96128909e-01	-1.21731094e-04	-1.96007178e-01	4.50865627e+00	5.21914574e-19	4.50865627e+00	-4.50865627e+00
0.635           	8.96465935e+00	4.28969515e+00	4.67496420e+00	3.85269053e-01	1.92510537e-01	1.92758516e-01	-1.23989622e-04	-1.92634527e-01	4.48232967e+00	5.19886936e-19	4.48232967e+00	-4.48232967e+00
0.64            	8.90757398e+00	4.26469516e+00	4.64287882e+00	3.78183668e-01	1.88965642e-01	1.89218026e-01	-1.26191935e-04	-1.89091834e-01	4.45378699e+00	5.33814300e-19	4.45378699e+00	-4.45378699e+00
0.645           	8.85097675e+00	4.23935585e+00	4.61162091e+00	3.72265064e-01	1.86004388e-01	1.86260676e-01	-1.28144202e-04	-1.86132532e-01	4.42548838e+00	5.59934774e-19	4.42548838e+00	-4.42548838e+00
0.65            	8.79935594e+00	4.21553998e+00	4.58381596e+00	3.68275984e-01	1.84007687e-01	1.84268297e-01	-1.30305238e-04	-1.84137992e-01	4.39967797e+00	5.91033852e-19	4.39967797e+00	-4.39967797e+00
0.655           	8.75406560e+00	4.19419527e+00	4.55987033e+00	3.65675060e-01	1.82704995e-01	1.82970065e-01	-1.32534688e-04	-1.82837530e-01	4.37703280e+00	6.17880348e-19	4.37703280e+00	-4.37703280e+00
0.66            	8.71286690e+00	4.17526677e+00	4.53760013e+00	3.62333367e-01	1.81031973e-01	1.81301394e-01	-1.34710223e-04	-1.81166683e-01	4.35643345e+00	6.32095008e-19	4.35643345e+00	-4.35643345e+00
0.665           	8.67175960e+00	4.15776949e+00	4.51399012e+00	3.56220632e-01	1.77974082e-01	1.78246550e-01	-1.36233921e-04	-1.78110316e-01	4.33587980e+00	6.29049476e-19	4.33587980e+00	-4.33587980e+00
0.67            	8.62812173e+00	4.14073687e+00	4.48738485e+00	3.46647982e-01	1.73187269e-01	1.73460713e-01	-1.36722003e-04	-1.73323991e-01	4.31406086e+00	6.10480579e-19	4.31406086e+00	-4.31406086e+00
0.675           	8.58181022e+00	4.12388850e+00	4.45792172e+00	3.34033228e-01	1.66880464e-01	1.67152764e-01	-1.36149849e-04	-1.67016614e-01	4.29090511e+00	5.82986854e-19	4.29090511e+00	-4.29090511e+00
0.68            	8.53478120e+00	4.10760175e+00	4.42717945e+00	3.19577703e-01	1.59654071e-01	1.59923632e-01	-1.34780618e-04	-1.59788852e-01	4.26739060e+00	5.55418181e-19	4.26739060e+00	-4.26739060e+00
0.685           	8.49049814e+00	4.09282518e+00	4.39767295e+00	3.04847768e-01	1.52290688e-01	1.52557080e-01	-1.33195765e-04	-1.52423884e-01	4.24524907e+00	5.35905164e-19	4.24524907e+00	-4.24524907e+00
0.69            	8.45157175e+00	4.08005548e+00	4.37151627e+00	2.91460797e-01	1.45598504e-01	1.45862293e-01	-1.31894392e-04	-1.45730399e-01	4.22578588e+00	5.29206772e-19	4.22578588e+00	-4.22578588e+00
0.695           	8.41780006e+00	4.06802012e+00	4.34977994e+00	2.81759816e-01	1.40748350e-01	1.41011465e-01	-1.31557704e-04	-1.40879908e-01	4.20890003e+00	5.35741592e-19	4.20890003e+00	-4.20890003e+00
0.7             	8.38601713e+00	4.05401530e+00	4.33200183e+00	2.77986533e-01	1.38860477e-01	1.39126056e-01	-1.32789804e-04	-1.38993267e-01	4.19300856e+00	5.52116241e-19	4.19300856e+00	-4.19300856e+00
0.705           	8.35136532e+00	4.03493128e+00	4.31643404e+00	2.81502756e-01	1.40615365e-01	1.40887391e-01	-1.36012770e-04	-1.40751378e-01	4.17568266e+00	5.72210047e-19	4.17568266e+00	-4.17568266e+00
0.71            	8.31039070e+00	4.00890812e+00	4.30148258e+00	2.92574456e-01	1.46145895e-01	1.46428561e-01	-1.41333060e-04	-1.46287228e-01	4.15519535e+00	5.89159225e-19	4.15519535e+00	-4.15519535e+00
0.715           	8.26293273e+00	3.97587990e+00	4.28705283e+00	3.11172929e-01	1.55437898e-01	1.55735031e-01	-1.48566384e-04	-1.55586464e-01	4.13146637e+00	5.98029902e-19	4.13146637e+00	-4.13146637e+00
0.72            	8.21168891e+00	3.93738132e+00	4.27430759e+00	3.36926276e-01	1.68305596e-01	1.68620681e-01	-1.57542495e-04	-1.68463138e-01	4.10584446e+00	5.96532614e-19	4.10584446e+00	-4.10584446e+00
0.725           	8.16140233e+00	3.89609331e+00	4.26530902e+00	3.69215711e-01	1.84439676e-01	1.84776035e-01	-1.68179442e-04	-1.84607855e-01	4.08070117e+00	5.86251961e-19	4.08070117e+00	-4.08070117e+00
0.73            	8.11594781e+00	3.85436254e+00	4.26158528e+00	4.07222741e-01	2.03431260e-01	2.03791481e-01	-1.80110235e-04	-2.03611370e-01	4.05797391e+00	5.71338679e-19	4.05797391e+00	-4.05797391e+00
0.735           	8.07666734e+00	3.81363109e+00	4.26303625e+00	4.49405156e-01	2.24509519e-01	2.24895636e-01	-1.93058575e-04	-2.24702578e-01	4.03833367e+00	5.57210259e-19	4.03833367e+00	-4.03833367e+00
0.74            	8.04196777e+00	3.77447160e+00	4.26749617e+00	4.93024568e-01	2.46305744e-01	2.46718824e-01	-2.06540345e-04	-2.46512284e-01	4.02098389e+00	5.48621047e-19	4.02098389e+00	-4.02098389e+00
0.745           	8.00930334e+00	3.73736201e+00	4.27194133e+00	5.34579316e-01	2.67069825e-01	2.67509491e-01	-2.19833408e-04	-2.67289658e-01	4.00465167e+00	5.47712170e-19	4.00465167e+00	-4.00465167e+00
0.75            	7.97645198e+00	3.70319503e+00	4.27325695e+00	5.70061925e-01	2.84798874e-01	2.85263052e-01	-2.32089047e-04	-2.85030963e-01	3.98822599e+00	5.53816546e-19	3.98822599e+00	-3.98822599e+00
0.755           	7.94231905e+00	3.67363571e+00	4.26868335e+00	5.95047637e-01	2.97281677e-01	2.97765961e-01	-2.42142026e-04	-2.97523819e-01	3.97115953e+00	5.64463762e-19	3.97115953e+00	-3.97115953e+00
0.76            	7.90683189e+00	3.65074220e+00	4.25608969e+00	6.05347491e-01	3.02424924e-01	3.02922567e-01	-2.48821587e-04	-3.02673745e-01	3.95341595e+00	5.75718007e-19	3.95341595e+00	-3.95341595e+00
0.765           	7.87112794e+00	3.63694809e+00	4.23417985e+00	5.97231754e-01	2.98364877e-01	2.98866877e-01	-2.51000297e-04	-2.98615877e-01	3.93556397e+00	5.83264961e-19	3.93556397e+00	-3.93556397e+00
0.77            	7.83660458e+00	3.63397606e+00	4.20262852e+00	5.68652456e-01	2.84078618e-01	2.84573837e-01	-2.47609556e-04	-2.84326228e-01	3.91830229e+00	5.84514686e-19	3.91830229e+00	-3.91830229e+00
0.775           	7.80466972e+00	3.64227554e+00	4.16239418e+00	5.20118642e-01	2.59821174e-01	2.60297468e-01	-2.38147211e-04	-2.60059321e-01	3.90233486e+00	5.78874058e-19	3.90233486e+00	-3.90233486e+00
0.78            	7.77620968e+00	3.66086866e+00	4.11534102e+00	4.54472360e-01	2.27013346e-01	2.27459014e-01	-2.22833989e-04	-2.27236180e-01	3.88810484e+00	5.67917262e-19	3.88810484e+00	-3.88810484e+00
0.785           	7.75137836e+00	3.68741004e+00	4.06396832e+00	3.76558282e-01	1.88076656e-01	1.88481626e-01	-2.02485241e-04	-1.88279141e-01	3.87568918e+00	5.54683748e-19	3.87568918e+00	-3.87568918e+00
0.79            	7.72928806e+00	3.71809460e+00	4.01119346e+00	2.93098856e-01	1.46370586e-01	1.46728270e-01	-1.78842038e-04	-1.46549428e-01	3.86464403e+00	5.42717301e-19	3.86464403e+00	-3.86464403e+00
0.795           	7.70769507e+00	3.74784363e+00	3.95985144e+00	2.12007812e-01	1.05849798e-01	1.06158014e-01	-1.54107900e-04	-1.06003906e-01	3.85384753e+00	5.34781196e-19	3.85384753e+00	-3.85384753e+00
0.8             	7.68319600e+00	3.77042821e+00	3.91276779e+00	1.42339581e-01	7.10385862e-02	7.13009946e-02	-1.31204195e-04	-7.11697904e-02	3.84159800e+00	5.32484097e-19	3.84159800e+00	-3.84159800e+00
0.805           	7.65186705e+00	3.77878243e+00	3.87308462e+00	9.43021860e-02	4.70378154e-02	4.72643706e-02	-1.13277629e-04	-4.71510930e-02	3.82593352e+00	5.35919020e-19	3.82593352e+00	-3.82593352e+00
0.81            	7.61157945e+00	3.76609179e+00	3.84548766e+00	7.93958647e-02	3.95943907e-02	3.98014740e-02	-1.03541619e-04	-3.96979324e-02	3.80578973e+00	5.43245869e-19	3.80578973e+00	-3.80578973e+00
0.815           	7.56282917e+00	3.72884457e+00	3.83398460e+00	1.05140025e-01	5.24649406e-02	5.26750845e-02	-1.05071942e-04	-5.25700125e-02	3.78141459e+00	5.51729289e-19	3.78141459e+00	-3.78141459e+00
0.82            	7.50907064e+00	3.66879468e+00	3.84027596e+00	1.71481283e-01	8.56218310e-02	8.58594517e-02	-1.18810340e-04	-8.57406413e-02	3.75453532e+00	5.59486516e-19	3.75453532e+00	-3.75453532e+00
0.825           	7.45524840e+00	3.59320583e+00	3.86204257e+00	2.68836741e-01	1.34274967e-01	1.34561775e-01	-1.43404072e-04	-1.34418371e-01	3.72762420e+00	5.65672952e-19	3.72762420e+00	-3.72762420e+00
0.83            	7.40666279e+00	3.51493824e+00	3.89172455e+00	3.76786315e-01	1.88218409e-01	1.88567906e-01	-1.74748422e-04	-1.88393158e-01	3.70333139e+00	5.70014471e-19	3.70333139e+00	-3.70333139e+00
0.835           	7.36675152e+00	3.44991859e+00	3.91683293e+00	4.66914335e-01	2.33251217e-01	2.33663118e-01	-2.05950406e-04	-2.33457167e-01	3.68337576e+00	5.72450173e-19	3.68337576e+00	-3.68337576e+00
0.84            	7.33588091e+00	3.41204876e+00	3.92383214e+00	5.11783381e-01	2.55663391e-01	2.56119990e-01	-2.28299306e-04	-2.55891691e-01	3.66794045e+00	5.73112766e-19	3.66794045e+00	-3.66794045e+00
0.845           	7.31225139e+00	3.41100810e+00	3.90124329e+00	4.90235188e-01	2.44883112e-01	2.45352076e-01	-2.34482229e-04	-2.45117594e-01	3.65612569e+00	5.71831310e-19	3.65612569e+00	-3.65612569e+00
0.85            	7.29280244e+00	3.44890226e+00	3.84390017e+00	3.94997910e-01	1.97279436e-01	1.97718474e-01	-2.19519358e-04	-1.97498955e-01	3.64640122e+00	5.68673647e-19	3.64640122e+00	-3.64640122e+00
0.855           	7.27436769e+00	3.51859506e+00	3.75577263e+00	2.37177568e-01	1.18405689e-01	1.18771879e-01	-1.83095048e-04	-1.18588784e-01	3.63718384e+00	5.63529696e-19	3.63718384e+00	-3.63718384e+00
0.86            	7.25473568e+00	3.60496345e+00	3.64977224e+00	4.48087905e-02	2.22736941e-02	2.25350964e-02	-1.30701185e-04	-2.24043953e-02	3.62736784e+00	5.56731064e-19	3.62736784e+00	-3.62736784e+00
0.865           	7.23218636e+00	3.68772471e+00	3.54446165e+00	-1.43263063e-01	-7.17039827e-02	-7.15590803e-02	-7.24512450e-05	7.16315315e-02	3.61609318e+00	5.49680353e-19	3.61609318e+00	-3.61609318e+00
0.87            	7.20524438e+00	3.74537209e+00	3.45987229e+00	-2.85499799e-01	-1.42770525e-01	-1.42729274e-01	-2.06254361e-05	1.42749900e-01	3.60262219e+00	5.43616183e-19	3.60262219e+00	-3.60262219e+00
0.875           	7.17199972e+00	3.75901799e+00	3.41298172e+00	-3.46036268e-01	-1.73005018e-01	-1.73031250e-01	1.31162502e-05	1.73018134e-01	3.58599986e+00	5.39974318e-19	3.58599986e+00	-3.58599986e+00
0.88            	7.13096542e+00	3.71917207e+00	3.41179335e+00	-3.07378727e-01	-1.53669140e-01	-1.53709586e-01	2.02229590e-05	1.53689363e-01	3.56548271e+00	5.39862899e-19	3.56548271e+00	-3.56548271e+00
0.885           	7.08223950e+00	3.63123007e+00	3.45100944e+00	-1.80220630e-01	-9.01110527e-02	-9.01095776e-02	-7.37525755e-07	9.01103151e-02	3.54111975e+00	5.43491186e-19	3.54111975e+00	-3.54111975e+00
0.89            	7.02845204e+00	3.51591105e+00	3.51254099e+00	-3.37005837e-03	-1.72861987e-03	-1.64143850e-03	-4.35906869e-05	1.68502919e-03	3.51422602e+00	5.50148569e-19	3.51422602e+00	-3.51422602e+00
0.895           	6.97488686e+00	3.40399569e+00	3.57089117e+00	1.66895476e-01	8.33526930e-02	8.35427826e-02	-9.50447769e-05	-8.34477378e-02	3.48744343e+00	5.57916546e-19	3.48744343e+00	-3.48744343e+00
0.9             	6.92768079e+00	3.32708444e+00	3.60059635e+00	2.73511916e-01	1.36617640e-01	1.36894277e-01	-1.38318493e-04	-1.36755958e-01	3.46384040e+00	5.64942200e-19	3.46384040e+00	-3.46384040e+00
0.905           	6.89192292e+00	3.30743954e+00	3.58448338e+00	2.77043841e-01	1.38364534e-01	1.38679307e-01	-1.57386770e-04	-1.38521920e-01	3.44596146e+00	5.69738139e-19	3.44596146e+00	-3.44596146e+00
0.91            	6.86854894e+00	3.34999877e+00	3.51855018e+00	1.68551408e-01	8.41327162e-02	8.44186918e-02	-1.42987783e-04	-8.42757040e-02	3.43427447e+00	5.71923168e-19	3.43427447e+00	-3.43427447e+00
0.915           	6.85447900e+00	3.44028264e+00	3.41419636e+00	-2.60862837e-02	-1.31389573e-02	-1.29473264e-02	-9.58154383e-05	1.30431419e-02	3.42723950e+00	5.71939267e-19	3.42723950e+00	-3.42723950e+00
0.92            	6.84364796e+00	3.54907204e+00	3.29457592e+00	-2.54496124e-01	-1.27275511e-01	-1.27220613e-01	-2.74491580e-05	1.27248062e-01	3.42182398e+00	5.69626943e-19	3.42182398e+00	-3.42182398e+00
0.925           	6.82984499e+00	3.64226223e+00	3.18758276e+00	-4.54679464e-01	-2.27295941e-01	-2.27383524e-01	4.37917443e-05	2.27339732e-01	3.41492249e+00	5.64858322e-19	3.41492249e+00	-3.41492249e+00
0.93            	6.80775474e+00	3.69019486e+00	3.11755988e+00	-5.72634985e-01	-2.86219201e-01	-2.86415783e-01	9.82911171e-05	2.86317492e-01	3.40387737e+00	5.58329550e-19	3.40387737e+00	-3.40387737e+00
0.935           	6.77517369e+00	3.67604982e+00	3.09912388e+00	-5.76925935e-01	-2.88341269e-01	-2.88584666e-01	1.21698832e-04	2.88462968e-01	3.38758685e+00	5.51232961e-19	3.38758685e+00	-3.38758685e+00
0.94            	6.73353333e+00	3.60367527e+00	3.12985806e+00	-4.73817202e-01	-2.36800238e-01	-2.37016964e-01	1.08362805e-04	2.36908601e-01	3.36676666e+00	5.44844433e-19	3.36676666e+00	-3.36676666e+00
0.945           	6.68705232e+00	3.49733281e+00	3.18971950e+00	-3.07613308e-01	-1.53741452e-01	-1.53871856e-01	6.52017272e-05	1.53806654e-01	3.34352616e+00	5.40593039e-19	3.34352616e+00	-3.34352616e+00
0.95            	6.64101154e+00	3.39200243e+00	3.24900911e+00	-1.42993321e-01	-7.14880880e-02	-7.15052327e-02	8.57236831e-06	7.14966603e-02	3.32050577e+00	5.40307458e-19	3.32050577e+00	-3.32050577e+00
0.955           	6.60057992e+00	3.32081473e+00	3.27976520e+00	-4.10495274e-02	-2.05648951e-02	-2.04846323e-02	-4.01314047e-05	2.05247637e-02	3.30028996e+00	5.45101233e-19	3.30028996e+00	-3.30028996e+00
0.96            	6.56785303e+00	3.30254405e+00	3.26530898e+00	-3.72350767e-02	-1.86807504e-02	-1.85543263e-02	-6.32120362e-05	1.86175384e-02	3.28392651e+00	5.55016633e-19	3.28392651e+00	-3.28392651e+00
0.965           	6.54179291e+00	3.33624432e+00	3.20554858e+00	-1.30695737e-01	-6.54002044e-02	-6.52955328e-02	-5.23358366e-05	6.53478686e-02	3.27089645e+00	5.67320866e-19	3.27089645e+00	-3.27089645e+00
0.97            	6.51924801e+00	3.40364048e+00	3.11560753e+00	-2.88032955e-01	-1.44028399e-01	-1.44004556e-01	-1.19215358e-05	1.44016477e-01	3.25962400e+00	5.78840151e-19	3.25962400e+00	-3.25962400e+00
0.975           	6.49611948e+00	3.47581824e+00	3.02030124e+00	-4.55517009e-01	-2.27713844e-01	-2.27803165e-01	4.46605357e-05	2.27758505e-01	3.24805974e+00	5.85737429e-19	3.24805974e+00	-3.24805974e+00
0.98            	6.46890335e+00	3.52351750e+00	2.94538584e+00	-5.78131658e-01	-2.88967951e-01	-2.89163708e-01	9.78786196e-05	2.89065829e-01	3.23445167e+00	5.85034693e-19	3.23445167e+00	-3.23445167e+00
0.985           	6.43594382e+00	3.52732324e+00	2.90862058e+00	-6.18702658e-01	-3.09220653e-01	-3.09482005e-01	1.30675693e-04	3.09351329e-01	3.21797191e+00	5.75954147e-19	3.21797191e+00	-3.21797191e+00
0.99            	6.39836102e+00	3.48470439e+00	2.91365662e+00	-5.71047768e-01	-2.85390508e-01	-2.85657260e-01	1.33375929e-04	2.85523884e-01	3.19918051e+00	5.60271267e-19	3.19918051e+00	-3.19918051e+00
0.995           	6.35961436e+00	3.41242121e+00	2.94719315e+00	-4.65228055e-01	-2.32505703e-01	-2.32722352e-01	1.08324502e-04	2.32614028e-01	3.17980718e+00	5.42817772e-19	3.17980718e+00	-3.17980718e+00
1               	6.32356572e+00	3.33958927e+00	2.98397645e+00	-3.55612818e-01	-1.77738315e-01	-1.77874503e-01	6.80943752e-05	1.77806409e-01	3.16178286e+00	5.29113603e-19	3.16178286e+00	-3.16178286e+00
1.005           	6.29258156e+00	3.29411593e+00	2.99846563e+00	-2.95650297e-01	-1.47793671e-01	-1.47856626e-01	3.14775086e-05	1.47825148e-01	3.14629078e+00	5.24060862e-19	3.14629078e+00	-3.14629078e+00
1.01            	6.26625962e+00	3.29065657e+00	2.97560306e+00	-3.15053510e-01	-1.57512257e-01	-1.57541253e-01	1.44976061e-05	1.57526755e-01	3.13312981e+00	5.29951089e-19	3.13312981e+00	-3.13312981e+00
1.015           	6.24153458e+00	3.32549353e+00	2.91604105e+00	-4.09452483e-01	-2.04700983e-01	-2.04751500e-01	2.52584602e-05	2.04726242e-01	3.12076729e+00	5.45324806e-19	3.12076729e+00	-3.12076729e+00
1.02            	6.21494156e+00	3.37975113e+00	2.83519043e+00	-5.44560702e-01	-2.72221008e-01	-2.72339695e-01	5.93434245e-05	2.72280351e-01	3.10747078e+00	5.65461802e-19	3.10747078e+00	-3.10747078e+00
1.025           	6.18492797e+00	3.42884940e+00	2.75607856e+00	-6.72770837e-01	-3.36281875e-01	-3.36488961e-01	1.03542809e-04	3.36385418e-01	3.09246398e+00	5.83927358e-19	3.09246398e+00	-3.09246398e+00
1.03            	6.15248252e+00	3.45260162e+00	2.69988090e+00	-7.52720715e-01	-3.76218625e-01	-3.76502090e-01	1.41732006e-04	3.76360358e-01	3.07624126e+00	5.94786231e-19	3.07624126e+00	-3.07624126e+00
1.035           	6.11974628e+00	3.44182725e+00	2.67791903e+00	-7.63908222e-01	-3.81792375e-01	-3.82115847e-01	1.61736012e-04	3.81954111e-01	3.05987314e+00	5.94192116e-19	3.05987314e+00	-3.05987314e+00
1.04            	6.08753080e+00	3.40069006e+00	2.68684074e+00	-7.13849325e-01	-3.56765656e-01	-3.57083669e-01	1.59006300e-04	3.56924662e-01	3.04376540e+00	5.82067366e-19	3.04376540e+00	-3.04376540e+00
1.045           	6.05604261e+00	3.34594411e+00	2.71009850e+00	-6.35845603e-01	-3.17784134e-01	-3.18061469e-01	1.38667360e-04	3.17922802e-01	3.02802130e+00	5.62029648e-19	3.02802130e+00	-3.02802130e+00
1.05            	6.02365296e+00	3.29759060e+00	2.72606236e+00	-5.71528243e-01	-2.85650896e-01	-2.85877347e-01	1.13225318e-04	2.85764122e-01	3.01182648e+00	5.40272258e-19	3.01182648e+00	-3.01182648e+00
1.055           	5.98821229e+00	3.26958170e+00	2.71863058e+00	-5.50951118e-01	-2.75380471e-01	-2.75570647e-01	9.50880417e-05	2.75475559e-01	2.99410614e+00	5.23524569e-19	2.99410614e+00	-2.99410614e+00
1.06            	5.94949343e+00	3.26495022e+00	2.68454321e+00	-5.80407014e-01	-2.90110970e-01	-2.90296044e-01	9.25370740e-05	2.90203507e-01	2.97474671e+00	5.17220630e-19	2.97474671e+00	-2.97474671e+00
1.065           	5.91056199e+00	3.27615677e+00	2.63440522e+00	-6.41751542e-01	-3.20770631e-01	-3.20980911e-01	1.05139923e-04	3.20875771e-01	2.95528099e+00	5.23956192e-19	2.95528099e+00	-2.95528099e+00
1.07            	5.87639426e+00	3.29006832e+00	2.58632593e+00	-7.03742393e-01	-3.51746186e-01	-3.51996207e-01	1.25010717e-04	3.51871196e-01	2.93819713e+00	5.42525435e-19	2.93819713e+00	-2.93819713e+00
1.075           	5.85107591e+00	3.29457828e+00	2.55649763e+00	-7.38080654e-01	-3.68898793e-01	-3.69181861e-01	1.41534286e-04	3.69040327e-01	2.92553796e+00	5.66817727e-19	2.92553796e+00	-2.92553796e+00
1.08            	5.83371583e+00	3.28257887e+00	2.55113696e+00	-7.31441907e-01	-3.65574420e-01	-3.65867486e-01	1.46532993e-04	3.65720953e-01	2.91685792e+00	5.88781345e-19	2.91685792e+00	-2.91685792e+00
1.085           	5.81804788e+00	3.25204000e+00	2.56600788e+00	-6.86032122e-01	-3.42878639e-01	-3.43153482e-01	1.37421695e-04	3.43016061e-01	2.90902394e+00	6.01932328e-19	2.90902394e+00	-2.90902394e+00
1.09            	5.79563147e+00	3.20833506e+00	2.58729642e+00	-6.21038638e-01	-3.10402257e-01	-3.10636381e-01	1.17061756e-04	3.10519319e-01	2.89781574e+00	6.02901477e-19	2.89781574e+00	-2.89781574e+00
1.095           	5.76030469e+00	3.16252265e+00	2.59778204e+00	-5.64740614e-01	-2.82277724e-01	-2.82462890e-01	9.25828752e-05	2.82370307e-01	2.88015235e+00	5.91036237e-19	2.88015235e+00	-2.88015235e+00
1.1             	5.71275409e+00	3.12538762e+00	2.58736647e+00	-5.38021155e-01	-2.68936734e-01	-2.69084422e-01	7.38439702e-05	2.69010578e-01	2.85637704e+00	5.69959279e-19	2.85637704e+00	-2.85637704e+00
1.105           	5.66155911e+00	3.10376722e+00	2.55779189e+00	-5.45975334e-01	-2.72921550e-01	-2.73053784e-01	6.61170957e-05	2.72987667e-01	2.83077956e+00	5.45881253e-19	2.83077956e+00	-2.83077956e+00
1.11            	5.61827891e+00	3.09870687e+00	2.51957204e+00	-5.79134827e-01	-2.89497267e-01	-2.89637560e-01	7.01462411e-05	2.89567413e-01	2.80913945e+00	5.25774669e-19	2.80913945e+00	-2.80913945e+00
1.115           	5.59115837e+00	3.10603051e+00	2.48512786e+00	-6.20902651e-01	-3.10369789e-01	-3.10532862e-01	8.15366812e-05	3.10451326e-01	2.79557918e+00	5.14510294e-19	2.79557918e+00	-2.79557918e+00
1.12            	5.58021635e+00	3.11789484e+00	2.46232151e+00	-6.55573327e-01	-3.27691681e-01	-3.27881645e-01	9.49820189e-05	3.27786663e-01	2.79010817e+00	5.13867747e-19	2.79010817e+00	-2.79010817e+00
1.125           	5.57566869e+00	3.12641181e+00	2.44925688e+00	-6.77154931e-01	-3.38472194e-01	-3.38682736e-01	1.05270924e-04	3.38577465e-01	2.78783435e+00	5.23321070e-19	2.78783435e+00	-2.78783435e+00
1.13            	5.56278891e+00	3.12654314e+00	2.43624577e+00	-6.90297367e-01	-3.45037418e-01	-3.45259949e-01	1.11265364e-04	3.45148684e-01	2.78139446e+00	5.39010260e-19	2.78139446e+00	-2.78139446e+00
1.135           	5.52948874e+00	3.11770177e+00	2.41178697e+00	-7.05914804e-01	-3.52842487e-01	-3.53072317e-01	1.14914622e-04	3.52957402e-01	2.76474437e+00	5.55895293e-19	2.76474437e+00	-2.76474437e+00
1.14            	5.47456779e+00	3.10510471e+00	2.36946308e+00	-7.35641633e-01	-3.67701068e-01	-3.67940565e-01	1.19748751e-04	3.67820816e-01	2.73728390e+00	5.70047995e-19	2.73728390e+00	-2.73728390e+00
1.145           	5.40967669e+00	3.09804638e+00	2.31163031e+00	-7.86416070e-01	-3.93078269e-01	-3.93337801e-01	1.29765792e-04	3.93208035e-01	2.70483835e+00	5.78710859e-19	2.70483835e+00	-2.70483835e+00
1.15            	5.35441218e+00	3.10531797e+00	2.24909421e+00	-8.56223760e-01	-4.27964470e-01	-4.28259290e-01	1.47409756e-04	4.28111880e-01	2.67720609e+00	5.80329051e-19	2.67720609e+00	-2.67720609e+00
1.155           	5.32662687e+00	3.13155462e+00	2.19507225e+00	-9.36482365e-01	-4.68069234e-01	-4.68413130e-01	1.71947827e-04	4.68241182e-01	2.66331343e+00	5.75618126e-19	2.66331343e+00	-2.66331343e+00
1.16            	5.33189339e+00	3.17452783e+00	2.15736556e+00	-1.01716228e+00	-5.08380566e-01	-5.08781710e-01	2.00571911e-04	5.08581138e-01	2.66594670e+00	5.66531969e-19	2.66594670e+00	-2.66594670e+00
1.165           	5.35974004e+00	3.22516052e+00	2.13457953e+00	-1.09058099e+00	-5.45060578e-01	-5.45520411e-01	2.29916330e-04	5.45290495e-01	2.67987002e+00	5.55970198e-19	2.67987002e+00	-2.67987002e+00
1.17            	5.38752080e+00	3.27047587e+00	2.11704493e+00	-1.15343094e+00	-5.76458563e-01	-5.76972378e-01	2.56907367e-04	5.76715470e-01	2.69376040e+00	5.46201772e-19	2.69376040e+00	-2.69376040e+00
1.175           	5.38986641e+00	3.29769332e+00	2.09217309e+00	-1.20552023e+00	-6.02480580e-01	-6.03039651e-01	2.79535521e-04	6.02760115e-01	2.69493321e+00	5.38830749e-19	2.69493321e+00	-2.69493321e+00
1.18            	5.35054880e+00	3.29828697e+00	2.05226184e+00	-1.24602513e+00	-6.22715785e-01	-6.23309348e-01	2.96781382e-04	6.23012566e-01	2.67527440e+00	5.35483881e-19	2.67527440e+00	-2.67527440e+00
1.185           	5.27084680e+00	3.27077069e+00	2.00007612e+00	-1.27069457e+00	-6.35039690e-01	-6.35654880e-01	3.07595223e-04	6.35347285e-01	2.63542340e+00	5.36774904e-19	2.63542340e+00	-2.63542340e+00
1.19            	5.16961543e+00	3.22087470e+00	1.94874073e+00	-1.27213397e+00	-6.35756546e-01	-6.36377427e-01	3.10440622e-04	6.36066987e-01	2.58480771e+00	5.42156786e-19	2.58480771e+00	-2.58480771e+00
1.195           	5.07494363e+00	3.15890987e+00	1.91603375e+00	-1.24287612e+00	-6.21134251e-01	-6.21741870e-01	3.03809736e-04	6.21438060e-01	2.53747181e+00	5.50319593e-19	2.53747181e+00	-2.53747181e+00
1.2             	5.01119209e+00	3.09544795e+00	1.91574414e+00	-1.17970381e+00	-5.89564797e-01	-5.90139012e-01	2.87107343e-04	5.89851905e-01	2.50559605e+00	5.58499902e-19	2.50559605e+00	-2.50559605e+00
1.205           	4.98870046e+00	3.03900600e+00	1.94969446e+00	-1.08931153e+00	-5.44394500e-01	-5.44917034e-01	2.61266566e-04	5.44655767e-01	2.49435023e+00	5.64112384e-19	2.49435023e+00	-2.49435023e+00
1.21            	4.99931868e+00	2.99473828e+00	2.00458040e+00	-9.90157884e-01	-4.94848549e-01	-4.95309335e-01	2.30393211e-04	4.95078942e-01	2.49965934e+00	5.65406670e-19	2.49965934e+00	-2.49965934e+00
1.215           	5.02103443e+00	2.96538260e+00	2.05565182e+00	-9.09730781e-01	-4.54664039e-01	-4.55066742e-01	2.01351523e-04	4.54865390e-01	2.51051721e+00	5.62262356e-19	2.51051721e+00	-2.51051721e+00
1.22            	5.02831647e+00	2.95296821e+00	2.07534826e+00	-8.77619949e-01	-4.38626796e-01	-4.38993153e-01	1.83178533e-04	4.38809974e-01	2.51415823e+00	5.55995261e-19	2.51415823e+00	-2.51415823e+00
1.225           	5.00394600e+00	2.96056282e+00	2.04338318e+00	-9.17179645e-01	-4.58405347e-01	-4.58774298e-01	1.84475256e-04	4.58589822e-01	2.50197300e+00	5.49300532e-19	2.50197300e+00	-2.50197300e+00
1.23            	4.94677029e+00	2.99237420e+00	1.95439608e+00	-1.03797812e+00	-5.18777778e-01	-5.19200340e-01	2.11281126e-04	5.18989059e-01	2.47338514e+00	5.44662313e-19	2.47338514e+00	-2.47338514e+00
1.235           	4.87182900e+00	3.05177876e+00	1.82005024e+00	-1.23172852e+00	-6.15598991e-01	-6.16129531e-01	2.65269597e-04	6.15864261e-01	2.43591450e+00	5.43962191e-19	2.43591450e+00	-2.43591450e+00
1.24            	4.80382202e+00	3.13912764e+00	1.66469438e+00	-1.47443325e+00	-7.36874443e-01	-7.37558812e-01	3.42184399e-04	7.37216627e-01	2.40191101e+00	5.46886565e-19	2.40191101e+00	-2.40191101e+00
1.245           	4.76552948e+00	3.24851878e+00	1.51701070e+00	-1.73150807e+00	-8.65321263e-01	-8.66186811e-01	4.32774064e-04	8.65754037e-01	2.38276474e+00	5.52371477e-19	2.38276474e+00	-2.38276474e+00
1.25            	4.76680525e+00	3.36503228e+00	1.40177298e+00	-1.96325930e+00	-9.81105757e-01	-9.82153546e-01	5.23894572e-04	9.81629652e-01	2.38340263e+00	5.58372917e-19	2.38340263e+00	-2.38340263e+00
1.255           	4.79958595e+00	3.46472569e+00	1.33486026e+00	-2.12986544e+00	-1.06433117e+00	-1.06553427e+00	6.01553142e-04	1.06493272e+00	2.39979298e+00	5.62810481e-19	2.39979298e+00	-2.39979298e+00
1.26            	4.84074648e+00	3.51854510e+00	1.32220138e+00	-2.19634372e+00	-1.09751976e+00	-1.09882396e+00	6.52098220e-04	1.09817186e+00	2.42037324e+00	5.64020884e-19	2.42037324e+00	-2.42037324e+00
1.265           	4.86001238e+00	3.49948577e+00	1.36052660e+00	-2.13895917e+00	-1.06881411e+00	-1.07014506e+00	6.65478236e-04	1.06947958e+00	2.43000619e+00	5.61402920e-19	2.43000619e+00	-2.43000619e+00
1.27            	4.83223424e+00	3.39499663e+00	1.43723762e+00	-1.95775901e+00	-9.78242848e-01	-9.79516160e-01	6.36655616e-04	9.78879504e-01	2.41611712e+00	5.55719309e-19	2.41611712e+00	-2.41611712e+00
1.275           	4.74832839e+00	3.21690583e+00	1.53142256e+00	-1.68548326e+00	-8.42171802e-01	-8.43311460e-01	5.69828812e-04	8.42741631e-01	2.37416419e+00	5.48706533e-19	2.37416419e+00	-2.37416419e+00
1.28            	4.62017230e+00	3.00372286e+00	1.61644944e+00	-1.38727342e+00	-6.93157181e-01	-6.94116241e-01	4.79530081e-04	6.93636711e-01	2.31008615e+00	5.42398894e-19	2.31008615e+00	-2.31008615e+00
1.285           	4.47812889e+00	2.81396803e+00	1.66416086e+00	-1.14980717e+00	-5.74514850e-01	-5.75292321e-01	3.88735417e-04	5.74903586e-01	2.23906444e+00	5.38158040e-19	2.23906444e+00	-2.23906444e+00
1.29            	4.35978073e+00	2.70720905e+00	1.65257168e+00	-1.05463737e+00	-5.26993020e-01	-5.27644349e-01	3.25664438e-04	5.27318684e-01	2.17989036e+00	5.37001949e-19	2.17989036e+00	-2.17989036e+00
1.295           	4.29609102e+00	2.72223768e+00	1.57385334e+00	-1.14838434e+00	-5.73876181e-01	-5.74508156e-01	3.15987458e-04	5.74192168e-01	2.14804551e+00	5.38887311e-19	2.14804551e+00	-2.14804551e+00
1.3             	4.30058927e+00	2.86258490e+00	1.43800437e+00	-1.42458054e+00	-7.11916332e-01	-7.12664204e-01	3.73936345e-04	7.12290268e-01	2.15029463e+00	5.43916519e-19	2.15029463e+00	-2.15029463e+00
1.305           	4.36476392e+00	3.09651301e+00	1.26825091e+00	-1.82826209e+00	-9.13635570e-01	-9.14626523e-01	4.95476372e-04	9.14131047e-01	2.18238196e+00	5.51173976e-19	2.18238196e+00	-2.18238196e+00
1.31            	4.46086289e+00	3.36800561e+00	1.09285729e+00	-2.27514832e+00	-1.13691513e+00	-1.13823319e+00	6.59026499e-04	1.13757416e+00	2.23043145e+00	5.59288147e-19	2.23043145e+00	-2.23043145e+00
1.315           	4.55127199e+00	3.61419720e+00	9.37074792e-01	-2.67712241e+00	-1.33773063e+00	-1.33939178e+00	8.30575958e-04	1.33856120e+00	2.27563600e+00	5.65648847e-19	2.27563600e+00	-2.27563600e+00
1.32            	4.59919377e+00	3.77927562e+00	8.19918153e-01	-2.95935747e+00	-1.47870362e+00	-1.48065385e+00	9.75111613e-04	1.47967873e+00	2.29959689e+00	5.68147149e-19	2.29959689e+00	-2.29959689e+00
1.325           	4.57879270e+00	3.82143783e+00	7.57354869e-01	-3.06408297e+00	-1.53097602e+00	-1.53310695e+00	1.06546742e-03	1.53204148e+00	2.28939635e+00	5.65976916e-19	2.28939635e+00	-2.28939635e+00
1.33            	4.48361949e+00	3.72169793e+00	7.61921562e-01	-2.95977637e+00	-1.47880262e+00	-1.48097375e+00	1.08556606e-03	1.47988818e+00	2.24180975e+00	5.59651055e-19	2.24180975e+00	-2.24180975e+00
1.335           	4.32956416e+00	3.49122694e+00	8.38337226e-01	-2.65288971e+00	-1.32541139e+00	-1.32747832e+00	1.03346163e-03	1.32644486e+00	2.16478208e+00	5.51395218e-19	2.16478208e+00	-2.16478208e+00
1.34            	4.15111702e+00	3.17593819e+00	9.75178822e-01	-2.20075937e+00	-1.09945856e+00	-1.10130081e+00	9.21120939e-04	1.10037969e+00	2.07555851e+00	5.43387079e-19	2.07555851e+00	-2.07555851e+00
1.345           	3.99304208e+00	2.85683855e+00	1.13620353e+00	-1.72063502e+00	-8.59542849e-01	-8.61092171e-01	7.74661444e-04	8.60317510e-01	1.99652104e+00	5.37275962e-19	1.99652104e+00	-1.99652104e+00
1.35            	3.89492038e+00	2.62991118e+00	1.26500920e+00	-1.36490198e+00	-6.81817452e-01	-6.83084525e-01	6.33536416e-04	6.82450989e-01	1.94746019e+00	5.34500728e-19	1.94746019e+00	-1.94746019e+00
1.355           	3.87641736e+00	2.56970682e+00	1.30671054e+00	-1.26299629e+00	-6.30953000e-01	-6.32043287e-01	5.45143236e-04	6.31498144e-01	1.93820868e+00	5.35943016e-19	1.93820868e+00	-1.93820868e+00
1.36            	3.93097145e+00	2.69847440e+00	1.23249705e+00	-1.46597735e+00	-7.32440612e-01	-7.33536738e-01	5.48062754e-04	7.32988675e-01	1.96548573e+00	5.41033952e-19	1.96548573e+00	-1.96548573e+00
1.365           	4.02953432e+00	2.97523643e+00	1.05429789e+00	-1.92093853e+00	-9.59814038e-01	-9.61124495e-01	6.55228351e-04	9.60469266e-01	2.01476716e+00	5.48237904e-19	2.01476716e+00	-2.01476716e+00
1.37            	4.13220615e+00	3.31605003e+00	8.16156116e-01	-2.49989392e+00	-1.24910147e+00	-1.25079245e+00	8.45486652e-04	1.24994696e+00	2.06610307e+00	5.55241289e-19	2.06610307e+00	-2.06610307e+00
1.375           	4.20157800e+00	3.62741779e+00	5.74160204e-01	-3.05325759e+00	-1.52556043e+00	-1.52769715e+00	1.06836040e-03	1.52662879e+00	2.10078900e+00	5.60518196e-19	2.10078900e+00	-2.10078900e+00
1.38            	4.21151039e+00	3.82938338e+00	3.82127013e-01	-3.44725636e+00	-1.72236353e+00	-1.72489283e+00	1.26464869e-03	1.72362818e+00	2.10575519e+00	5.62893790e-19	2.10575519e+00	-2.10575519e+00
1.385           	4.15084474e+00	3.86604544e+00	2.84799299e-01	-3.58124614e+00	-1.78923673e+00	-1.79200941e+00	1.38633720e-03	1.79062307e+00	2.07542237e+00	5.61188116e-19	2.07542237e+00	-2.07542237e+00
1.39            	4.02487756e+00	3.71882167e+00	3.06055886e-01	-3.41276579e+00	-1.70497727e+00	-1.70778852e+00	1.40562079e-03	1.70638289e+00	2.01243878e+00	5.55758668e-19	2.01243878e+00	-2.01243878e+00
1.395           	3.85431903e+00	3.41267451e+00	4.41644525e-01	-2.97102998e+00	-1.48419052e+00	-1.48683947e+00	1.32447626e-03	1.48551499e+00	1.92715952e+00	5.47973227e-19	1.92715952e+00	-1.92715952e+00
1.4             	3.67376360e+00	3.02156406e+00	6.52199532e-01	-2.36936453e+00	-1.18351419e+00	-1.18585035e+00	1.16807949e-03	1.18468227e+00	1.83688180e+00	5.39788724e-19	1.83688180e+00	-1.83688180e+00
1.405           	3.52593419e+00	2.65856582e+00	8.67368375e-01	-1.79119744e+00	-8.94617975e-01	-8.96579465e-01	9.80745217e-04	8.95598720e-01	1.76296710e+00	5.33983677e-19	1.76296710e+00	-1.76296710e+00
1.41            	3.44724533e+00	2.43541486e+00	1.01183047e+00	-1.42358440e+00	-7.10973596e-01	-7.12610800e-01	8.18602289e-04	7.11792198e-01	1.72362266e+00	5.32237028e-19	1.72362266e+00	-1.72362266e+00
1.415           	3.45581840e+00	2.42561327e+00	1.03020513e+00	-1.39540814e+00	-6.96970991e-01	-6.98437147e-01	7.33077861e-04	6.97704069e-01	1.72790920e+00	5.35454852e-19	1.72790920e+00	-1.72790920e+00
1.42            	3.54195254e+00	2.62812656e+00	9.13825983e-01	-1.71430058e+00	-8.56389143e-01	-8.57911433e-01	7.61145028e-04	8.57150288e-01	1.77097627e+00	5.43166676e-19	1.77097627e+00	-1.77097627e+00
1.425           	3.66943634e+00	2.96672042e+00	7.02715918e-01	-2.26400450e+00	-1.13110013e+00	-1.13290437e+00	9.02121710e-04	1.13200225e+00	1.83471817e+00	5.54298075e-19	1.83471817e+00	-1.83471817e+00
1.43            	3.78811410e+00	3.32528398e+00	4.62830126e-01	-2.86245385e+00	-1.43011466e+00	-1.43233919e+00	1.11226480e-03	1.43122692e+00	1.89405705e+00	5.66010286e-19	1.89405705e+00	-1.89405705e+00
1.435           	3.84908534e+00	3.58719361e+00	2.61891733e-01	-3.32530188e+00	-1.66132793e+00	-1.66397395e+00	1.32300741e-03	1.66265094e+00	1.92454267e+00	5.73892384e-19	1.92454267e+00	-1.92454267e+00
1.44            	3.81691433e+00	3.66046681e+00	1.56447517e-01	-3.50401930e+00	-1.75054293e+00	-1.75347636e+00	1.46671453e-03	1.75200965e+00	1.90845717e+00	5.74882187e-19	1.90845717e+00	-1.90845717e+00
1.445           	3.68384771e+00	3.51038169e+00	1.73466019e-01	-3.33691567e+00	-1.66695804e+00	-1.66995763e+00	1.49979923e-03	1.66845784e+00	1.84192385e+00	5.68885560e-19	1.84192385e+00	-1.84192385e+00
1.45            	3.47483131e+00	3.16933047e+00	3.05500836e-01	-2.86382963e+00	-1.43049420e+00	-1.43333543e+00	1.42061337e-03	1.43191482e+00	1.73741565e+00	5.57551890e-19	1.73741565e+00	-1.73741565e+00
1.455           	3.24340684e+00	2.73414382e+00	5.09263019e-01	-2.22488080e+00	-1.11118164e+00	-1.11369917e+00	1.25876464e-03	1.11244040e+00	1.62170342e+00	5.43407609e-19	1.62170342e+00	-1.62170342e+00
1.46            	3.05609116e+00	2.34501401e+00	7.11077153e-01	-1.63393686e+00	-8.15903861e-01	-8.18032995e-01	1.06456687e-03	8.16968428e-01	1.52804558e+00	5.29769451e-19	1.52804558e+00	-1.52804558e+00
1.465           	2.96595782e+00	2.12705244e+00	8.38905382e-01	-1.28814706e+00	-6.43172631e-01	-6.44974425e-01	9.00896878e-04	6.44073528e-01	1.48297891e+00	5.19868573e-19	1.48297891e+00	-1.48297891e+00
1.47            	2.99447704e+00	2.14601906e+00	8.48457982e-01	-1.29756107e+00	-6.47959714e-01	-6.49601360e-01	8.20822876e-04	6.48780537e-01	1.49723852e+00	5.16720114e-19	1.49723852e+00	-1.49723852e+00
1.475           	3.11960000e+00	2.37272950e+00	7.46870501e-01	-1.62585900e+00	-8.12075612e-01	-8.13783385e-01	8.53886416e-04	8.12929499e-01	1.55980000e+00	5.22315126e-19	1.55980000e+00	-1.55980000e+00
1.48            	3.28423024e+00	2.69801378e+00	5.86216457e-01	-2.11179732e+00	-1.05491488e+00	-1.05688245e+00	9.83785105e-04	1.05589866e+00	1.64211512e+00	5.36400220e-19	1.64211512e+00	-1.64211512e+00
1.485           	3.41912098e+00	2.98914475e+00	4.29976231e-01	-2.55916852e+00	-1.27843260e+00	-1.28073592e+00	1.15166031e-03	1.27958426e+00	1.70956049e+00	5.55752018e-19	1.70956049e+00	-1.70956049e+00
1.49            	3.46725142e+00	3.13822609e+00	3.29025336e-01	-2.80920075e+00	-1.40331042e+00	-1.40589033e+00	1.28995477e-03	1.40460038e+00	1.73362571e+00	5.75504223e-19	1.73362571e+00	-1.73362571e+00
1.495           	3.40200242e+00	3.09087692e+00	3.11125496e-01	-2.77975142e+00	-1.38852459e+00	-1.39122684e+00	1.35112335e-03	1.38987571e+00	1.70100121e+00	5.89191388e-19	1.70100121e+00	-1.70100121e+00
1.5             	3.23526832e+00	2.85921408e+00	3.76054243e-01	-2.48315984e+00	-1.24025920e+00	-1.24290064e+00	1.32071883e-03	1.24157992e+00	1.61763416e+00	5.92701577e-19	1.61763416e+00	-1.61763416e+00
1.505           	3.01484707e+00	2.52166699e+00	4.93180082e-01	-2.02848691e+00	-1.01302675e+00	-1.01546015e+00	1.21670017e-03	1.01424345e+00	1.50742354e+00	5.84497983e-19	1.50742354e+00	-1.50742354e+00
1.51            	2.80755710e+00	2.20082434e+00	6.06732751e-01	-1.59409159e+00	-7.95967753e-01	-7.98123839e-01	1.07804293e-03	7.97045796e-01	1.40377855e+00	5.66798992e-19	1.40377855e+00	-1.40377855e+00
1.515           	2.67198935e+00	2.00944848e+00	6.62540874e-01	-1.34690761e+00	-6.72497025e-01	-6.74410580e-01	9.56777804e-04	6.73453803e-01	1.33599468e+00	5.44617538e-19	1.33599468e+00	-1.33599468e+00
1.52            	2.64006991e+00	2.01205528e+00	6.28014627e-01	-1.38404066e+00	-6.91123603e-01	-6.92917055e-01	8.96726022e-04	6.92020329e-01	1.32003496e+00	5.23542102e-19	1.32003496e+00	-1.32003496e+00
1.525           	2.70469813e+00	2.19132236e+00	5.13375776e-01	-1.67794658e+00	-8.38049274e-01	-8.39897306e-01	9.24016017e-04	8.38973290e-01	1.35234907e+00	5.09339336e-19	1.35234907e+00	-1.35234907e+00
1.53            	2.82537352e+00	2.46107570e+00	3.64297821e-01	-2.09677788e+00	-1.04736357e+00	-1.04941431e+00	1.02536761e-03	1.04838894e+00	1.41268676e+00	5.05282009e-19	1.41268676e+00	-1.41268676e+00
1.535           	2.94781768e+00	2.71475639e+00	2.33061292e-01	-2.48169510e+00	-1.23969265e+00	-1.24200245e+00	1.15489732e-03	1.24084755e+00	1.47390884e+00	5.12974807e-19	1.47390884e+00	-1.47390884e+00
1.54            	3.02492879e+00	2.86659687e+00	1.58331919e-01	-2.70826495e+00	-1.35287019e+00	-1.35539476e+00	1.26228341e-03	1.35413247e+00	1.51246439e+00	5.30817750e-19	1.51246439e+00	-1.51246439e+00
1.545           	3.03016961e+00	2.87084390e+00	1.59325705e-01	-2.71151820e+00	-1.35444738e+00	-1.35707082e+00	1.31171912e-03	1.35575910e+00	1.51508480e+00	5.54225286e-19	1.51508480e+00	-1.51508480e+00
1.55            	2.96178631e+00	2.73209606e+00	2.29690248e-01	-2.50240581e+00	-1.24991201e+00	-1.25249381e+00	1.29090048e-03	1.25120291e+00	1.48089316e+00	5.76530239e-19	1.48089316e+00	-1.48089316e+00
1.555           	2.84239043e+00	2.50570487e+00	3.36685555e-01	-2.16901932e+00	-1.08329732e+00	-1.08572200e+00	1.21233706e-03	1.08450966e+00	1.42119521e+00	5.91488340e-19	1.42119521e+00	-1.42119521e+00
1.56            	2.70898052e+00	2.27815031e+00	4.30830209e-01	-1.84732010e+00	-9.22553866e-01	-9.24766237e-01	1.10618582e-03	9.23660051e-01	1.35449026e+00	5.95516520e-19	1.35449026e+00	-1.35449026e+00
1.565           	2.59600923e+00	2.12522506e+00	4.70784165e-01	-1.65444090e+00	-8.26208189e-01	-8.28232707e-01	1.01225886e-03	8.27220448e-01	1.29800461e+00	5.87597601e-19	1.29800461e+00	-1.29800461e+00
1.57            	2.52479147e+00	2.08801945e+00	4.36772019e-01	-1.65124743e+00	-8.24663452e-01	-8.26583978e-01	9.60262779e-04	8.25623715e-01	1.26239573e+00	5.70389295e-19	1.26239573e+00	-1.26239573e+00
1.575           	2.49765308e+00	2.15381488e+00	3.43838200e-01	-1.80997668e+00	-9.04023100e-01	-9.05953577e-01	9.65238689e-04	9.04988338e-01	1.24882654e+00	5.48801308e-19	1.24882654e+00	-1.24882654e+00
1.58            	2.49889544e+00	2.26442391e+00	2.34471533e-01	-2.02995237e+00	-1.01396184e+00	-1.01599054e+00	1.01435048e-03	1.01497619e+00	1.24944772e+00	5.29844643e-19	1.24944772e+00	-1.24944772e+00
1.585           	2.50410059e+00	2.34795728e+00	1.56143303e-01	-2.19181398e+00	-1.09483184e+00	-1.09698214e+00	1.07514622e-03	1.09590699e+00	1.25205029e+00	5.18292588e-19	1.25205029e+00	-1.25205029e+00
1.59            	2.49329977e+00	2.35177535e+00	1.41524413e-01	-2.21025094e+00	-1.10401337e+00	-1.10623757e+00	1.11209603e-03	1.10512547e+00	1.24664988e+00	5.17107760e-19	1.24664988e+00	-1.24664988e+00
1.595           	2.45849618e+00	2.26030971e+00	1.98186466e-01	-2.06212325e+00	-1.02995654e+00	-1.03216671e+00	1.10508241e-03	1.03106162e+00	1.22924809e+00	5.25431221e-19	1.22924809e+00	-1.22924809e+00
1.6             	2.40570239e+00	2.10067368e+00	3.05028702e-01	-1.79564498e+00	-8.96769465e-01	-8.98875518e-01	1.05302679e-03	8.97822492e-01	1.20285119e+00	5.40339908e-19	1.20285119e+00	-1.20285119e+00
1.605           	2.35163446e+00	1.93425996e+00	4.17374501e-01	-1.51688546e+00	-7.57467968e-01	-7.59417487e-01	9.74759525e-04	7.58442728e-01	1.17581723e+00	5.55961341e-19	1.17581723e+00	-1.17581723e+00
1.61            	2.31502880e+00	1.83088461e+00	4.84144192e-01	-1.34674042e+00	-6.72468078e-01	-6.74272342e-01	9.02132032e-04	6.73370210e-01	1.15751440e+00	5.67440373e-19	1.15751440e+00	-1.15751440e+00
1.615           	2.30691857e+00	1.83898283e+00	4.67935743e-01	-1.37104709e+00	-6.84657430e-01	-6.86389658e-01	8.66114304e-04	6.85523544e-01	1.15345929e+00	5.71807955e-19	1.15345929e+00	-1.15345929e+00
1.62            	2.32410041e+00	1.96233442e+00	3.61765987e-01	-1.60056844e+00	-7.99397323e-01	-8.01171115e-01	8.86896461e-04	8.00284219e-01	1.16205021e+00	5.69053768e-19	1.16205021e+00	-1.16205021e+00
1.625           	2.35178449e+00	2.16332586e+00	1.88458628e-01	-1.97486723e+00	-9.86470377e-01	-9.88396856e-01	9.63239266e-04	9.87433616e-01	1.17589224e+00	5.61210073e-19	1.17589224e+00	-1.17589224e+00
1.63            	2.37226678e+00	2.38625191e+00	-1.39851266e-02	-2.40023703e+00	-1.19904364e+00	-1.20119340e+00	1.07487954e-03	1.20011852e+00	1.18613339e+00	5.52035275e-19	1.18613339e+00	-1.18613339e+00
1.635           	2.37319986e+00	2.57882404e+00	-2.05624181e-01	-2.78444822e+00	-1.39103013e+00	-1.39341810e+00	1.19398406e-03	1.39222411e+00	1.18659993e+00	5.45156747e-19	1.18659993e+00	-1.18659993e+00
1.64            	2.35017757e+00	2.70297945e+00	-3.52801884e-01	-3.05578134e+00	-1.52659544e+00	-1.52918590e+00	1.29522733e-03	1.52789067e+00	1.17508878e+00	5.43124742e-19	1.17508878e+00	-1.17508878e+00
1.645           	2.30580006e+00	2.73839110e+00	-4.32591041e-01	-3.17098214e+00	-1.58413081e+00	-1.58685133e+00	1.36026314e-03	1.58549107e+00	1.15290003e+00	5.46167402e-19	1.15290003e+00	-1.15290003e+00
1.65            	2.24671588e+00	2.68481759e+00	-4.38101712e-01	-3.12291930e+00	-1.56008163e+00	-1.56283767e+00	1.37802444e-03	1.56145965e+00	1.12335794e+00	5.52861242e-19	1.12335794e+00	-1.12335794e+00
1.655           	2.18092763e+00	2.55688755e+00	-3.75959912e-01	-2.93284746e+00	-1.46507335e+00	-1.46777411e+00	1.35037903e-03	1.46642373e+00	1.09046382e+00	5.59710390e-19	1.09046382e+00	-1.09046382e+00
1.66            	2.11476638e+00	2.37678405e+00	-2.62017669e-01	-2.63880172e+00	-1.31811486e+00	-1.32068686e+00	1.28600258e-03	1.31940086e+00	1.05738319e+00	5.63522893e-19	1.05738319e+00	-1.05738319e+00
1.665           	2.05226426e+00	2.16956786e+00	-1.17303605e-01	-2.28687146e+00	-1.14223954e+00	-1.14463192e+00	1.19619090e-03	1.14343573e+00	1.02613213e+00	5.62417116e-19	1.02613213e+00	-1.02613213e+00
1.67            	1.99530419e+00	1.96211123e+00	3.31929640e-02	-1.92891826e+00	-9.63364879e-01	-9.65553384e-01	1.09425251e-03	9.64459132e-01	9.97652096e-01	5.57115934e-19	9.97652096e-01	-9.97652096e-01
1.675           	1.94542136e+00	1.78342710e+00	1.61994257e-01	-1.62143284e+00	-8.09720333e-01	-8.11712512e-01	9.96089424e-04	8.10716422e-01	9.72710679e-01	5.50009998e-19	9.72710679e-01	-9.72710679e-01
1.68            	1.90650934e+00	1.66613628e+00	2.40373057e-01	-1.42576322e+00	-7.11963608e-01	-7.13799615e-01	9.18003228e-04	7.12881611e-01	9.53254668e-01	5.43885356e-19	9.53254668e-01	-9.53254668e-01
1.685           	1.88447532e+00	1.64298710e+00	2.41488218e-01	-1.40149888e+00	-6.99872561e-01	-7.01626320e-01	8.76879592e-04	7.00749440e-01	9.42237658e-01	5.41042560e-19	9.42237658e-01	-9.42237658e-01
1.69            	1.88305239e+00	1.73413987e+00	1.48912512e-01	-1.58522736e+00	-7.91725464e-01	-7.93501898e-01	8.88216709e-04	7.92613681e-01	9.41526193e-01	5.42213580e-19	9.41526193e-01	-9.41526193e-01
1.695           	1.90163775e+00	1.93786121e+00	-3.62234652e-02	-1.97408468e+00	-9.86082059e-01	-9.88002620e-01	9.60280755e-04	9.87042339e-01	9.50818874e-01	5.46830149e-19	9.50818874e-01	-9.50818874e-01
1.7             	1.93487386e+00	2.22833750e+00	-2.93463644e-01	-2.52180115e+00	-1.25981063e+00	-1.26199052e+00	1.08994289e-03	1.26090057e+00	9.67436930e-01	5.52015318e-19	9.67436930e-01	-9.67436930e-01
1.705           	1.97495688e+00	2.56277280e+00	-5.87815913e-01	-3.15058871e+00	-1.57403440e+00	-1.57655431e+00	1.25995174e-03	1.57529436e+00	9.87478442e-01	5.55833342e-19	9.87478442e-01	-9.87478442e-01
1.71            	2.01346328e+00	2.89148948e+00	-8.78026193e-01	-3.76951567e+00	-1.88331497e+00	-1.88620070e+00	1.44286188e-03	1.88475783e+00	1.00673164e+00	5.57479508e-19	1.00673164e+00	-1.00673164e+00
1.715           	2.04375558e+00	3.16888397e+00	-1.12512839e+00	-4.29401236e+00	-2.14539824e+00	-2.14861413e+00	1.60794313e-03	2.14700618e+00	1.02187779e+00	5.57211608e-19	1.02187779e+00	-1.02187779e+00
1.72            	2.05958330e+00	3.35476927e+00	-1.29518598e+00	-4.64995525e+00	-2.32324809e+00	-2.32670716e+00	1.72953392e-03	2.32497763e+00	1.02979165e+00	5.55305090e-19	1.02979165e+00	-1.02979165e+00
1.725           	2.05409911e+00	3.41366216e+00	-1.35956304e+00	-4.77322520e+00	-2.38482082e+00	-2.38840438e+00	1.79177942e-03	2.38661260e+00	1.02704956e+00	5.52898559e-19	1.02704956e+00	-1.02704956e+00
1.73            	2.01882465e+00	3.31677996e+00	-1.29795532e+00	-4.61473528e+00	-2.30558371e+00	-2.30915157e+00	1.78392855e-03	2.30736764e+00	1.00941232e+00	5.52122239e-19	1.00941232e+00	-1.00941232e+00
1.735           	1.94619639e+00	3.05246192e+00	-1.10626553e+00	-4.15872745e+00	-2.07766135e+00	-2.08106610e+00	1.70237643e-03	2.07936373e+00	9.73098197e-01	5.53830155e-19	9.73098197e-01	-9.73098197e-01
1.74            	1.83746279e+00	2.64986055e+00	-8.12397760e-01	-3.46225831e+00	-1.72957408e+00	-1.73268423e+00	1.55507476e-03	1.73112915e+00	9.18731394e-01	5.56523097e-19	9.18731394e-01	-9.18731394e-01
1.745           	1.71021491e+00	2.19837463e+00	-4.88159729e-01	-2.68653436e+00	-1.34189922e+00	-1.34463514e+00	1.36795943e-03	1.34326718e+00	8.55107453e-01	5.57527051e-19	8.55107453e-01	-8.55107453e-01
1.75            	1.59650399e+00	1.83364960e+00	-2.37145618e-01	-2.07079522e+00	-1.03420951e+00	-1.03658571e+00	1.18809612e-03	1.03539761e+00	7.98251993e-01	5.54440042e-19	7.98251993e-01	-7.98251993e-01
1.755           	1.52944896e+00	1.68198129e+00	-1.52532331e-01	-1.83451362e+00	-9.16184993e-01	-9.18328625e-01	1.07181603e-03	9.17256809e-01	7.64724478e-01	5.46957559e-19	7.64724478e-01	-7.64724478e-01
1.76            	1.52755652e+00	1.80322355e+00	-2.75667029e-01	-2.07889058e+00	-1.03838124e+00	-1.04050935e+00	1.06405434e-03	1.03944529e+00	7.63778262e-01	5.36657001e-19	7.63778262e-01	-7.63778262e-01
1.765           	1.58590768e+00	2.16421222e+00	-5.78304538e-01	-2.74251676e+00	-1.37007768e+00	-1.37243908e+00	1.18070382e-03	1.37125838e+00	7.92953842e-01	5.26110166e-19	7.92953842e-01	-7.92953842e-01
1.77            	1.68275531e+00	2.66630611e+00	-9.83550795e-01	-3.64985690e+00	-1.82353309e+00	-1.82632381e+00	1.39536393e-03	1.82492845e+00	8.41377656e-01	5.17577311e-19	8.41377656e-01	-8.41377656e-01
1.775           	1.79540951e+00	3.20344575e+00	-1.40803624e+00	-4.61148200e+00	-2.30408823e+00	-2.30739376e+00	1.65276644e-03	2.30574100e+00	8.97704754e-01	5.13241827e-19	8.97704754e-01	-8.97704754e-01
1.78            	1.90564618e+00	3.69405485e+00	-1.78840867e+00	-5.48246352e+00	-2.73933474e+00	-2.74312878e+00	1.89701528e-03	2.74123176e+00	9.52823090e-01	5.14166316e-19	9.52823090e-01	-9.52823090e-01
1.785           	1.99907132e+00	4.08249309e+00	-2.08342176e+00	-6.16591485e+00	-3.08086084e+00	-3.08505402e+00	2.09659062e-03	3.08295743e+00	9.99535662e-01	5.21056035e-19	9.99535662e-01	-9.99535662e-01
1.79            	2.06332927e+00	4.33161706e+00	-2.26828779e+00	-6.59990486e+00	-3.29771242e+00	-3.30219244e+00	2.24000732e-03	3.29995243e+00	1.03166463e+00	5.33544007e-19	1.03166463e+00	-1.03166463e+00
1.795           	2.08317759e+00	4.40484814e+00	-2.32167055e+00	-6.72651869e+00	-3.36094281e+00	-3.36557587e+00	2.31652960e-03	3.36325934e+00	1.04158879e+00	5.49495068e-19	1.04158879e+00	-1.04158879e+00
1.8             	2.03828924e+00	4.25442231e+00	-2.21613307e+00	-6.47055539e+00	-3.23296293e+00	-3.23759246e+00	2.31476547e-03	3.23527769e+00	1.01914462e+00	5.64187020e-19	1.01914462e+00	-1.01914462e+00
1.805           	1.91047605e+00	3.84347416e+00	-1.93299811e+00	-5.77647227e+00	-2.88601434e+00	-2.89045793e+00	2.22179247e-03	2.88823613e+00	9.55238023e-01	5.72123431e-19	9.55238023e-01	-9.55238023e-01
1.81            	1.70654356e+00	3.21085377e+00	-1.50431021e+00	-4.71516398e+00	-2.35554489e+00	-2.35961909e+00	2.03710035e-03	2.35758199e+00	8.53271782e-01	5.70831389e-19	8.53271782e-01	-8.53271782e-01
1.815           	1.47699936e+00	2.52772310e+00	-1.05072374e+00	-3.57844684e+00	-1.78743013e+00	-1.79101671e+00	1.79328852e-03	1.78922342e+00	7.38499682e-01	5.60360479e-19	7.38499682e-01	-7.38499682e-01
1.82            	1.30169645e+00	2.04689894e+00	-7.45202490e-01	-2.79210143e+00	-1.39448396e+00	-1.39761747e+00	1.56675253e-03	1.39605072e+00	6.50848227e-01	5.41446666e-19	6.50848227e-01	-6.50848227e-01
1.825           	1.25262475e+00	1.97938255e+00	-7.26757799e-01	-2.70614035e+00	-1.35162438e+00	-1.35451597e+00	1.44579704e-03	1.35307017e+00	6.26312375e-01	5.18060530e-19	6.26312375e-01	-6.26312375e-01
1.83            	1.35082428e+00	2.36518789e+00	-1.01436361e+00	-3.37955149e+00	-1.68827821e+00	-1.69127328e+00	1.49753416e-03	1.68977575e+00	6.75412140e-01	4.97364800e-19	6.75412140e-01	-6.75412140e-01
1.835           	1.55780176e+00	3.06039221e+00	-1.50259045e+00	-4.56298266e+00	-2.27977377e+00	-2.28320888e+00	1.71755657e-03	2.28149133e+00	7.78900878e-01	4.86079295e-19	7.78900878e-01	-7.78900878e-01
1.84            	1.80538237e+00	3.84846215e+00	-2.04307978e+00	-5.89154193e+00	-2.94374363e+00	-2.94779830e+00	2.02733655e-03	2.94577096e+00	9.02691185e-01	4.85468319e-19	9.02691185e-01	-9.02691185e-01
1.845           	2.03224802e+00	4.55163965e+00	-2.51939163e+00	-7.07103128e+00	-3.53319100e+00	-3.53784028e+00	2.32463947e-03	3.53551564e+00	1.01612401e+00	4.91093917e-19	1.01612401e+00	-1.01612401e+00
1.85            	2.19782647e+00	5.06628556e+00	-2.86845909e+00	-7.93474464e+00	-3.96480999e+00	-3.96993466e+00	2.56233330e-03	3.96737232e+00	1.09891324e+00	4.96730491e-19	1.09891324e+00	-1.09891324e+00
1.855           	2.28250877e+00	5.35253660e+00	-3.07002783e+00	-8.42256443e+00	-4.20856429e+00	-4.21400014e+00	2.71792869e-03	4.21128222e+00	1.14125438e+00	5.00596913e-19	1.14125438e+00	-1.14125438e+00
1.86            	2.27675617e+00	5.38546821e+00	-3.10871204e+00	-8.49418026e+00	-4.24429823e+00	-4.24988203e+00	2.79189955e-03	4.24709013e+00	1.13837808e+00	5.06075580e-19	1.13837808e+00	-1.13837808e+00
1.865           	2.16879396e+00	5.11806721e+00	-2.94927325e+00	-8.06734046e+00	-4.03088715e+00	-4.03645331e+00	2.78307876e-03	4.03367023e+00	1.08439698e+00	5.16127658e-19	1.08439698e+00	-1.08439698e+00
1.87            	1.95192976e+00	4.51185406e+00	-2.55992430e+00	-7.07177836e+00	-3.53320915e+00	-3.53856921e+00	2.68003049e-03	3.53588918e+00	9.75964882e-01	5.29010197e-19	9.75964882e-01	-9.75964882e-01
1.875           	1.65386941e+00	3.64218852e+00	-1.98831912e+00	-5.63050764e+00	-2.81277506e+00	-2.81773258e+00	2.47876390e-03	2.81525382e+00	8.26934704e-01	5.38819121e-19	8.26934704e-01	-8.26934704e-01
1.88            	1.36402273e+00	2.78172264e+00	-1.41769991e+00	-4.19942255e+00	-2.09749090e+00	-2.10193165e+00	2.22037178e-03	2.09971128e+00	6.82011364e-01	5.39838470e-19	6.82011364e-01	-6.82011364e-01
1.885           	1.19964805e+00	2.28793971e+00	-1.08829166e+00	-3.37623136e+00	-1.68611510e+00	-1.69011627e+00	2.00058604e-03	1.68811568e+00	5.99824025e-01	5.29368062e-19	5.99824025e-01	-5.99824025e-01
1.89            	1.24225987e+00	2.40594502e+00	-1.16368516e+00	-3.56963018e+00	-1.78289881e+00	-1.78673136e+00	1.91627618e-03	1.78481509e+00	6.21129933e-01	5.11277629e-19	6.21129933e-01	-6.21129933e-01
1.895           	1.47893211e+00	3.09651247e+00	-1.61758035e+00	-4.71409282e+00	-2.35501580e+00	-2.35907701e+00	2.03060549e-03	2.35704641e+00	7.39466057e-01	4.96223963e-19	7.39466057e-01	-7.39466057e-01
1.9             	1.81559240e+00	4.08333161e+00	-2.26773921e+00	-6.35107082e+00	-3.17322948e+00	-3.17784134e+00	2.30592562e-03	3.17553541e+00	9.07796198e-01	4.93059564e-19	9.07796198e-01	-9.07796198e-01
1.905           	2.14876518e+00	5.06371630e+00	-2.91495112e+00	-7.97866741e+00	-3.98670172e+00	-3.99196569e+00	2.63198093e-03	3.98933371e+00	1.07438259e+00	4.99076890e-19	1.07438259e+00	-1.07438259e+00
1.91            	2.41351336e+00	5.84629078e+00	-3.43277743e+00	-9.27906821e+00	-4.63660738e+00	-4.64246083e+00	2.92672867e-03	4.63953411e+00	1.20675668e+00	5.02379453e-19	1.20675668e+00	-1.20675668e+00
1.915           	2.58611237e+00	6.35301039e+00	-3.76689803e+00	-1.01199084e+01	-5.05680968e+00	-5.06309874e+00	3.14452743e-03	5.05995421e+00	1.29305618e+00	4.94505937e-19	1.29305618e+00	-1.29305618e+00
1.92            	2.65554597e+00	6.53582562e+00	-3.88027965e+00	-1.04161053e+01	-5.20479294e+00	-5.21131233e+00	3.25969767e-03	5.20805264e+00	1.32777298e+00	4.77711780e-19	1.32777298e+00	-1.32777298e+00
1.925           	2.59715939e+00	6.30591527e+00	-3.70875589e+00	-1.00146712e+01	-5.00407134e+00	-5.01059982e+00	3.26424181e-03	5.00733558e+00	1.29857969e+00	4.61958341e-19	1.29857969e+00	-1.29857969e+00
1.93            	2.38310788e+00	5.57402055e+00	-3.19091267e+00	-8.76493322e+00	-4.37932165e+00	-4.38561157e+00	3.14495883e-03	4.38246661e+00	1.19155394e+00	4.56655075e-19	1.19155394e+00	-1.19155394e+00
1.935           	2.03400744e+00	4.42218584e+00	-2.38817839e+00	-6.81036423e+00	-3.40228465e+00	-3.40807958e+00	2.89746548e-03	3.40518212e+00	1.01700372e+00	4.64520906e-19	1.01700372e+00	-1.01700372e+00
1.94            	1.67664982e+00	3.27165521e+00	-1.59500539e+00	-4.86666060e+00	-2.43072837e+00	-2.43593223e+00	2.60193039e-03	2.43333030e+00	8.38324909e-01	4.76234090e-19	8.38324909e-01	-8.38324909e-01
1.945           	1.48957559e+00	2.68573395e+00	-1.19615836e+00	-3.88189231e+00	-1.93859233e+00	-1.94329997e+00	2.35382052e-03	1.94094615e+00	7.44787793e-01	4.75770185e-19	7.44787793e-01	-7.44787793e-01
1.95            	1.57854178e+00	2.97824767e+00	-1.39970590e+00	-4.37795357e+00	-2.18669247e+00	-2.19126111e+00	2.28432048e-03	2.18897679e+00	7.89270889e-01	4.55756417e-19	7.89270889e-01	-7.89270889e-01
1.955           	1.89752277e+00	3.97440127e+00	-2.07687850e+00	-6.05127976e+00	-3.02317118e+00	-3.02810858e+00	2.46869784e-03	3.02563988e+00	9.48761387e-01	4.33087570e-19	9.48761387e-01	-9.48761387e-01
1.96            	2.29747672e+00	5.19688892e+00	-2.89941220e+00	-8.09630113e+00	-4.04533699e+00	-4.05096413e+00	2.81357076e-03	4.04815056e+00	1.14873836e+00	4.40081681e-19	1.14873836e+00	-1.14873836e+00
1.965           	2.65398309e+00	6.26867738e+00	-3.61469429e+00	-9.88337167e+00	-4.93852526e+00	-4.94484641e+00	3.16057834e-03	4.94168584e+00	1.32699155e+00	4.88515556e-19	1.32699155e+00	-1.32699155e+00
1.97            	2.91931343e+00	7.04409148e+00	-4.12477806e+00	-1.11688695e+01	-5.58096466e+00	-5.58790488e+00	3.47010898e-03	5.58443477e+00	1.45965671e+00	5.49554613e-19	1.45965671e+00	-1.45965671e+00
1.975           	3.08750407e+00	7.47288407e+00	-4.38538001e+00	-1.18582641e+01	-5.92544172e+00	-5.93282236e+00	3.69032039e-03	5.92913204e+00	1.54375203e+00	5.71337128e-19	1.54375203e+00	-1.54375203e+00
1.98            	3.13097908e+00	7.44343745e+00	-4.31245837e+00	-1.17558958e+01	-5.87417264e+00	-5.88172318e+00	3.77526813e-03	5.87794791e+00	1.56548954e+00	5.34433726e-19	1.56548954e+00	-1.56548954e+00
1.985           	2.98325385e+00	6.75197907e+00	-3.76872522e+00	-1.05207043e+01	-5.25675943e+00	-5.26394486e+00	3.59271532e-03	5.26035215e+00	1.49162693e+00	4.77253621e-19	1.49162693e+00	-1.49162693e+00
1.99            	2.59995606e+00	5.30614583e+00	-2.70618977e+00	-8.01233560e+00	-4.00318294e+00	-4.00915265e+00	2.98485593e-03	4.00616780e+00	1.29997803e+00	4.44054199e-19	1.29997803e+00	-1.29997803e+00
1.995           	2.10948921e+00	3.60789382e+00	-1.49840461e+00	-5.10629843e+00	-2.55094666e+00	-2.55535177e+00	2.20255762e-03	2.55314922e+00	1.05474461e+00	4.32544093e-19	1.05474461e+00	-1.05474461e+00
2               	1.86357857e+00	2.77962123e+00	-9.16042654e-01	-3.69566388e+00	-1.84598704e+00	-1.84967684e+00	1.84490104e-03	1.84783194e+00	9.31789287e-01	4.11297595e-19	9.31789287e-01	-9.31789287e-01
2.005           	2.09623095e+00	3.45040282e+00	-1.35417187e+00	-4.80457469e+00	-2.40006117e+00	-2.40451353e+00	2.22617924e-03	2.40228735e+00	1.04811548e+00	3.84408567e-19	1.04811548e+00	-1.04811548e+00
