# Force and moment coefficients
# dragDir       : (1.00000000e+00 0.00000000e+00 0.00000000e+00)
# sideDir       : (0.00000000e+00 0.00000000e+00 -1.00000000e+00)
# liftDir       : (0.00000000e+00 1.00000000e+00 0.00000000e+00)
# rollAxis      : (1.00000000e+00 0.00000000e+00 0.00000000e+00)
# pitchAxis     : (0.00000000e+00 0.00000000e+00 -1.00000000e+00)
# yawAxis       : (0.00000000e+00 1.00000000e+00 0.00000000e+00)
# magUInf       : 1.77482393e-01
# lRef          : 1.00000000e+00
# Aref          : 1.00000000e-02
# CofR          : (0.00000000e+00 0.00000000e+00 0.00000000e+00)
#
# Time          	Cd              	Cd(f)           	Cd(r)           	Cl              	Cl(f)           	Cl(r)           	CmPitch         	CmRoll          	CmYaw           	Cs              	Cs(f)           	Cs(r)           
0.001           	1.20937881e+02	6.04666514e+01	6.04712293e+01	4.57795404e-01	2.26250163e-01	2.31545240e-01	-2.64753863e-03	-2.28897702e-03	6.04689403e-01	-1.28329504e-17	6.04689403e-01	-6.04689403e-01
0.002           	1.18467030e+02	5.92319755e+01	5.92350541e+01	3.07865623e-01	1.51802800e-01	1.56062823e-01	-2.13001148e-03	-1.53932812e-03	5.92335148e-01	-6.10451060e-18	5.92335148e-01	-5.92335148e-01
0.003           	4.97353360e+01	2.48644682e+01	2.48708678e+01	6.39963517e-01	3.18408992e-01	3.21554526e-01	-1.57276686e-03	-3.19981759e-03	2.48676680e-01	1.11778667e-17	2.48676680e-01	-2.48676680e-01
0.004           	2.55527530e-01	1.25783488e-01	1.29744042e-01	3.96055449e-01	1.96698878e-01	1.99356571e-01	-1.32884665e-03	-1.98027724e-03	1.27763765e-03	2.15096286e-17	1.27763765e-03	-1.27763765e-03
0.005           	-1.53689303e+01	-7.68345476e+00	-7.68547557e+00	-2.02080244e-01	-1.02072711e-01	-1.00007533e-01	-1.03258887e-03	1.01040122e-03	-7.68446516e-02	2.48561086e-17	-7.68446516e-02	7.68446516e-02
0.006           	-1.43614864e+01	-7.17754553e+00	-7.18394090e+00	-6.39537247e-01	-3.20525260e-01	-3.19011987e-01	-7.56636215e-04	3.19768624e-03	-7.18074322e-02	2.48839878e-17	-7.18074322e-02	7.18074322e-02
0.007           	-6.03223991e+00	-3.01285114e+00	-3.01938877e+00	-6.53762307e-01	-3.27473972e-01	-3.26288335e-01	-5.92818837e-04	3.26881153e-03	-3.01611995e-02	2.32843121e-17	-3.01611995e-02	3.01611995e-02
0.008           	2.40073848e-01	1.22377626e-01	1.17696222e-01	-4.68140320e-01	-2.34583989e-01	-2.33556330e-01	-5.13829541e-04	2.34070160e-03	1.20036924e-03	2.19438502e-17	1.20036924e-03	-1.20036924e-03
0.009           	3.17128615e+00	1.58700167e+00	1.58428448e+00	-2.71718442e-01	-1.36327565e-01	-1.35390877e-01	-4.68344230e-04	1.35859221e-03	1.58564307e-02	2.11176725e-17	1.58564307e-02	-1.58564307e-02
0.01            	3.22076832e+00	1.61120085e+00	1.60956746e+00	-1.63339172e-01	-8.21083831e-02	-8.12307892e-02	-4.38796994e-04	8.16695862e-04	1.61038416e-02	2.06886953e-17	1.61038416e-02	-1.61038416e-02
0.011           	1.81143920e+00	9.06132506e-01	9.05306697e-01	-8.25809155e-02	-4.17036182e-02	-4.08772973e-02	-4.13160459e-04	4.12904578e-04	9.05719601e-03	2.07927319e-17	9.05719601e-03	-9.05719601e-03
0.012           	5.59277141e-01	2.79933214e-01	2.79343927e-01	-5.89286751e-02	-2.98557356e-02	-2.90729396e-02	-3.91397984e-04	2.94643376e-04	2.79638570e-03	2.10697999e-17	2.79638570e-03	-2.79638570e-03
0.013           	-1.16151115e-01	-5.76295083e-02	-5.85216063e-02	-8.92097993e-02	-4.49750810e-02	-4.42347183e-02	-3.70181366e-04	4.46048997e-04	-5.80755573e-04	2.12244489e-17	-5.80755573e-04	5.80755573e-04
0.014           	-1.34294798e-01	-6.63976030e-02	-6.78971950e-02	-1.49959202e-01	-7.53314860e-02	-7.46277161e-02	-3.51884942e-04	7.49796010e-04	-6.71473990e-04	2.12732020e-17	-6.71473990e-04	6.71473990e-04
0.015           	1.16259083e-01	5.92055641e-02	5.70535186e-02	-2.15204551e-01	-1.07937593e-01	-1.07266957e-01	-3.35318188e-04	1.07602275e-03	5.81295414e-04	2.12425857e-17	5.81295414e-04	-5.81295414e-04
0.016           	3.64844693e-01	1.83652852e-01	1.81191841e-01	-2.46101101e-01	-1.23373881e-01	-1.22727220e-01	-3.23330266e-04	1.23050550e-03	1.82422347e-03	2.11697050e-17	1.82422347e-03	-1.82422347e-03
0.017           	4.99307311e-01	2.50850974e-01	2.48456337e-01	-2.39463723e-01	-1.20046054e-01	-1.19417669e-01	-3.14192187e-04	1.19731862e-03	2.49653655e-03	2.11657190e-17	2.49653655e-03	-2.49653655e-03
0.018           	5.02358177e-01	2.52228287e-01	2.50129890e-01	-2.09839635e-01	-1.05225516e-01	-1.04614119e-01	-3.05698539e-04	1.04919818e-03	2.51179088e-03	2.11028488e-17	2.51179088e-03	-2.51179088e-03
0.019           	4.49040839e-01	2.25413401e-01	2.23627438e-01	-1.78596244e-01	-8.95949748e-02	-8.90012696e-02	-2.96852612e-04	8.92981222e-04	2.24520420e-03	2.11077373e-17	2.24520420e-03	-2.24520420e-03
0.02            	3.94457848e-01	1.98038451e-01	1.96419397e-01	-1.61905456e-01	-8.12395525e-02	-8.06659039e-02	-2.86824275e-04	8.09527282e-04	1.97228924e-03	2.11165808e-17	1.97228924e-03	-1.97228924e-03
0.021           	3.59408458e-01	1.80510356e-01	1.78898103e-01	-1.61225296e-01	-8.08891200e-02	-8.03361762e-02	-2.76471929e-04	8.06126481e-04	1.79704229e-03	2.11255471e-17	1.79704229e-03	-1.79704229e-03
0.022           	3.51389403e-01	1.76545684e-01	1.74843718e-01	-1.70196595e-01	-8.53650204e-02	-8.48315750e-02	-2.66722721e-04	8.50982977e-04	1.75694701e-03	2.11215523e-17	1.75694701e-03	-1.75694701e-03
0.023           	3.57097837e-01	1.79458671e-01	1.77639166e-01	-1.81950431e-01	-9.12323569e-02	-9.07180742e-02	-2.57141355e-04	9.09752155e-04	1.78548918e-03	2.11418218e-17	1.78548918e-03	-1.78548918e-03
0.024           	3.64483702e-01	1.83188212e-01	1.81295491e-01	-1.89272138e-01	-9.48844042e-02	-9.43877337e-02	-2.48335254e-04	9.46360689e-04	1.82241851e-03	2.10424920e-17	1.82241851e-03	-1.82241851e-03
0.025           	3.69535229e-01	1.85720458e-01	1.83814771e-01	-1.90568738e-01	-9.55246069e-02	-9.50441306e-02	-2.40238127e-04	9.52843688e-04	1.84767615e-03	2.10947269e-17	1.84767615e-03	-1.84767615e-03
0.026           	3.69735627e-01	1.85807241e-01	1.83928386e-01	-1.87885432e-01	-9.41751135e-02	-9.37103180e-02	-2.32397758e-04	9.39427158e-04	1.84867814e-03	2.10845665e-17	1.84867814e-03	-1.84867814e-03
0.027           	3.65396956e-01	1.83620142e-01	1.81776814e-01	-1.84332763e-01	-9.23904711e-02	-9.19422922e-02	-2.24089475e-04	9.21663817e-04	1.82698478e-03	2.11113307e-17	1.82698478e-03	-1.82698478e-03
0.028           	3.59649659e-01	1.80728857e-01	1.78920802e-01	-1.80805566e-01	-9.06183154e-02	-9.01872509e-02	-2.15532239e-04	9.04027832e-04	1.79824829e-03	2.10813801e-17	1.79824829e-03	-1.79824829e-03
0.029           	3.54509556e-01	1.78148191e-01	1.76361365e-01	-1.78682605e-01	-8.95478181e-02	-8.91347870e-02	-2.06515570e-04	8.93413025e-04	1.77254778e-03	2.11078919e-17	1.77254778e-03	-1.77254778e-03
0.03            	3.50211692e-01	1.75996670e-01	1.74215022e-01	-1.78164882e-01	-8.92804787e-02	-8.88844037e-02	-1.98037503e-04	8.90824412e-04	1.75105846e-03	2.10646488e-17	1.75105846e-03	-1.75105846e-03
0.031           	3.46673475e-01	1.74229486e-01	1.72443989e-01	-1.78549645e-01	-8.94647086e-02	-8.90849359e-02	-1.89886369e-04	8.92748223e-04	1.73336737e-03	2.10379738e-17	1.73336737e-03	-1.73336737e-03
0.032           	3.44177708e-01	1.72983725e-01	1.71193983e-01	-1.78974212e-01	-8.96690250e-02	-8.93051867e-02	-1.81919140e-04	8.94871059e-04	1.72088854e-03	2.11153221e-17	1.72088854e-03	-1.72088854e-03
0.033           	3.42671562e-01	1.72229925e-01	1.70441636e-01	-1.78828933e-01	-8.95884532e-02	-8.92404794e-02	-1.73986946e-04	8.94144663e-04	1.71335781e-03	2.10985202e-17	1.71335781e-03	-1.71335781e-03
0.034           	3.41565168e-01	1.71675667e-01	1.69889501e-01	-1.78616515e-01	-8.94743598e-02	-8.91421553e-02	-1.66102280e-04	8.93082576e-04	1.70782584e-03	2.10715407e-17	1.70782584e-03	-1.70782584e-03
0.035           	3.40599359e-01	1.71189371e-01	1.69409988e-01	-1.77938345e-01	-8.91276787e-02	-8.88106662e-02	-1.58506253e-04	8.89691725e-04	1.70299679e-03	2.10522448e-17	1.70299679e-03	-1.70299679e-03
0.036           	3.39271446e-01	1.70522330e-01	1.68749117e-01	-1.77321315e-01	-8.88116900e-02	-8.85096250e-02	-1.51032494e-04	8.86606575e-04	1.69635723e-03	2.11244104e-17	1.69635723e-03	-1.69635723e-03
0.037           	3.37818293e-01	1.69792433e-01	1.68025860e-01	-1.76657278e-01	-8.84722877e-02	-8.81849902e-02	-1.43648766e-04	8.83286390e-04	1.68909146e-03	2.11499410e-17	1.68909146e-03	-1.68909146e-03
0.038           	3.36389336e-01	1.69073779e-01	1.67315557e-01	-1.75822191e-01	-8.80473936e-02	-8.77747975e-02	-1.36298057e-04	8.79110956e-04	1.68194668e-03	2.11723263e-17	1.68194668e-03	-1.68194668e-03
0.039           	3.34553786e-01	1.68151046e-01	1.66402740e-01	-1.74830640e-01	-8.75442358e-02	-8.72864041e-02	-1.28915865e-04	8.74153200e-04	1.67276893e-03	2.11579842e-17	1.67276893e-03	-1.67276893e-03
0.04            	3.32148607e-01	1.66944501e-01	1.65204106e-01	-1.74039449e-01	-8.71411913e-02	-8.68982573e-02	-1.21467033e-04	8.70197243e-04	1.66074304e-03	2.11527703e-17	1.66074304e-03	-1.66074304e-03
0.041           	3.29669460e-01	1.65702765e-01	1.63966696e-01	-1.73606868e-01	-8.69174360e-02	-8.66894325e-02	-1.14001766e-04	8.68034342e-04	1.64834730e-03	2.11490142e-17	1.64834730e-03	-1.64834730e-03
0.042           	3.27456029e-01	1.64593851e-01	1.62862178e-01	-1.73167335e-01	-8.66901907e-02	-8.64771441e-02	-1.06523311e-04	8.65836674e-04	1.63728015e-03	2.11263556e-17	1.63728015e-03	-1.63728015e-03
0.043           	3.25497380e-01	1.63613131e-01	1.61884249e-01	-1.72888233e-01	-8.65432391e-02	-8.63449944e-02	-9.91223464e-05	8.64441167e-04	1.62748690e-03	2.11542931e-17	1.62748690e-03	-1.62748690e-03
0.044           	3.23897004e-01	1.62811331e-01	1.61085673e-01	-1.72565754e-01	-8.63747853e-02	-8.61909684e-02	-9.19084319e-05	8.62828769e-04	1.61948502e-03	2.11765303e-17	1.61948502e-03	-1.61948502e-03
0.045           	3.22352248e-01	1.62037109e-01	1.60315139e-01	-1.72196950e-01	-8.61833324e-02	-8.60136181e-02	-8.48571672e-05	8.60984752e-04	1.61176124e-03	2.11690021e-17	1.61176124e-03	-1.61176124e-03
0.046           	3.20988945e-01	1.61352512e-01	1.59636432e-01	-1.71608024e-01	-8.58818002e-02	-8.57262240e-02	-7.77881033e-05	8.58040121e-04	1.60494472e-03	2.11753839e-17	1.60494472e-03	-1.60494472e-03
0.047           	3.19731789e-01	1.60720112e-01	1.59011678e-01	-1.70843430e-01	-8.54924593e-02	-8.53509709e-02	-7.07442123e-05	8.54217151e-04	1.59865895e-03	2.11085012e-17	1.59865895e-03	-1.59865895e-03
0.048           	3.18555199e-01	1.60127754e-01	1.58427444e-01	-1.70030966e-01	-8.50790275e-02	-8.49519381e-02	-6.35447401e-05	8.50154828e-04	1.59277599e-03	2.11093649e-17	1.59277599e-03	-1.59277599e-03
0.049           	3.17475584e-01	1.59583322e-01	1.57892261e-01	-1.69106083e-01	-8.46092382e-02	-8.44968446e-02	-5.61967577e-05	8.45530414e-04	1.58737792e-03	2.10976275e-17	1.58737792e-03	-1.58737792e-03
0.05            	3.16506394e-01	1.59093929e-01	1.57412465e-01	-1.68146397e-01	-8.41220710e-02	-8.40243260e-02	-4.88724801e-05	8.40731985e-04	1.58253197e-03	2.10992059e-17	1.58253197e-03	-1.58253197e-03
0.051           	3.15616809e-01	1.58644306e-01	1.56972503e-01	-1.67180307e-01	-8.36317063e-02	-8.35486009e-02	-4.15526680e-05	8.35901536e-04	1.57808404e-03	2.10940851e-17	1.57808404e-03	-1.57808404e-03
0.052           	3.14498677e-01	1.58081051e-01	1.56417626e-01	-1.66342467e-01	-8.32055332e-02	-8.31369340e-02	-3.42995608e-05	8.31712336e-04	1.57249339e-03	2.10952859e-17	1.57249339e-03	-1.57249339e-03
0.053           	3.13269747e-01	1.57463471e-01	1.55806276e-01	-1.65719520e-01	-8.28867218e-02	-8.28327979e-02	-2.69619477e-05	8.28597599e-04	1.56634874e-03	2.10996292e-17	1.56634874e-03	-1.56634874e-03
0.054           	3.12094509e-01	1.56873040e-01	1.55221469e-01	-1.65157146e-01	-8.25981175e-02	-8.25590283e-02	-1.95445670e-05	8.25785729e-04	1.56047254e-03	2.11252695e-17	1.56047254e-03	-1.56047254e-03
0.055           	3.10832365e-01	1.56239400e-01	1.54592965e-01	-1.64643586e-01	-8.23338879e-02	-8.23096979e-02	-1.20949931e-05	8.23217929e-04	1.55416182e-03	2.11490458e-17	1.55416182e-03	-1.55416182e-03
0.056           	3.09684949e-01	1.55662271e-01	1.54022678e-01	-1.63959300e-01	-8.19842576e-02	-8.19750422e-02	-4.60769522e-06	8.19796499e-04	1.54842475e-03	2.11470328e-17	1.54842475e-03	-1.54842475e-03
0.057           	3.08603307e-01	1.55117928e-01	1.53485379e-01	-1.63254834e-01	-8.16243962e-02	-8.16304375e-02	3.02066860e-06	8.16274168e-04	1.54301653e-03	2.11571252e-17	1.54301653e-03	-1.54301653e-03
0.058           	3.07635484e-01	1.54630056e-01	1.53005429e-01	-1.62462724e-01	-8.12206196e-02	-8.12421040e-02	1.07422079e-05	8.12313618e-04	1.53817742e-03	2.11695195e-17	1.53817742e-03	-1.53817742e-03
0.059           	3.06596915e-01	1.54106263e-01	1.52490652e-01	-1.61561108e-01	-8.07620016e-02	-8.07991066e-02	1.85524700e-05	8.07805541e-04	1.53298458e-03	2.11455167e-17	1.53298458e-03	-1.53298458e-03
0.06            	3.05458021e-01	1.53532709e-01	1.51925312e-01	-1.60739752e-01	-8.03434276e-02	-8.03963241e-02	2.64482227e-05	8.03698758e-04	1.52729011e-03	2.12041574e-17	1.52729011e-03	-1.52729011e-03
0.061           	3.04301731e-01	1.52950633e-01	1.51351097e-01	-1.59953589e-01	-7.99423986e-02	-8.00111907e-02	3.43960365e-05	7.99767947e-04	1.52150865e-03	2.12192959e-17	1.52150865e-03	-1.52150865e-03
0.062           	3.03179987e-01	1.52385952e-01	1.50794036e-01	-1.59191637e-01	-7.95533620e-02	-7.96382755e-02	4.24567923e-05	7.95958187e-04	1.51589994e-03	2.12126448e-17	1.51589994e-03	-1.51589994e-03
0.063           	3.02131541e-01	1.51857198e-01	1.50274343e-01	-1.58285545e-01	-7.90921583e-02	-7.91933863e-02	5.06139998e-05	7.91427723e-04	1.51065771e-03	2.11884058e-17	1.51065771e-03	-1.51065771e-03
0.064           	3.01130098e-01	1.51352368e-01	1.49777730e-01	-1.57463888e-01	-7.86731058e-02	-7.87907821e-02	5.88381525e-05	7.87319440e-04	1.50565049e-03	2.12161685e-17	1.50565049e-03	-1.50565049e-03
0.065           	3.00100783e-01	1.50833807e-01	1.49266976e-01	-1.56683110e-01	-7.82744469e-02	-7.84086634e-02	6.71082484e-05	7.83415551e-04	1.50050391e-03	2.12029299e-17	1.50050391e-03	-1.50050391e-03
0.066           	2.99048177e-01	1.50304182e-01	1.48743995e-01	-1.56018758e-01	-7.79339263e-02	-7.80848313e-02	7.54525321e-05	7.80093788e-04	1.49524089e-03	2.12203039e-17	1.49524089e-03	-1.49524089e-03
0.067           	2.97942357e-01	1.49747201e-01	1.48195156e-01	-1.55204499e-01	-7.75184046e-02	-7.76860948e-02	8.38450888e-05	7.76022497e-04	1.48971179e-03	2.11999917e-17	1.48971179e-03	-1.48971179e-03
0.068           	2.96866380e-01	1.49205231e-01	1.47661149e-01	-1.54408213e-01	-7.71117619e-02	-7.72964515e-02	9.23448047e-05	7.72041067e-04	1.48433190e-03	2.12016240e-17	1.48433190e-03	-1.48433190e-03
0.069           	2.95996261e-01	1.48766500e-01	1.47229761e-01	-1.53673828e-01	-7.67359970e-02	-7.69378313e-02	1.00917119e-04	7.68369142e-04	1.47998131e-03	2.12005624e-17	1.47998131e-03	-1.47998131e-03
0.07            	2.95121031e-01	1.48324637e-01	1.46796395e-01	-1.52824196e-01	-7.63025446e-02	-7.65216514e-02	1.09553403e-04	7.64120980e-04	1.47560516e-03	2.11694165e-17	1.47560516e-03	-1.47560516e-03
0.071           	2.94109073e-01	1.47813725e-01	1.46295348e-01	-1.51837673e-01	-7.58005651e-02	-7.60371081e-02	1.18271530e-04	7.59188366e-04	1.47054537e-03	2.11881189e-17	1.47054537e-03	-1.47054537e-03
0.072           	2.93011748e-01	1.47259680e-01	1.45752068e-01	-1.50761193e-01	-7.52535903e-02	-7.55076027e-02	1.27006216e-04	7.53805965e-04	1.46505874e-03	2.11359319e-17	1.46505874e-03	-1.46505874e-03
0.073           	2.92115582e-01	1.46806764e-01	1.45308819e-01	-1.49794453e-01	-7.47614637e-02	-7.50329893e-02	1.35762783e-04	7.48972265e-04	1.46057791e-03	2.11671228e-17	1.46057791e-03	-1.46057791e-03
0.074           	2.91177282e-01	1.46333191e-01	1.44844091e-01	-1.48910042e-01	-7.43105229e-02	-7.45995191e-02	1.44498098e-04	7.44550210e-04	1.45588641e-03	2.11681512e-17	1.45588641e-03	-1.45588641e-03
0.075           	2.90142946e-01	1.45810829e-01	1.44332118e-01	-1.47871073e-01	-7.37822887e-02	-7.40887843e-02	1.53247785e-04	7.39355365e-04	1.45071473e-03	2.11663189e-17	1.45071473e-03	-1.45071473e-03
0.076           	2.89199102e-01	1.45333774e-01	1.43865328e-01	-1.46844626e-01	-7.32602414e-02	-7.35843843e-02	1.62071495e-04	7.34223128e-04	1.44599551e-03	2.11794728e-17	1.44599551e-03	-1.44599551e-03
0.077           	2.88446686e-01	1.44951240e-01	1.43495446e-01	-1.45579423e-01	-7.26187595e-02	-7.29606639e-02	1.70952201e-04	7.27897117e-04	1.44223343e-03	2.11809230e-17	1.44223343e-03	-1.44223343e-03
0.078           	2.87461848e-01	1.44452946e-01	1.43008902e-01	-1.44404429e-01	-7.20223141e-02	-7.23821149e-02	1.79900394e-04	7.22022145e-04	1.43730924e-03	2.11897888e-17	1.43730924e-03	-1.43730924e-03
0.079           	2.86211538e-01	1.43822183e-01	1.42389355e-01	-1.43282863e-01	-7.14525664e-02	-7.18302969e-02	1.88865259e-04	7.16414317e-04	1.43105769e-03	2.11570541e-17	1.43105769e-03	-1.43105769e-03
0.08            	2.85361214e-01	1.43391502e-01	1.41969712e-01	-1.42179032e-01	-7.08916793e-02	-7.12873527e-02	1.97836701e-04	7.10895160e-04	1.42680607e-03	2.11367847e-17	1.42680607e-03	-1.42680607e-03
0.081           	2.84707152e-01	1.43058364e-01	1.41648787e-01	-1.40957730e-01	-7.02720540e-02	-7.06856763e-02	2.06811135e-04	7.04788651e-04	1.42353576e-03	2.11389077e-17	1.42353576e-03	-1.42353576e-03
0.082           	2.83756064e-01	1.42576472e-01	1.41179591e-01	-1.39688089e-01	-6.96282406e-02	-7.00598482e-02	2.15803829e-04	6.98440444e-04	1.41878032e-03	2.11483659e-17	1.41878032e-03	-1.41878032e-03
0.083           	2.82480017e-01	1.41932230e-01	1.40547788e-01	-1.38444210e-01	-6.89972754e-02	-6.94469349e-02	2.24829796e-04	6.92221052e-04	1.41240009e-03	2.11539312e-17	1.41240009e-03	-1.41240009e-03
0.084           	2.81825182e-01	1.41598254e-01	1.40226928e-01	-1.37132614e-01	-6.83324364e-02	-6.88001775e-02	2.33870562e-04	6.85663070e-04	1.40912591e-03	2.11362758e-17	1.40912591e-03	-1.40912591e-03
0.085           	2.81352339e-01	1.41354817e-01	1.39997522e-01	-1.35729542e-01	-6.76218546e-02	-6.81076870e-02	2.42916215e-04	6.78647708e-04	1.40676170e-03	2.11383167e-17	1.40676170e-03	-1.40676170e-03
0.086           	2.80495221e-01	1.40919374e-01	1.39575847e-01	-1.34352760e-01	-6.69244283e-02	-6.74283312e-02	2.51951457e-04	6.71763798e-04	1.40247610e-03	2.11512656e-17	1.40247610e-03	-1.40247610e-03
0.087           	2.79299500e-01	1.40313974e-01	1.38985527e-01	-1.32844679e-01	-6.61613497e-02	-6.66833289e-02	2.60989621e-04	6.64223393e-04	1.39649750e-03	2.11698465e-17	1.39649750e-03	-1.39649750e-03
0.088           	2.78727282e-01	1.40019776e-01	1.38707507e-01	-1.31226899e-01	-6.53433920e-02	-6.58835070e-02	2.70057501e-04	6.56134495e-04	1.39363641e-03	2.11508732e-17	1.39363641e-03	-1.39363641e-03
0.089           	2.78365001e-01	1.39830378e-01	1.38534622e-01	-1.29575642e-01	-6.45086807e-02	-6.50669609e-02	2.79140131e-04	6.47878208e-04	1.39182500e-03	2.11760312e-17	1.39182500e-03	-1.39182500e-03
0.09            	2.77361617e-01	1.39320083e-01	1.38041534e-01	-1.27854890e-01	-6.36392178e-02	-6.42156718e-02	2.88226996e-04	6.39274448e-04	1.38680808e-03	2.11774031e-17	1.38680808e-03	-1.38680808e-03
0.091           	2.76490907e-01	1.38876127e-01	1.37614780e-01	-1.26134637e-01	-6.27700015e-02	-6.33646354e-02	2.97316992e-04	6.30673185e-04	1.38245453e-03	2.11776054e-17	1.38245453e-03	-1.38245453e-03
0.092           	2.76139825e-01	1.38692082e-01	1.37447743e-01	-1.24433807e-01	-6.19105131e-02	-6.25232936e-02	3.06390230e-04	6.22169034e-04	1.38069912e-03	2.11788883e-17	1.38069912e-03	-1.38069912e-03
0.093           	2.75636761e-01	1.38432068e-01	1.37204693e-01	-1.22737446e-01	-6.10532786e-02	-6.16841674e-02	3.15444369e-04	6.13687230e-04	1.37818380e-03	2.11798923e-17	1.37818380e-03	-1.37818380e-03
0.094           	2.74814768e-01	1.38012968e-01	1.36801799e-01	-1.21116885e-01	-6.02339735e-02	-6.08829117e-02	3.24469110e-04	6.05584426e-04	1.37407384e-03	2.11813325e-17	1.37407384e-03	-1.37407384e-03
0.095           	2.74320704e-01	1.37757613e-01	1.36563092e-01	-1.19452079e-01	-5.93925806e-02	-6.00594982e-02	3.33458807e-04	5.97260394e-04	1.37160352e-03	2.11888696e-17	1.37160352e-03	-1.37160352e-03
0.096           	2.73924656e-01	1.37550593e-01	1.36374063e-01	-1.17652990e-01	-5.84840667e-02	-5.91689233e-02	3.42428273e-04	5.88264950e-04	1.36962328e-03	2.11884044e-17	1.36962328e-03	-1.36962328e-03
0.097           	2.73356539e-01	1.37257826e-01	1.36098713e-01	-1.15911350e-01	-5.76043414e-02	-5.83070089e-02	3.51333755e-04	5.79556752e-04	1.36678269e-03	2.11723494e-17	1.36678269e-03	-1.36678269e-03
0.098           	2.72942797e-01	1.37042669e-01	1.35900129e-01	-1.14253996e-01	-5.67668177e-02	-5.74871781e-02	3.60180189e-04	5.71269979e-04	1.36471399e-03	2.11512285e-17	1.36471399e-03	-1.36471399e-03
0.099           	2.72761382e-01	1.36941442e-01	1.35819940e-01	-1.12150169e-01	-5.57061071e-02	-5.64440622e-02	3.68977547e-04	5.60750847e-04	1.36380691e-03	2.11504732e-17	1.36380691e-03	-1.36380691e-03
0.1             	2.72521803e-01	1.36811509e-01	1.35710295e-01	-1.10121371e-01	-5.46829401e-02	-5.54384305e-02	3.77745188e-04	5.50606853e-04	1.36260902e-03	2.11516717e-17	1.36260902e-03	-1.36260902e-03
0.101           	2.72355204e-01	1.36718164e-01	1.35637040e-01	-1.08112407e-01	-5.36697490e-02	-5.44426582e-02	3.86454630e-04	5.40562036e-04	1.36177602e-03	2.11521448e-17	1.36177602e-03	-1.36177602e-03
0.102           	2.72131731e-01	1.36596443e-01	1.35535288e-01	-1.06115448e-01	-5.26626076e-02	-5.34528399e-02	3.95116167e-04	5.30577238e-04	1.36065865e-03	2.11508753e-17	1.36065865e-03	-1.36065865e-03
0.103           	2.71935286e-01	1.36488210e-01	1.35447076e-01	-1.04113395e-01	-5.16529900e-02	-5.24604052e-02	4.03707597e-04	5.20566976e-04	1.35967643e-03	2.11515232e-17	1.35967643e-03	-1.35967643e-03
0.104           	2.71959460e-01	1.36491176e-01	1.35468284e-01	-1.02289185e-01	-5.07323679e-02	-5.15568166e-02	4.12224307e-04	5.11445923e-04	1.35979730e-03	2.11521973e-17	1.35979730e-03	-1.35979730e-03
0.105           	2.71811860e-01	1.36408812e-01	1.35403049e-01	-1.00576285e-01	-4.98674812e-02	-5.07088037e-02	4.20661243e-04	5.02881425e-04	1.35905930e-03	2.11504762e-17	1.35905930e-03	-1.35905930e-03
0.106           	2.71690520e-01	1.36340176e-01	1.35350344e-01	-9.89832777e-02	-4.90626203e-02	-4.99206574e-02	4.29018591e-04	4.94916389e-04	1.35845260e-03	2.11520546e-17	1.35845260e-03	-1.35845260e-03
0.107           	2.71995116e-01	1.36484699e-01	1.35510417e-01	-9.74282222e-02	-4.82767928e-02	-4.91514294e-02	4.37318327e-04	4.87141111e-04	1.35997558e-03	2.11704564e-17	1.35997558e-03	-1.35997558e-03
0.108           	2.72211784e-01	1.36584136e-01	1.35627648e-01	-9.56488629e-02	-4.73789325e-02	-4.82699303e-02	4.45498914e-04	4.78244314e-04	1.36105892e-03	2.11842646e-17	1.36105892e-03	-1.36105892e-03
0.109           	2.72480659e-01	1.36710638e-01	1.35770021e-01	-9.40617649e-02	-4.65773168e-02	-4.74844481e-02	4.53565626e-04	4.70308824e-04	1.36240329e-03	2.11860171e-17	1.36240329e-03	-1.36240329e-03
0.11            	2.73002043e-01	1.36963299e-01	1.36038744e-01	-9.24554564e-02	-4.57662233e-02	-4.66892332e-02	4.61504944e-04	4.62277282e-04	1.36501021e-03	2.11704902e-17	1.36501021e-03	-1.36501021e-03
0.111           	2.73266245e-01	1.37087839e-01	1.36178405e-01	-9.09434160e-02	-4.50024098e-02	-4.59410062e-02	4.69298177e-04	4.54717080e-04	1.36633122e-03	2.11462446e-17	1.36633122e-03	-1.36633122e-03
0.112           	2.73578545e-01	1.37237195e-01	1.36341350e-01	-8.95845317e-02	-4.43153442e-02	-4.52691875e-02	4.76921652e-04	4.47922659e-04	1.36789272e-03	2.11477721e-17	1.36789272e-03	-1.36789272e-03
0.113           	2.74238585e-01	1.37561556e-01	1.36677028e-01	-8.84527924e-02	-4.37420457e-02	-4.47107467e-02	4.84350466e-04	4.42263962e-04	1.37119292e-03	2.11501950e-17	1.37119292e-03	-1.37119292e-03
0.114           	2.74765084e-01	1.37819701e-01	1.36945384e-01	-8.74316670e-02	-4.32242431e-02	-4.42074239e-02	4.91590380e-04	4.37158335e-04	1.37382542e-03	2.11345551e-17	1.37382542e-03	-1.37382542e-03
0.115           	2.75444279e-01	1.38155219e-01	1.37289060e-01	-8.66159052e-02	-4.28093141e-02	-4.38065911e-02	4.98638486e-04	4.33079526e-04	1.37722139e-03	2.11355335e-17	1.37722139e-03	-1.37722139e-03
0.116           	2.76155341e-01	1.38507568e-01	1.37647774e-01	-8.59793970e-02	-4.24842243e-02	-4.34951727e-02	5.05474202e-04	4.29896985e-04	1.38077671e-03	2.10719173e-17	1.38077671e-03	-1.38077671e-03
0.117           	2.76822959e-01	1.38837585e-01	1.37985375e-01	-8.52209712e-02	-4.20983744e-02	-4.31225968e-02	5.12111200e-04	4.26104856e-04	1.38411480e-03	2.10675950e-17	1.38411480e-03	-1.38411480e-03
0.118           	2.77539312e-01	1.39192055e-01	1.38347258e-01	-8.44796909e-02	-4.17213112e-02	-4.27583797e-02	5.18534228e-04	4.22398454e-04	1.38769656e-03	2.10743349e-17	1.38769656e-03	-1.38769656e-03
0.119           	2.78258632e-01	1.39548099e-01	1.38710533e-01	-8.37565929e-02	-4.13535851e-02	-4.24030078e-02	5.24711383e-04	4.18782965e-04	1.39129316e-03	2.10567517e-17	1.39129316e-03	-1.39129316e-03
0.12            	2.79218351e-01	1.40024581e-01	1.39193770e-01	-8.30810785e-02	-4.10098968e-02	-4.20711817e-02	5.30642494e-04	4.15405393e-04	1.39609176e-03	2.10495667e-17	1.39609176e-03	-1.39609176e-03
0.121           	2.80231344e-01	1.40526742e-01	1.39704602e-01	-8.22139627e-02	-4.05706651e-02	-4.16432977e-02	5.36316303e-04	4.11069814e-04	1.40115672e-03	2.10328297e-17	1.40115672e-03	-1.40115672e-03
0.122           	2.81006781e-01	1.40909852e-01	1.40096929e-01	-8.12922618e-02	-4.01044036e-02	-4.11878582e-02	5.41727303e-04	4.06461309e-04	1.40503391e-03	2.10395126e-17	1.40503391e-03	-1.40503391e-03
0.123           	2.81967395e-01	1.41386408e-01	1.40580987e-01	-8.05420920e-02	-3.97242273e-02	-4.08178647e-02	5.46818677e-04	4.02710460e-04	1.40983698e-03	2.10188618e-17	1.40983698e-03	-1.40983698e-03
0.124           	2.82918885e-01	1.41857521e-01	1.41061364e-01	-7.96157296e-02	-3.92562691e-02	-4.03594605e-02	5.51595695e-04	3.98078648e-04	1.41459442e-03	2.10101878e-17	1.41459442e-03	-1.41459442e-03
0.125           	2.83701181e-01	1.42243496e-01	1.41457684e-01	-7.85811737e-02	-3.87345111e-02	-3.98466626e-02	5.56075757e-04	3.92905869e-04	1.41850590e-03	2.09833745e-17	1.41850590e-03	-1.41850590e-03
0.126           	2.84635324e-01	1.42706141e-01	1.41929183e-01	-7.76957914e-02	-3.82876379e-02	-3.94081534e-02	5.60257759e-04	3.88478957e-04	1.42317662e-03	2.09017871e-17	1.42317662e-03	-1.42317662e-03
0.127           	2.85649394e-01	1.43208839e-01	1.42440555e-01	-7.68283482e-02	-3.78500549e-02	-3.89782933e-02	5.64119222e-04	3.84141741e-04	1.42824697e-03	2.08546637e-17	1.42824697e-03	-1.42824697e-03
0.128           	2.86707181e-01	1.43732885e-01	1.42974296e-01	-7.58589126e-02	-3.73618407e-02	-3.84970719e-02	5.67615632e-04	3.79294563e-04	1.43353591e-03	2.08191015e-17	1.43353591e-03	-1.43353591e-03
0.129           	2.87754194e-01	1.44251578e-01	1.43502615e-01	-7.48962714e-02	-3.68773284e-02	-3.80189430e-02	5.70807303e-04	3.74481357e-04	1.43877097e-03	2.09059871e-17	1.43877097e-03	-1.43877097e-03
0.13            	2.88964104e-01	1.44852104e-01	1.44112000e-01	-7.40103552e-02	-3.64314755e-02	-3.75788797e-02	5.73702072e-04	3.70051776e-04	1.44482052e-03	2.08817671e-17	1.44482052e-03	-1.44482052e-03
0.131           	2.89809465e-01	1.45269533e-01	1.44539932e-01	-7.29600594e-02	-3.59037215e-02	-3.70563379e-02	5.76308233e-04	3.64800297e-04	1.44904732e-03	2.09009044e-17	1.44904732e-03	-1.44904732e-03
0.132           	2.90810978e-01	1.45765148e-01	1.45045830e-01	-7.19318060e-02	-3.53872789e-02	-3.65445271e-02	5.78624112e-04	3.59659030e-04	1.45405489e-03	2.09250009e-17	1.45405489e-03	-1.45405489e-03
0.133           	2.91921259e-01	1.46316237e-01	1.45605022e-01	-7.11215011e-02	-3.49801110e-02	-3.61413901e-02	5.80639550e-04	3.55607505e-04	1.45960630e-03	2.09350003e-17	1.45960630e-03	-1.45960630e-03
0.134           	2.92931280e-01	1.46816646e-01	1.46114634e-01	-7.02011204e-02	-3.45182410e-02	-3.56828795e-02	5.82319250e-04	3.51005602e-04	1.46465640e-03	2.09977323e-17	1.46465640e-03	-1.46465640e-03
0.135           	2.93947027e-01	1.47318102e-01	1.46628925e-01	-6.89177602e-02	-3.38751734e-02	-3.50425868e-02	5.83706719e-04	3.44588801e-04	1.46973513e-03	2.10208546e-17	1.46973513e-03	-1.46973513e-03
0.136           	2.94973187e-01	1.47824437e-01	1.47148750e-01	-6.75687415e-02	-3.31995583e-02	-3.43691832e-02	5.84812467e-04	3.37843707e-04	1.47486594e-03	2.10787399e-17	1.47486594e-03	-1.47486594e-03
0.137           	2.95951104e-01	1.48308202e-01	1.47642901e-01	-6.65301082e-02	-3.26794313e-02	-3.38506769e-02	5.85622772e-04	3.32650541e-04	1.47975552e-03	2.11000641e-17	1.47975552e-03	-1.47975552e-03
0.138           	2.96917610e-01	1.48784903e-01	1.48132707e-01	-6.52196285e-02	-3.20237271e-02	-3.31959013e-02	5.86087097e-04	3.26098142e-04	1.48458805e-03	2.10970427e-17	1.48458805e-03	-1.48458805e-03
0.139           	2.97917438e-01	1.49278426e-01	1.48639012e-01	-6.39414233e-02	-3.13844756e-02	-3.25569478e-02	5.86236092e-04	3.19707117e-04	1.48958719e-03	2.11190362e-17	1.48958719e-03	-1.48958719e-03
0.14            	2.99022601e-01	1.49824888e-01	1.49197713e-01	-6.27175002e-02	-3.07726393e-02	-3.19448609e-02	5.86110783e-04	3.13587501e-04	1.49511301e-03	2.10936800e-17	1.49511301e-03	-1.49511301e-03
0.141           	3.00100865e-01	1.50357796e-01	1.49743069e-01	-6.14727083e-02	-3.01506259e-02	-3.13220824e-02	5.85728254e-04	3.07363542e-04	1.50050432e-03	2.10412879e-17	1.50050432e-03	-1.50050432e-03
0.142           	3.01070865e-01	1.50836035e-01	1.50234830e-01	-6.01205154e-02	-2.94751513e-02	-3.06453642e-02	5.85106437e-04	3.00602577e-04	1.50535433e-03	2.10393263e-17	1.50535433e-03	-1.50535433e-03
0.143           	3.02179480e-01	1.51383487e-01	1.50795993e-01	-5.87494791e-02	-2.87904794e-02	-2.99589996e-02	5.84260099e-04	2.93747395e-04	1.51089740e-03	2.10175553e-17	1.51089740e-03	-1.51089740e-03
0.144           	3.03362210e-01	1.51967458e-01	1.51394752e-01	-5.72705981e-02	-2.80520592e-02	-2.92185390e-02	5.83239903e-04	2.86352991e-04	1.51681105e-03	2.10122765e-17	1.51681105e-03	-1.51681105e-03
0.145           	3.04322884e-01	1.52440224e-01	1.51882660e-01	-5.57564122e-02	-2.72961826e-02	-2.84602295e-02	5.82023470e-04	2.78782061e-04	1.52161442e-03	2.10106562e-17	1.52161442e-03	-1.52161442e-03
0.146           	3.05300966e-01	1.52921749e-01	1.52379217e-01	-5.42531816e-02	-2.65459871e-02	-2.77071945e-02	5.80603708e-04	2.71265908e-04	1.52650483e-03	2.10295655e-17	1.52650483e-03	-1.52650483e-03
0.147           	3.06441002e-01	1.53484190e-01	1.52956812e-01	-5.27378082e-02	-2.57899249e-02	-2.69478833e-02	5.78979232e-04	2.63689041e-04	1.53220501e-03	2.10283150e-17	1.53220501e-03	-1.53220501e-03
0.148           	3.07450273e-01	1.53980935e-01	1.53469337e-01	-5.11597989e-02	-2.50027416e-02	-2.61570573e-02	5.77157888e-04	2.55798995e-04	1.53725136e-03	2.09797003e-17	1.53725136e-03	-1.53725136e-03
0.149           	3.08557099e-01	1.54527000e-01	1.54030098e-01	-4.96901859e-02	-2.42698877e-02	-2.54202983e-02	5.75205299e-04	2.48450930e-04	1.54278549e-03	2.09569876e-17	1.54278549e-03	-1.54278549e-03
0.15            	3.09758118e-01	1.55119781e-01	1.54638337e-01	-4.81444109e-02	-2.34991089e-02	-2.46453019e-02	5.73096500e-04	2.40722054e-04	1.54879059e-03	2.09262819e-17	1.54879059e-03	-1.54879059e-03
0.151           	3.10867473e-01	1.55667456e-01	1.55200017e-01	-4.67438504e-02	-2.28010841e-02	-2.39427664e-02	5.70841148e-04	2.33719252e-04	1.55433736e-03	2.09280828e-17	1.55433736e-03	-1.55433736e-03
0.152           	3.12041955e-01	1.56247194e-01	1.55794761e-01	-4.52433724e-02	-2.20532618e-02	-2.31901106e-02	5.68424409e-04	2.26216862e-04	1.56020978e-03	2.09226262e-17	1.56020978e-03	-1.56020978e-03
0.153           	3.13077322e-01	1.56757745e-01	1.56319577e-01	-4.38167148e-02	-2.13424917e-02	-2.24742231e-02	5.65865729e-04	2.19083574e-04	1.56538661e-03	2.09062358e-17	1.56538661e-03	-1.56538661e-03
0.154           	3.14186405e-01	1.57304277e-01	1.56882127e-01	-4.22149943e-02	-2.05443018e-02	-2.16706925e-02	5.63195333e-04	2.11074972e-04	1.57093202e-03	2.09067607e-17	1.57093202e-03	-1.57093202e-03
0.155           	3.15240363e-01	1.57823284e-01	1.57417079e-01	-4.06204697e-02	-1.97497585e-02	-2.08707111e-02	5.60476307e-04	2.03102348e-04	1.57620182e-03	2.08899087e-17	1.57620182e-03	-1.57620182e-03
0.156           	3.16421209e-01	1.58405209e-01	1.58016001e-01	-3.89208086e-02	-1.89026402e-02	-2.00181684e-02	5.57764145e-04	1.94604043e-04	1.58210605e-03	2.09155713e-17	1.58210605e-03	-1.58210605e-03
0.157           	3.17615908e-01	1.58993773e-01	1.58622135e-01	-3.71638409e-02	-1.80268869e-02	-1.91369540e-02	5.55033590e-04	1.85819204e-04	1.58807954e-03	2.09234914e-17	1.58807954e-03	-1.58807954e-03
0.158           	3.18563647e-01	1.59459713e-01	1.59103935e-01	-3.55778463e-02	-1.72366820e-02	-1.83411643e-02	5.52241128e-04	1.77889232e-04	1.59281824e-03	2.09636311e-17	1.59281824e-03	-1.59281824e-03
0.159           	3.19713186e-01	1.60026386e-01	1.59686800e-01	-3.39585247e-02	-1.64298836e-02	-1.75286411e-02	5.49378747e-04	1.69792623e-04	1.59856593e-03	2.09557990e-17	1.59856593e-03	-1.59856593e-03
0.16            	3.20941595e-01	1.60631917e-01	1.60309677e-01	-3.22239951e-02	-1.55655367e-02	-1.66584584e-02	5.46460870e-04	1.61119975e-04	1.60470797e-03	2.09208077e-17	1.60470797e-03	-1.60470797e-03
0.161           	3.22074622e-01	1.61189994e-01	1.60884627e-01	-3.05367065e-02	-1.47248525e-02	-1.58118540e-02	5.43500742e-04	1.52683533e-04	1.61037311e-03	2.09224273e-17	1.61037311e-03	-1.61037311e-03
0.162           	3.23215236e-01	1.61751835e-01	1.61463401e-01	-2.88434193e-02	-1.38811770e-02	-1.49622423e-02	5.40532641e-04	1.44217097e-04	1.61607618e-03	2.09169406e-17	1.61607618e-03	-1.61607618e-03
0.163           	3.24383081e-01	1.62327695e-01	1.62055386e-01	-2.72308471e-02	-1.30778845e-02	-1.41529625e-02	5.37539011e-04	1.36154235e-04	1.62191541e-03	2.09434731e-17	1.62191541e-03	-1.62191541e-03
0.164           	3.25656924e-01	1.62955521e-01	1.62701404e-01	-2.54117071e-02	-1.21713213e-02	-1.32403858e-02	5.34532283e-04	1.27058536e-04	1.62828462e-03	2.09379283e-17	1.62828462e-03	-1.62828462e-03
0.165           	3.26805265e-01	1.63520440e-01	1.63284826e-01	-2.35613909e-02	-1.12491608e-02	-1.23122301e-02	5.31534691e-04	1.17806954e-04	1.63402633e-03	2.09123179e-17	1.63402633e-03	-1.63402633e-03
0.166           	3.28004584e-01	1.64110674e-01	1.63893909e-01	-2.16765046e-02	-1.03097164e-02	-1.13667882e-02	5.28535872e-04	1.08382523e-04	1.64002292e-03	2.09089345e-17	1.64002292e-03	-1.64002292e-03
0.167           	3.29151958e-01	1.64675272e-01	1.64476686e-01	-1.98586079e-02	-9.40369729e-03	-1.04549106e-02	5.25606675e-04	9.92930397e-05	1.64575979e-03	2.09396206e-17	1.64575979e-03	-1.64575979e-03
0.168           	3.30300573e-01	1.65240419e-01	1.65060154e-01	-1.80265200e-02	-8.49053449e-03	-9.53598547e-03	5.22725488e-04	9.01325998e-05	1.65150287e-03	2.09526711e-17	1.65150287e-03	-1.65150287e-03
0.169           	3.31574323e-01	1.65867879e-01	1.65706444e-01	-1.61434804e-02	-7.55176027e-03	-8.59172009e-03	5.19979910e-04	8.07174018e-05	1.65787162e-03	2.10250549e-17	1.65787162e-03	-1.65787162e-03
0.17            	3.32878660e-01	1.66510339e-01	1.66368321e-01	-1.42017461e-02	-6.58357358e-03	-7.61817253e-03	5.17299475e-04	7.10087306e-05	1.66439330e-03	2.10362128e-17	1.66439330e-03	-1.66439330e-03
0.171           	3.33986477e-01	1.67053886e-01	1.66932591e-01	-1.21294913e-02	-5.55008859e-03	-6.57940271e-03	5.14657059e-04	6.06474565e-05	1.66993239e-03	2.10313032e-17	1.66993239e-03	-1.66993239e-03
0.172           	3.35285548e-01	1.67693471e-01	1.67592077e-01	-1.01393731e-02	-4.55762223e-03	-5.58175088e-03	5.12064321e-04	5.06968655e-05	1.67642774e-03	2.10319741e-17	1.67642774e-03	-1.67642774e-03
0.173           	3.36484430e-01	1.68283487e-01	1.68200943e-01	-8.25436616e-03	-3.61765409e-03	-4.63671207e-03	5.09528988e-04	4.12718308e-05	1.68242215e-03	2.10165531e-17	1.68242215e-03	-1.68242215e-03
0.174           	3.37723378e-01	1.68892981e-01	1.68830397e-01	-6.25841621e-03	-2.62218420e-03	-3.63623201e-03	5.07023903e-04	3.12920810e-05	1.68861689e-03	2.10481567e-17	1.68861689e-03	-1.68861689e-03
0.175           	3.38949844e-01	1.69495355e-01	1.69454490e-01	-4.08645719e-03	-1.53868567e-03	-2.54777152e-03	5.04542926e-04	2.04322860e-05	1.69474922e-03	2.10480989e-17	1.69474922e-03	-1.69474922e-03
0.176           	3.40217121e-01	1.70118494e-01	1.70098627e-01	-1.98672857e-03	-4.91278559e-04	-1.49545001e-03	5.02085724e-04	9.93364283e-06	1.70108560e-03	2.10641208e-17	1.70108560e-03	-1.70108560e-03
0.177           	3.41489875e-01	1.70744218e-01	1.70745657e-01	1.43944030e-04	5.71651917e-04	-4.27707887e-04	4.99679902e-04	-7.19720152e-07	1.70744938e-03	2.10530057e-17	1.70744938e-03	-1.70744938e-03
0.178           	3.42822495e-01	1.71400335e-01	1.71422159e-01	2.18240327e-03	1.58856729e-03	5.93835988e-04	4.97365649e-04	-1.09120164e-05	1.71411247e-03	2.10465146e-17	1.71411247e-03	-1.71411247e-03
0.179           	3.44105117e-01	1.72030956e-01	1.72074161e-01	4.32046335e-03	2.65538817e-03	1.66507518e-03	4.95156492e-04	-2.16023167e-05	1.72052559e-03	2.10458744e-17	1.72052559e-03	-1.72052559e-03
0.18            	3.45392375e-01	1.72664092e-01	1.72728283e-01	6.41907462e-03	3.70260083e-03	2.71647379e-03	4.93063521e-04	-3.20953731e-05	1.72696188e-03	2.10321137e-17	1.72696188e-03	-1.72696188e-03
0.181           	3.46610545e-01	1.73262691e-01	1.73347854e-01	8.51633823e-03	4.74919394e-03	3.76714429e-03	4.91024825e-04	-4.25816911e-05	1.73305273e-03	2.10274605e-17	1.73305273e-03	-1.73305273e-03
0.182           	3.47902827e-01	1.73897577e-01	1.74005249e-01	1.07671976e-02	5.87265672e-03	4.89454085e-03	4.89057936e-04	-5.38359879e-05	1.73951413e-03	2.11080083e-17	1.73951413e-03	-1.73951413e-03
0.183           	3.49154012e-01	1.74512303e-01	1.74641709e-01	1.29406096e-02	6.95751755e-03	5.98309201e-03	4.87212771e-04	-6.47030478e-05	1.74577006e-03	2.10543252e-17	1.74577006e-03	-1.74577006e-03
0.184           	3.50332535e-01	1.75090683e-01	1.75241852e-01	1.51168921e-02	8.04393867e-03	7.07295346e-03	4.85492603e-04	-7.55844607e-05	1.75166268e-03	2.10539099e-17	1.75166268e-03	-1.75166268e-03
0.185           	3.51613291e-01	1.75719966e-01	1.75893325e-01	1.73359592e-02	9.15183562e-03	8.18412358e-03	4.83856023e-04	-8.66797960e-05	1.75806645e-03	2.10507067e-17	1.75806645e-03	-1.75806645e-03
0.186           	3.52797049e-01	1.76300316e-01	1.76496733e-01	1.96416924e-02	1.03031161e-02	9.33857626e-03	4.82269938e-04	-9.82084620e-05	1.76398524e-03	2.10953211e-17	1.76398524e-03	-1.76398524e-03
0.187           	3.54097971e-01	1.76938862e-01	1.77159109e-01	2.20246513e-02	1.14930938e-02	1.05315575e-02	4.80768109e-04	-1.10123257e-04	1.77048986e-03	2.11658415e-17	1.77048986e-03	-1.77048986e-03
0.188           	3.55271040e-01	1.77514143e-01	1.77756897e-01	2.42754335e-02	1.26170455e-02	1.16583880e-02	4.79328751e-04	-1.21377167e-04	1.77635520e-03	2.11582708e-17	1.77635520e-03	-1.77635520e-03
0.189           	3.56549200e-01	1.78141689e-01	1.78407510e-01	2.65821184e-02	1.37690442e-02	1.28130741e-02	4.77985046e-04	-1.32910592e-04	1.78274600e-03	2.11534928e-17	1.78274600e-03	-1.78274600e-03
0.19            	3.57804531e-01	1.78757874e-01	1.79046657e-01	2.88782794e-02	1.49158398e-02	1.39624396e-02	4.76700118e-04	-1.44391397e-04	1.78902265e-03	2.11309686e-17	1.78902265e-03	-1.78902265e-03
0.191           	3.59074080e-01	1.79380984e-01	1.79693096e-01	3.12112493e-02	1.60810902e-02	1.51301590e-02	4.75465601e-04	-1.56056246e-04	1.79537040e-03	2.11385991e-17	1.79537040e-03	-1.79537040e-03
0.192           	3.60305365e-01	1.79985055e-01	1.80320311e-01	3.35255739e-02	1.72370677e-02	1.62885062e-02	4.74280751e-04	-1.67627869e-04	1.80152683e-03	2.11381238e-17	1.80152683e-03	-1.80152683e-03
0.193           	3.61546461e-01	1.80594288e-01	1.80952173e-01	3.57885666e-02	1.83674253e-02	1.74211413e-02	4.73142018e-04	-1.78942833e-04	1.80773230e-03	2.11373298e-17	1.80773230e-03	-1.80773230e-03
0.194           	3.62819904e-01	1.81219344e-01	1.81600560e-01	3.81216648e-02	1.95329344e-02	1.85887304e-02	4.72102033e-04	-1.90608324e-04	1.81409952e-03	2.11295444e-17	1.81409952e-03	-1.81409952e-03
0.195           	3.64018794e-01	1.81807313e-01	1.82211481e-01	4.04168625e-02	2.06795314e-02	1.97373311e-02	4.71100137e-04	-2.02084312e-04	1.82009397e-03	2.11155300e-17	1.82009397e-03	-1.82009397e-03
0.196           	3.65295945e-01	1.82433859e-01	1.82862085e-01	4.28225913e-02	2.18814322e-02	2.09411592e-02	4.70136515e-04	-2.14112957e-04	1.82647972e-03	2.11137591e-17	1.82647972e-03	-1.82647972e-03
0.197           	3.66625809e-01	1.83086796e-01	1.83539014e-01	4.52217678e-02	2.30801087e-02	2.21416591e-02	4.69224813e-04	-2.26108839e-04	1.83312905e-03	2.11814855e-17	1.83312905e-03	-1.83312905e-03
0.198           	3.67858633e-01	1.83691351e-01	1.84167282e-01	4.75930307e-02	2.42648636e-02	2.33281670e-02	4.68348320e-04	-2.37965153e-04	1.83929317e-03	2.11980717e-17	1.83929317e-03	-1.83929317e-03
0.199           	3.69093525e-01	1.84296816e-01	1.84796708e-01	4.99892113e-02	2.54621063e-02	2.45271050e-02	4.67500657e-04	-2.49946056e-04	1.84546762e-03	2.12252142e-17	1.84546762e-03	-1.84546762e-03
0.2             	3.70388926e-01	1.84931758e-01	1.85457169e-01	5.25411367e-02	2.67372697e-02	2.58038670e-02	4.66701327e-04	-2.62705684e-04	1.85194463e-03	2.12041773e-17	1.85194463e-03	-1.85194463e-03
0.201           	3.71614469e-01	1.85532224e-01	1.86082245e-01	5.50021480e-02	2.79670339e-02	2.70351141e-02	4.65959947e-04	-2.75010740e-04	1.85807234e-03	2.12355678e-17	1.85807234e-03	-1.85807234e-03
0.202           	3.72913076e-01	1.86168504e-01	1.86744572e-01	5.76068143e-02	2.92686471e-02	2.83381672e-02	4.65239941e-04	-2.88034072e-04	1.86456538e-03	2.12371283e-17	1.86456538e-03	-1.86456538e-03
0.203           	3.74146271e-01	1.86772379e-01	1.87373891e-01	6.01512184e-02	3.05401248e-02	2.96110936e-02	4.64515594e-04	-3.00756092e-04	1.87073135e-03	2.12513701e-17	1.87073135e-03	-1.87073135e-03
0.204           	3.75438504e-01	1.87405786e-01	1.88032719e-01	6.26932808e-02	3.18104826e-02	3.08827982e-02	4.63842157e-04	-3.13466404e-04	1.87719252e-03	2.12265711e-17	1.87719252e-03	-1.87719252e-03
0.205           	3.76758748e-01	1.88052960e-01	1.88705788e-01	6.52828129e-02	3.31046414e-02	3.21781714e-02	4.63234997e-04	-3.26414064e-04	1.88379374e-03	2.12256725e-17	1.88379374e-03	-1.88379374e-03
0.206           	3.78077519e-01	1.88698862e-01	1.89378657e-01	6.79794457e-02	3.44524254e-02	3.35270203e-02	4.62702559e-04	-3.39897228e-04	1.89038760e-03	2.12175837e-17	1.89038760e-03	-1.89038760e-03
0.207           	3.79393366e-01	1.89343055e-01	1.90050311e-01	7.07256418e-02	3.58250191e-02	3.49006227e-02	4.62198190e-04	-3.53628209e-04	1.89696683e-03	2.11940334e-17	1.89696683e-03	-1.89696683e-03
0.208           	3.80689084e-01	1.89977815e-01	1.90711270e-01	7.33454776e-02	3.71344553e-02	3.62110223e-02	4.61716498e-04	-3.66727388e-04	1.90344542e-03	2.12212423e-17	1.90344542e-03	-1.90344542e-03
0.209           	3.82016177e-01	1.90627382e-01	1.91388795e-01	7.61413359e-02	3.85319132e-02	3.76094226e-02	4.61245311e-04	-3.80706679e-04	1.91008089e-03	2.11300595e-17	1.91008089e-03	-1.91008089e-03
0.21            	3.83421046e-01	1.91315686e-01	1.92105361e-01	7.89675100e-02	3.99445670e-02	3.90229430e-02	4.60812000e-04	-3.94837550e-04	1.91710523e-03	2.11076287e-17	1.91710523e-03	-1.91710523e-03
0.211           	3.84829661e-01	1.92006781e-01	1.92822880e-01	8.16099120e-02	4.12653526e-02	4.03445594e-02	4.60396624e-04	-4.08049560e-04	1.92414830e-03	2.10102025e-17	1.92414830e-03	-1.92414830e-03
0.212           	3.86189730e-01	1.92672180e-01	1.93517550e-01	8.45369585e-02	4.27284496e-02	4.18085089e-02	4.59970336e-04	-4.22684792e-04	1.93094865e-03	2.10768480e-17	1.93094865e-03	-1.93094865e-03
0.213           	3.87465528e-01	1.93297259e-01	1.94168269e-01	8.71010278e-02	4.40100617e-02	4.30909661e-02	4.59547804e-04	-4.35505139e-04	1.93732764e-03	2.10800691e-17	1.93732764e-03	-1.93732764e-03
0.214           	3.88787168e-01	1.93944937e-01	1.94842231e-01	8.97294254e-02	4.53238341e-02	4.44055913e-02	4.59121413e-04	-4.48647127e-04	1.94393584e-03	2.10534633e-17	1.94393584e-03	-1.94393584e-03
0.215           	3.90220805e-01	1.94647204e-01	1.95573600e-01	9.26395949e-02	4.67785212e-02	4.58610737e-02	4.58723738e-04	-4.63197975e-04	1.95110402e-03	2.10544227e-17	1.95110402e-03	-1.95110402e-03
0.216           	3.91703673e-01	1.95375221e-01	1.96328452e-01	9.53230877e-02	4.81198898e-02	4.72031979e-02	4.58345939e-04	-4.76615438e-04	1.95851837e-03	2.10441827e-17	1.95851837e-03	-1.95851837e-03
0.217           	3.93162034e-01	1.96091143e-01	1.97070891e-01	9.79747831e-02	4.94454115e-02	4.85293716e-02	4.58019958e-04	-4.89873915e-04	1.96581017e-03	2.10297797e-17	1.96581017e-03	-1.96581017e-03
0.218           	3.94571401e-01	1.96782879e-01	1.97788522e-01	1.00564264e-01	5.07398579e-02	4.98244058e-02	4.57726040e-04	-5.02821319e-04	1.97285701e-03	2.09838640e-17	1.97285701e-03	-1.97285701e-03
0.219           	3.95900146e-01	1.97434471e-01	1.98465675e-01	1.03120455e-01	5.20177221e-02	5.11027328e-02	4.57494680e-04	-5.15602274e-04	1.97950073e-03	2.09491488e-17	1.97950073e-03	-1.97950073e-03
0.22            	3.97353208e-01	1.98144921e-01	1.99208287e-01	1.06336523e-01	5.36255459e-02	5.27109771e-02	4.57284385e-04	-5.31682615e-04	1.98676604e-03	2.09496219e-17	1.98676604e-03	-1.98676604e-03
0.221           	3.98709613e-01	1.98809631e-01	1.99899981e-01	1.09034980e-01	5.49745701e-02	5.40604098e-02	4.57080164e-04	-5.45174899e-04	1.99354806e-03	2.09496175e-17	1.99354806e-03	-1.99354806e-03
0.222           	3.99985062e-01	1.99432681e-01	2.00552381e-01	1.11969962e-01	5.64418588e-02	5.55281034e-02	4.56877697e-04	-5.59849811e-04	1.99992531e-03	2.09641178e-17	1.99992531e-03	-1.99992531e-03
0.223           	4.01351116e-01	2.00101942e-01	2.01249174e-01	1.14723142e-01	5.78182324e-02	5.69049097e-02	4.56661361e-04	-5.73615710e-04	2.00675558e-03	2.09721557e-17	2.00675558e-03	-2.00675558e-03
0.224           	4.02782999e-01	2.00803895e-01	2.01979105e-01	1.17520979e-01	5.92169452e-02	5.83040333e-02	4.56455947e-04	-5.87604893e-04	2.01391500e-03	2.09746678e-17	2.01391500e-03	-2.01391500e-03
0.225           	4.04179716e-01	2.01487669e-01	2.02692047e-01	1.20437825e-01	6.06751826e-02	5.97626423e-02	4.56270151e-04	-6.02189124e-04	2.02089858e-03	2.09734610e-17	2.02089858e-03	-2.02089858e-03
0.226           	4.05639280e-01	2.02203918e-01	2.03435362e-01	1.23144333e-01	6.20282819e-02	6.11160516e-02	4.56115151e-04	-6.15721667e-04	2.02819640e-03	2.09675053e-17	2.02819640e-03	-2.02819640e-03
0.227           	4.07118533e-01	2.02929542e-01	2.04188991e-01	1.25944850e-01	6.34284123e-02	6.25164379e-02	4.55987184e-04	-6.29724251e-04	2.03559266e-03	2.10075194e-17	2.03559266e-03	-2.03559266e-03
0.228           	4.08554812e-01	2.03631802e-01	2.04923010e-01	1.29120709e-01	6.50162471e-02	6.41044615e-02	4.55892836e-04	-6.45603543e-04	2.04277406e-03	2.10139183e-17	2.04277406e-03	-2.04277406e-03
0.229           	4.09999460e-01	2.04340105e-01	2.05659355e-01	1.31925061e-01	6.64183758e-02	6.55066853e-02	4.55845223e-04	-6.59625305e-04	2.04999730e-03	2.10396103e-17	2.04999730e-03	-2.04999730e-03
0.23            	4.11510600e-01	2.05082003e-01	2.06428597e-01	1.34659370e-01	6.77855209e-02	6.68738486e-02	4.55836194e-04	-6.73296848e-04	2.05755300e-03	2.10374462e-17	2.05755300e-03	-2.05755300e-03
0.231           	4.12969461e-01	2.05796953e-01	2.07172508e-01	1.37555552e-01	6.92336429e-02	6.83219094e-02	4.55866774e-04	-6.87777762e-04	2.06484730e-03	2.10961573e-17	2.06484730e-03	-2.06484730e-03
0.232           	4.14425133e-01	2.06510095e-01	2.07915039e-01	1.40494364e-01	7.07031216e-02	6.97912423e-02	4.55939642e-04	-7.02471820e-04	2.07212567e-03	2.10913484e-17	2.07212567e-03	-2.07212567e-03
0.233           	4.16029023e-01	2.07295172e-01	2.08733851e-01	1.43867881e-01	7.23899782e-02	7.14779026e-02	4.56037825e-04	-7.19339404e-04	2.08014512e-03	2.11030653e-17	2.08014512e-03	-2.08014512e-03
0.234           	4.17455414e-01	2.07994506e-01	2.09460908e-01	1.46640287e-01	7.37763193e-02	7.28639680e-02	4.56175649e-04	-7.33201436e-04	2.08727707e-03	2.10943483e-17	2.08727707e-03	-2.08727707e-03
0.235           	4.19039384e-01	2.08771856e-01	2.10267528e-01	1.49567184e-01	7.52399324e-02	7.43272514e-02	4.56340510e-04	-7.47835919e-04	2.09519692e-03	2.11148288e-17	2.09519692e-03	-2.09519692e-03
0.236           	4.20516967e-01	2.09496362e-01	2.11020605e-01	1.52424335e-01	7.66686659e-02	7.57556689e-02	4.56498528e-04	-7.62121674e-04	2.10258484e-03	2.11152074e-17	2.10258484e-03	-2.10258484e-03
0.237           	4.22017655e-01	2.10231335e-01	2.11786321e-01	1.55498594e-01	7.82059495e-02	7.72926447e-02	4.56652368e-04	-7.77492971e-04	2.11008828e-03	2.11134896e-17	2.11008828e-03	-2.11008828e-03
0.238           	4.23488584e-01	2.10952972e-01	2.12535613e-01	1.58264105e-01	7.95888614e-02	7.86752436e-02	4.56808913e-04	-7.91320525e-04	2.11744292e-03	2.11142555e-17	2.11744292e-03	-2.11744292e-03
0.239           	4.25049134e-01	2.11718034e-01	2.13331100e-01	1.61306570e-01	8.11102570e-02	8.01963127e-02	4.56972146e-04	-8.06532848e-04	2.12524567e-03	2.11166044e-17	2.12524567e-03	-2.12524567e-03
0.24            	4.26616270e-01	2.12485733e-01	2.14130537e-01	1.64480425e-01	8.26973605e-02	8.17830647e-02	4.57147902e-04	-8.22402126e-04	2.13308135e-03	2.11874790e-17	2.13308135e-03	-2.13308135e-03
0.241           	4.28226833e-01	2.13275711e-01	2.14951121e-01	1.67541001e-01	8.42278448e-02	8.33131563e-02	4.57344262e-04	-8.37705005e-04	2.14113416e-03	2.12085162e-17	2.14113416e-03	-2.14113416e-03
0.242           	4.29829439e-01	2.14062230e-01	2.15767210e-01	1.70497977e-01	8.57065360e-02	8.47914412e-02	4.57547402e-04	-8.52489886e-04	2.14914720e-03	2.12125144e-17	2.14914720e-03	-2.14914720e-03
0.243           	4.31218035e-01	2.14742803e-01	2.16475233e-01	1.73242975e-01	8.70792572e-02	8.61637178e-02	4.57769674e-04	-8.66214875e-04	2.15609018e-03	2.12304812e-17	2.15609018e-03	-2.15609018e-03
0.244           	4.32680382e-01	2.15460237e-01	2.17220145e-01	1.75990846e-01	8.84534460e-02	8.75373999e-02	4.58023072e-04	-8.79954229e-04	2.16340191e-03	2.12403239e-17	2.16340191e-03	-2.16340191e-03
0.245           	4.34221540e-01	2.16216811e-01	2.18004730e-01	1.78791861e-01	8.98542158e-02	8.89376454e-02	4.58285201e-04	-8.93959306e-04	2.17110770e-03	2.12299859e-17	2.17110770e-03	-2.17110770e-03
0.246           	4.35740081e-01	2.16963021e-01	2.18777061e-01	1.81403966e-01	9.11605194e-02	9.02434468e-02	4.58536319e-04	-9.07019831e-04	2.17870041e-03	2.12555594e-17	2.17870041e-03	-2.17870041e-03
0.247           	4.37366661e-01	2.17763811e-01	2.19602850e-01	1.83903921e-01	9.24107511e-02	9.14931701e-02	4.58790488e-04	-9.19519606e-04	2.18683330e-03	2.12567335e-17	2.18683330e-03	-2.18683330e-03
0.248           	4.38982431e-01	2.18560401e-01	2.20422030e-01	1.86162908e-01	9.35405105e-02	9.26223978e-02	4.59056343e-04	-9.30814542e-04	2.19491215e-03	2.12236208e-17	2.19491215e-03	-2.19491215e-03
0.249           	4.40580547e-01	2.19346637e-01	2.21233910e-01	1.88727218e-01	9.48229528e-02	9.39042655e-02	4.59343628e-04	-9.43636092e-04	2.20290273e-03	2.11661090e-17	2.20290273e-03	-2.20290273e-03
0.25            	4.41951022e-01	2.20019628e-01	2.21931394e-01	1.91176553e-01	9.60479392e-02	9.51286136e-02	4.59662776e-04	-9.55882764e-04	2.20975511e-03	2.11559898e-17	2.20975511e-03	-2.20975511e-03
0.251           	4.43428926e-01	2.20745685e-01	2.22683241e-01	1.93755544e-01	9.73377809e-02	9.64177627e-02	4.60009113e-04	-9.68777718e-04	2.21714463e-03	2.11374970e-17	2.21714463e-03	-2.21714463e-03
0.252           	4.44828239e-01	2.21432865e-01	2.23395374e-01	1.96250822e-01	9.85857903e-02	9.76650321e-02	4.60379091e-04	-9.81254112e-04	2.22414120e-03	2.11379526e-17	2.22414120e-03	-2.22414120e-03
0.253           	4.46278687e-01	2.22144926e-01	2.24133761e-01	1.98883496e-01	9.99025291e-02	9.89809668e-02	4.60781116e-04	-9.94417480e-04	2.23139344e-03	2.10684692e-17	2.23139344e-03	-2.23139344e-03
0.254           	4.47787644e-01	2.22885203e-01	2.24902441e-01	2.01723875e-01	1.01323157e-01	1.00400718e-01	4.61219359e-04	-1.00861937e-03	2.23893822e-03	2.10691022e-17	2.23893822e-03	-2.23893822e-03
0.255           	4.49221676e-01	2.23588809e-01	2.25632868e-01	2.04405895e-01	1.02664631e-01	1.01741263e-01	4.61684037e-04	-1.02202947e-03	2.24610838e-03	2.10871959e-17	2.24610838e-03	-2.24610838e-03
0.256           	4.50656566e-01	2.24292729e-01	2.26363838e-01	2.07110897e-01	1.04017626e-01	1.03093271e-01	4.62177677e-04	-1.03555448e-03	2.25328283e-03	2.11283326e-17	2.25328283e-03	-2.25328283e-03
0.257           	4.52091690e-01	2.24996745e-01	2.27094944e-01	2.09819912e-01	1.05372633e-01	1.04447279e-01	4.62676757e-04	-1.04909956e-03	2.26045845e-03	2.11181110e-17	2.26045845e-03	-2.26045845e-03
0.258           	4.53444243e-01	2.25659937e-01	2.27784306e-01	2.12436967e-01	1.06681687e-01	1.05755279e-01	4.63203858e-04	-1.06218483e-03	2.26722121e-03	2.10623572e-17	2.26722121e-03	-2.26722121e-03
0.259           	4.54752194e-01	2.26301602e-01	2.28450592e-01	2.14898979e-01	1.07913236e-01	1.06985743e-01	4.63746267e-04	-1.07449490e-03	2.27376097e-03	2.11335793e-17	2.27376097e-03	-2.27376097e-03
0.26            	4.56227133e-01	2.27025543e-01	2.29201590e-01	2.17604677e-01	1.09266653e-01	1.08338025e-01	4.64314009e-04	-1.08802339e-03	2.28113566e-03	2.10743773e-17	2.28113566e-03	-2.28113566e-03
0.261           	4.57783111e-01	2.27790750e-01	2.29992361e-01	2.20161133e-01	1.10545472e-01	1.09615661e-01	4.64905674e-04	-1.10080566e-03	2.28891555e-03	2.10609460e-17	2.28891555e-03	-2.28891555e-03
0.262           	4.59166022e-01	2.28469448e-01	2.30696574e-01	2.22712573e-01	1.11821815e-01	1.10890757e-01	4.65528828e-04	-1.11356286e-03	2.29583011e-03	2.10835882e-17	2.29583011e-03	-2.29583011e-03
0.263           	4.60627047e-01	2.29187049e-01	2.31439997e-01	2.25294789e-01	1.13113587e-01	1.12181202e-01	4.66192742e-04	-1.12647395e-03	2.30313523e-03	2.11863162e-17	2.30313523e-03	-2.30313523e-03
0.264           	4.62179491e-01	2.29948761e-01	2.32230730e-01	2.28196919e-01	1.14565359e-01	1.13631560e-01	4.66899481e-04	-1.14098460e-03	2.31089746e-03	2.12048651e-17	2.31089746e-03	-2.31089746e-03
0.265           	4.63663614e-01	2.30677322e-01	2.32986292e-01	2.30897072e-01	1.15916197e-01	1.14980875e-01	4.67661060e-04	-1.15448536e-03	2.31831807e-03	2.12108854e-17	2.31831807e-03	-2.31831807e-03
0.266           	4.65006442e-01	2.31335721e-01	2.33670720e-01	2.33499878e-01	1.17218421e-01	1.16281456e-01	4.68482593e-04	-1.16749939e-03	2.32503221e-03	2.11866372e-17	2.32503221e-03	-2.32503221e-03
0.267           	4.66396651e-01	2.32017887e-01	2.34378765e-01	2.36087811e-01	1.18513262e-01	1.17574550e-01	4.69356151e-04	-1.18043906e-03	2.33198326e-03	2.11701653e-17	2.33198326e-03	-2.33198326e-03
0.268           	4.67951516e-01	2.32781767e-01	2.35169749e-01	2.38798169e-01	1.19869366e-01	1.18928803e-01	4.70281138e-04	-1.19399085e-03	2.33975758e-03	2.11931515e-17	2.33975758e-03	-2.33975758e-03
0.269           	4.69363053e-01	2.33473927e-01	2.35889126e-01	2.41519860e-01	1.21231195e-01	1.20288664e-01	4.71265646e-04	-1.20759930e-03	2.34681526e-03	2.12044965e-17	2.34681526e-03	-2.34681526e-03
0.27            	4.70765832e-01	2.34162739e-01	2.36603094e-01	2.44035465e-01	1.22490043e-01	1.21545422e-01	4.72310657e-04	-1.22017732e-03	2.35382916e-03	2.12034036e-17	2.35382916e-03	-2.35382916e-03
0.271           	4.72207560e-01	2.34870746e-01	2.37336814e-01	2.46606744e-01	1.23776779e-01	1.22829965e-01	4.73406627e-04	-1.23303372e-03	2.36103780e-03	2.12203635e-17	2.36103780e-03	-2.36103780e-03
0.272           	4.73551083e-01	2.35530022e-01	2.38021061e-01	2.49103928e-01	1.25026527e-01	1.24077401e-01	4.74562791e-04	-1.24551964e-03	2.36775541e-03	2.12151212e-17	2.36775541e-03	-2.36775541e-03
0.273           	4.74941858e-01	2.36212355e-01	2.38729503e-01	2.51714730e-01	1.26333143e-01	1.25381587e-01	4.75778310e-04	-1.25857365e-03	2.37470929e-03	2.12419391e-17	2.37470929e-03	-2.37470929e-03
0.274           	4.76500148e-01	2.36977865e-01	2.39522282e-01	2.54441684e-01	1.27697899e-01	1.26743785e-01	4.77057016e-04	-1.27220842e-03	2.38250074e-03	2.12368607e-17	2.38250074e-03	-2.38250074e-03
0.275           	4.77862971e-01	2.37646660e-01	2.40216311e-01	2.56965075e-01	1.28960936e-01	1.28004139e-01	4.78398820e-04	-1.28482538e-03	2.38931486e-03	2.12350878e-17	2.38931486e-03	-2.38931486e-03
0.276           	4.79384655e-01	2.38394846e-01	2.40989809e-01	2.59496241e-01	1.30227922e-01	1.29268318e-01	4.79801808e-04	-1.29748120e-03	2.39692328e-03	2.12335223e-17	2.39692328e-03	-2.39692328e-03
0.277           	4.80891882e-01	2.39135572e-01	2.41756310e-01	2.62073739e-01	1.31518142e-01	1.30555597e-01	4.81272597e-04	-1.31036870e-03	2.40445941e-03	2.12633803e-17	2.40445941e-03	-2.40445941e-03
0.278           	4.82080868e-01	2.39717346e-01	2.42363523e-01	2.64617722e-01	1.32791681e-01	1.31826041e-01	4.82819902e-04	-1.32308861e-03	2.41040434e-03	2.12685894e-17	2.41040434e-03	-2.41040434e-03
0.279           	4.83410454e-01	2.40368621e-01	2.43041833e-01	2.67321173e-01	1.34145017e-01	1.33176157e-01	4.84430094e-04	-1.33660587e-03	2.41705227e-03	2.12879955e-17	2.41705227e-03	-2.41705227e-03
0.28            	4.84619389e-01	2.40959195e-01	2.43660194e-01	2.70099913e-01	1.35536062e-01	1.34563851e-01	4.86105358e-04	-1.35049956e-03	2.42309694e-03	2.12128858e-17	2.42309694e-03	-2.42309694e-03
0.281           	4.85796466e-01	2.41534335e-01	2.44262132e-01	2.72779732e-01	1.36877715e-01	1.35902017e-01	4.87849006e-04	-1.36389866e-03	2.42898233e-03	2.12271425e-17	2.42898233e-03	-2.42898233e-03
0.282           	4.87189874e-01	2.42216375e-01	2.44973499e-01	2.75712347e-01	1.38345826e-01	1.37366521e-01	4.89652250e-04	-1.37856173e-03	2.43594937e-03	2.12049152e-17	2.43594937e-03	-2.43594937e-03
0.283           	4.88467127e-01	2.42841747e-01	2.45625380e-01	2.78363255e-01	1.39673151e-01	1.38690104e-01	4.91523835e-04	-1.39181627e-03	2.44233563e-03	2.12161485e-17	2.44233563e-03	-2.44233563e-03
0.284           	4.89579979e-01	2.43383884e-01	2.46196095e-01	2.81221175e-01	1.41104058e-01	1.40117117e-01	4.93470359e-04	-1.40610587e-03	2.44789989e-03	2.11614722e-17	2.44789989e-03	-2.44789989e-03
0.285           	4.90717673e-01	2.43939456e-01	2.46778217e-01	2.83876076e-01	1.42433533e-01	1.41442544e-01	4.95494602e-04	-1.41938038e-03	2.45358836e-03	2.11613104e-17	2.45358836e-03	-2.45358836e-03
0.286           	4.91937195e-01	2.44535470e-01	2.47401724e-01	2.86625389e-01	1.43810289e-01	1.42815099e-01	4.97594994e-04	-1.43312694e-03	2.45968597e-03	2.11858296e-17	2.45968597e-03	-2.45968597e-03
0.287           	4.93005557e-01	2.45056325e-01	2.47949232e-01	2.89290730e-01	1.45145136e-01	1.44145593e-01	4.99771443e-04	-1.44645365e-03	2.46502778e-03	2.11780047e-17	2.46502778e-03	-2.46502778e-03
0.288           	4.94318990e-01	2.45699612e-01	2.48619378e-01	2.91976601e-01	1.46490325e-01	1.45486277e-01	5.02023941e-04	-1.45988301e-03	2.47159495e-03	2.11784765e-17	2.47159495e-03	-2.47159495e-03
0.289           	4.95571443e-01	2.46311924e-01	2.49259518e-01	2.94759399e-01	1.47884049e-01	1.46875351e-01	5.04348798e-04	-1.47379700e-03	2.47785721e-03	2.11769034e-17	2.47785721e-03	-2.47785721e-03
0.29            	4.96687022e-01	2.46854469e-01	2.49832553e-01	2.97808408e-01	1.49410953e-01	1.48397455e-01	5.06749192e-04	-1.48904204e-03	2.48343511e-03	2.11652490e-17	2.48343511e-03	-2.48343511e-03
0.291           	4.97778570e-01	2.47385900e-01	2.50392671e-01	3.00677096e-01	1.50847784e-01	1.49829313e-01	5.09235614e-04	-1.50338548e-03	2.48889285e-03	2.11642396e-17	2.48889285e-03	-2.48889285e-03
0.292           	4.98856911e-01	2.47911058e-01	2.50945852e-01	3.03479403e-01	1.52251516e-01	1.51227887e-01	5.11814695e-04	-1.51739702e-03	2.49428455e-03	2.11676073e-17	2.49428455e-03	-2.49428455e-03
0.293           	4.99924141e-01	2.48430867e-01	2.51493274e-01	3.06240692e-01	1.53634831e-01	1.52605860e-01	5.14485678e-04	-1.53120346e-03	2.49962071e-03	2.11652427e-17	2.49962071e-03	-2.49962071e-03
0.294           	5.01265178e-01	2.49086286e-01	2.52178892e-01	3.09260521e-01	1.55147506e-01	1.54113014e-01	5.17246127e-04	-1.54630260e-03	2.50632589e-03	2.12033945e-17	2.50632589e-03	-2.50632589e-03
0.295           	5.02277038e-01	2.49579025e-01	2.52698013e-01	3.11898738e-01	1.56469461e-01	1.55429276e-01	5.20092601e-04	-1.55949369e-03	2.51138519e-03	2.12007392e-17	2.51138519e-03	-2.51138519e-03
0.296           	5.03207281e-01	2.50030665e-01	2.53176615e-01	3.14594990e-01	1.57820519e-01	1.56774471e-01	5.23024081e-04	-1.57297495e-03	2.51603640e-03	2.11969373e-17	2.51603640e-03	-2.51603640e-03
0.297           	5.04385689e-01	2.50604311e-01	2.53781378e-01	3.17706672e-01	1.59379373e-01	1.58327300e-01	5.26036686e-04	-1.58853336e-03	2.52192844e-03	2.11942467e-17	2.52192844e-03	-2.52192844e-03
0.298           	5.05431489e-01	2.51111915e-01	2.54319574e-01	3.20765900e-01	1.60912080e-01	1.59853821e-01	5.29129340e-04	-1.60382950e-03	2.52715744e-03	2.11943641e-17	2.52715744e-03	-2.52715744e-03
0.299           	5.06598712e-01	2.51680660e-01	2.54918052e-01	3.23739214e-01	1.62401912e-01	1.61337301e-01	5.32305371e-04	-1.61869607e-03	2.53299356e-03	2.11894134e-17	2.53299356e-03	-2.53299356e-03
0.3             	5.07842123e-01	2.52288365e-01	2.55553758e-01	3.26539360e-01	1.63805249e-01	1.62734110e-01	5.35569666e-04	-1.63269680e-03	2.53921062e-03	2.11874099e-17	2.53921062e-03	-2.53921062e-03
0.301           	5.08887201e-01	2.52797798e-01	2.56089403e-01	3.29160455e-01	1.65119147e-01	1.64041308e-01	5.38919460e-04	-1.64580227e-03	2.54443600e-03	2.11858401e-17	2.54443600e-03	-2.54443600e-03
0.302           	5.10009125e-01	2.53343826e-01	2.56665298e-01	3.32147210e-01	1.66615964e-01	1.65531246e-01	5.42358789e-04	-1.66073605e-03	2.55004562e-03	2.11973087e-17	2.55004562e-03	-2.55004562e-03
0.303           	5.11259890e-01	2.53953483e-01	2.57306407e-01	3.35292471e-01	1.68192120e-01	1.67100351e-01	5.45884270e-04	-1.67646236e-03	2.55629945e-03	2.11950018e-17	2.55629945e-03	-2.55629945e-03
0.304           	5.12409389e-01	2.54514318e-01	2.57895071e-01	3.38075293e-01	1.69587132e-01	1.68488161e-01	5.49485320e-04	-1.69037646e-03	2.56204695e-03	2.12172265e-17	2.56204695e-03	-2.56204695e-03
0.305           	5.13551466e-01	2.55069692e-01	2.58481774e-01	3.41208168e-01	1.71157252e-01	1.70050917e-01	5.53167522e-04	-1.70604084e-03	2.56775733e-03	2.12151695e-17	2.56775733e-03	-2.56775733e-03
0.306           	5.14867634e-01	2.55711899e-01	2.59155735e-01	3.44383541e-01	1.72748697e-01	1.71634844e-01	5.56926372e-04	-1.72191771e-03	2.57433817e-03	2.12118789e-17	2.57433817e-03	-2.57433817e-03
0.307           	5.15999315e-01	2.56263027e-01	2.59736288e-01	3.47326153e-01	1.74223839e-01	1.73102314e-01	5.60762506e-04	-1.73663076e-03	2.57999658e-03	2.12067251e-17	2.57999658e-03	-2.57999658e-03
0.308           	5.17107902e-01	2.56802390e-01	2.60305512e-01	3.50312249e-01	1.75720796e-01	1.74591452e-01	5.64672110e-04	-1.75156124e-03	2.58553951e-03	2.12085759e-17	2.58553951e-03	-2.58553951e-03
0.309           	5.18356001e-01	2.57411274e-01	2.60944727e-01	3.53345340e-01	1.77241326e-01	1.76104014e-01	5.68656108e-04	-1.76672670e-03	2.59178000e-03	2.12066410e-17	2.59178000e-03	-2.59178000e-03
0.31            	5.19613488e-01	2.58024902e-01	2.61588586e-01	3.56368344e-01	1.78756884e-01	1.77611460e-01	5.72712242e-04	-1.78184172e-03	2.59806744e-03	2.12037839e-17	2.59806744e-03	-2.59806744e-03
0.311           	5.20971425e-01	2.58687414e-01	2.62284011e-01	3.59659696e-01	1.80406691e-01	1.79253006e-01	5.76842357e-04	-1.79829848e-03	2.60485712e-03	2.12016932e-17	2.60485712e-03	-2.60485712e-03
0.312           	5.22232851e-01	2.59302942e-01	2.62929909e-01	3.62696717e-01	1.81929401e-01	1.80767316e-01	5.81042305e-04	-1.81348359e-03	2.61116425e-03	2.11932911e-17	2.61116425e-03	-2.61116425e-03
0.313           	5.23536084e-01	2.59939769e-01	2.63596315e-01	3.65654525e-01	1.83412569e-01	1.82241956e-01	5.85306451e-04	-1.82827263e-03	2.61768042e-03	2.11764677e-17	2.61768042e-03	-2.61768042e-03
0.314           	5.24905260e-01	2.60609406e-01	2.64295854e-01	3.68644822e-01	1.84912040e-01	1.83732782e-01	5.89628884e-04	-1.84322411e-03	2.62452630e-03	2.11671855e-17	2.62452630e-03	-2.62452630e-03
0.315           	5.26296142e-01	2.61290192e-01	2.65005950e-01	3.71575848e-01	1.86381929e-01	1.85193919e-01	5.94004565e-04	-1.85787924e-03	2.63148071e-03	2.11653613e-17	2.63148071e-03	-2.63148071e-03
0.316           	5.27701608e-01	2.61977261e-01	2.65724347e-01	3.74708550e-01	1.87952700e-01	1.86755850e-01	5.98424591e-04	-1.87354275e-03	2.63850804e-03	2.11650037e-17	2.63850804e-03	-2.63850804e-03
0.317           	5.29011243e-01	2.62616005e-01	2.66395238e-01	3.77923284e-01	1.89564530e-01	1.88358754e-01	6.02887789e-04	-1.88961642e-03	2.64505622e-03	2.11631781e-17	2.64505622e-03	-2.64505622e-03
0.318           	5.30603287e-01	2.63396265e-01	2.67207022e-01	3.81075731e-01	1.91145254e-01	1.89930477e-01	6.07388586e-04	-1.90537865e-03	2.65301644e-03	2.11613374e-17	2.65301644e-03	-2.65301644e-03
0.319           	5.32025956e-01	2.64092117e-01	2.67933839e-01	3.84172138e-01	1.92697997e-01	1.91474142e-01	6.11927410e-04	-1.92086069e-03	2.66012978e-03	2.11603295e-17	2.66012978e-03	-2.66012978e-03
0.32            	5.33510263e-01	2.64819125e-01	2.68691138e-01	3.87201306e-01	1.94217157e-01	1.92984150e-01	6.16503603e-04	-1.93600653e-03	2.66755132e-03	2.11593534e-17	2.66755132e-03	-2.66755132e-03
0.321           	5.34930165e-01	2.65513876e-01	2.69416289e-01	3.90241295e-01	1.95741752e-01	1.94499543e-01	6.21104599e-04	-1.95120648e-03	2.67465082e-03	2.11808273e-17	2.67465082e-03	-2.67465082e-03
0.322           	5.36516915e-01	2.66291356e-01	2.70225559e-01	3.93420352e-01	1.97335924e-01	1.96084429e-01	6.25747459e-04	-1.96710176e-03	2.68258457e-03	2.11845292e-17	2.68258457e-03	-2.68258457e-03
0.323           	5.38020691e-01	2.67028076e-01	2.70992615e-01	3.96453909e-01	1.98857378e-01	1.97596531e-01	6.30423142e-04	-1.98226955e-03	2.69010345e-03	2.11827005e-17	2.69010345e-03	-2.69010345e-03
0.324           	5.39643576e-01	2.67823175e-01	2.71820401e-01	3.99722666e-01	2.00496462e-01	1.99226204e-01	6.35129015e-04	-1.99861333e-03	2.69821788e-03	2.11804278e-17	2.69821788e-03	-2.69821788e-03
0.325           	5.41282175e-01	2.68626356e-01	2.72655819e-01	4.02946315e-01	2.02113016e-01	2.00833299e-01	6.39858647e-04	-2.01473158e-03	2.70641087e-03	2.11798200e-17	2.70641087e-03	-2.70641087e-03
0.326           	5.42842301e-01	2.69390332e-01	2.73451969e-01	4.06163692e-01	2.03726454e-01	2.02437238e-01	6.44608029e-04	-2.03081846e-03	2.71421150e-03	2.11779946e-17	2.71421150e-03	-2.71421150e-03
0.327           	5.44396434e-01	2.70151902e-01	2.74244532e-01	4.09262942e-01	2.05280845e-01	2.03982097e-01	6.49373685e-04	-2.04631471e-03	2.72198217e-03	2.11728124e-17	2.72198217e-03	-2.72198217e-03
0.328           	5.45899961e-01	2.70887272e-01	2.75012689e-01	4.12541723e-01	2.06925015e-01	2.05616708e-01	6.54153313e-04	-2.06270862e-03	2.72949981e-03	2.11832761e-17	2.72949981e-03	-2.72949981e-03
0.329           	5.47474509e-01	2.71657640e-01	2.75816869e-01	4.15922870e-01	2.08620377e-01	2.07302493e-01	6.58941990e-04	-2.07961435e-03	2.73737255e-03	2.11810227e-17	2.73737255e-03	-2.73737255e-03
0.33            	5.49081206e-01	2.72444464e-01	2.76636742e-01	4.19227838e-01	2.10277653e-01	2.08950185e-01	6.63733804e-04	-2.09613919e-03	2.74540603e-03	2.11796352e-17	2.74540603e-03	-2.74540603e-03
0.331           	5.50596331e-01	2.73185756e-01	2.77410575e-01	4.22481964e-01	2.11909504e-01	2.10572460e-01	6.68522003e-04	-2.11240982e-03	2.75298165e-03	2.11791326e-17	2.75298165e-03	-2.75298165e-03
0.332           	5.52204527e-01	2.73972933e-01	2.78231595e-01	4.25866241e-01	2.13606425e-01	2.12259816e-01	6.73304729e-04	-2.12933120e-03	2.76102264e-03	2.11735890e-17	2.76102264e-03	-2.76102264e-03
0.333           	5.53771454e-01	2.74739586e-01	2.79031869e-01	4.29228298e-01	2.15292211e-01	2.13936087e-01	6.78061977e-04	-2.14614149e-03	2.76885727e-03	2.11364119e-17	2.76885727e-03	-2.76885727e-03
0.334           	5.55297809e-01	2.75486010e-01	2.79811799e-01	4.32578894e-01	2.16972248e-01	2.15606646e-01	6.82800735e-04	-2.16289447e-03	2.77648904e-03	2.11169684e-17	2.77648904e-03	-2.77648904e-03
0.335           	5.56818943e-01	2.76229431e-01	2.80589513e-01	4.36008208e-01	2.18691619e-01	2.17316589e-01	6.87514821e-04	-2.18004104e-03	2.78409472e-03	2.10947273e-17	2.78409472e-03	-2.78409472e-03
0.336           	5.58448801e-01	2.77027269e-01	2.81421532e-01	4.39426250e-01	2.20405326e-01	2.19020924e-01	6.92201116e-04	-2.19713125e-03	2.79224401e-03	2.10843839e-17	2.79224401e-03	-2.79224401e-03
0.337           	5.60291396e-01	2.77929890e-01	2.82361506e-01	4.43161568e-01	2.22277636e-01	2.20883932e-01	6.96852258e-04	-2.21580784e-03	2.80145698e-03	2.10551732e-17	2.80145698e-03	-2.80145698e-03
0.338           	5.61886265e-01	2.78710190e-01	2.83176076e-01	4.46588602e-01	2.23995765e-01	2.22592837e-01	7.01463850e-04	-2.23294301e-03	2.80943133e-03	2.10302397e-17	2.80943133e-03	-2.80943133e-03
0.339           	5.63601082e-01	2.79549950e-01	2.84051132e-01	4.50118221e-01	2.25765152e-01	2.24353069e-01	7.06041397e-04	-2.25059111e-03	2.81800541e-03	2.10014647e-17	2.81800541e-03	-2.81800541e-03
0.34            	5.65330580e-01	2.80397262e-01	2.84933318e-01	4.53605632e-01	2.27513396e-01	2.26092237e-01	7.10579366e-04	-2.26802816e-03	2.82665290e-03	2.10344645e-17	2.82665290e-03	-2.82665290e-03
0.341           	5.67121604e-01	2.81275434e-01	2.85846170e-01	4.57073571e-01	2.29251862e-01	2.27821709e-01	7.15076403e-04	-2.28536786e-03	2.83560802e-03	2.10340309e-17	2.83560802e-03	-2.83560802e-03
0.342           	5.68853922e-01	2.82124401e-01	2.86729521e-01	4.60511967e-01	2.30975514e-01	2.29536453e-01	7.19530807e-04	-2.30255984e-03	2.84426961e-03	2.10467976e-17	2.84426961e-03	-2.84426961e-03
0.343           	5.70672264e-01	2.83015819e-01	2.87656446e-01	4.64062717e-01	2.32755292e-01	2.31307425e-01	7.23933395e-04	-2.32031358e-03	2.85336132e-03	2.09986812e-17	2.85336132e-03	-2.85336132e-03
0.344           	5.72371714e-01	2.83847866e-01	2.88523848e-01	4.67598290e-01	2.34527441e-01	2.33070849e-01	7.28296361e-04	-2.33799145e-03	2.86185857e-03	2.09957311e-17	2.86185857e-03	-2.86185857e-03
0.345           	5.74232241e-01	2.84760359e-01	2.89471882e-01	4.71152232e-01	2.36308733e-01	2.34843500e-01	7.32616609e-04	-2.35576116e-03	2.87116120e-03	2.09868250e-17	2.87116120e-03	-2.87116120e-03
0.346           	5.76108245e-01	2.85680420e-01	2.90427824e-01	4.74740399e-01	2.38107091e-01	2.36633307e-01	7.36891958e-04	-2.37370199e-03	2.88054122e-03	2.09799710e-17	2.88054122e-03	-2.88054122e-03
0.347           	5.77992433e-01	2.86604808e-01	2.91387625e-01	4.78281739e-01	2.39881993e-01	2.38399746e-01	7.41123648e-04	-2.39140869e-03	2.88996216e-03	2.09702251e-17	2.88996216e-03	-2.88996216e-03
0.348           	5.79811486e-01	2.87496519e-01	2.92314967e-01	4.81844802e-01	2.41667714e-01	2.40177088e-01	7.45312744e-04	-2.40922401e-03	2.89905743e-03	2.09679023e-17	2.89905743e-03	-2.89905743e-03
0.349           	5.81681005e-01	2.88413655e-01	2.93267350e-01	4.85369462e-01	2.43434184e-01	2.41935277e-01	7.49453425e-04	-2.42684731e-03	2.90840502e-03	2.09663670e-17	2.90840502e-03	-2.90840502e-03
0.35            	5.83629006e-01	2.89369476e-01	2.94259530e-01	4.89005407e-01	2.45256248e-01	2.43749159e-01	7.53544381e-04	-2.44502703e-03	2.91814503e-03	2.09550818e-17	2.91814503e-03	-2.91814503e-03
0.351           	5.85527983e-01	2.90300506e-01	2.95227477e-01	4.92697037e-01	2.47106099e-01	2.45590938e-01	7.57580688e-04	-2.46348518e-03	2.92763992e-03	2.09515021e-17	2.92763992e-03	-2.92763992e-03
0.352           	5.87363975e-01	2.91200809e-01	2.96163166e-01	4.96235686e-01	2.48879406e-01	2.47356280e-01	7.61562629e-04	-2.48117843e-03	2.93681987e-03	2.09442018e-17	2.93681987e-03	-2.93681987e-03
0.353           	5.89332379e-01	2.92166365e-01	2.97166013e-01	4.99964838e-01	2.50747911e-01	2.49216927e-01	7.65491891e-04	-2.49982419e-03	2.94666189e-03	2.09398063e-17	2.94666189e-03	-2.94666189e-03
0.354           	5.91161948e-01	2.93063792e-01	2.98098156e-01	5.03436403e-01	2.52487568e-01	2.50948835e-01	7.69366538e-04	-2.51718202e-03	2.95580974e-03	2.09368076e-17	2.95580974e-03	-2.95580974e-03
0.355           	5.93109994e-01	2.94019769e-01	2.99090224e-01	5.07045487e-01	2.54295918e-01	2.52749569e-01	7.73174689e-04	-2.53522744e-03	2.96554997e-03	2.09135717e-17	2.96554997e-03	-2.96554997e-03
0.356           	5.95110827e-01	2.95001878e-01	3.00108949e-01	5.10707081e-01	2.56130470e-01	2.54576610e-01	7.76930014e-04	-2.55353540e-03	2.97555413e-03	2.09031829e-17	2.97555413e-03	-2.97555413e-03
0.357           	5.97111165e-01	2.95983788e-01	3.01127377e-01	5.14358877e-01	2.57960070e-01	2.56398807e-01	7.80631733e-04	-2.57179438e-03	2.98555583e-03	2.09004833e-17	2.98555583e-03	-2.98555583e-03
0.358           	5.98991093e-01	2.96906009e-01	3.02085084e-01	5.17907504e-01	2.59738030e-01	2.58169473e-01	7.84278550e-04	-2.58953752e-03	2.99495546e-03	2.08977510e-17	2.99495546e-03	-2.99495546e-03
0.359           	6.01046885e-01	2.97915743e-01	3.03131143e-01	5.21540010e-01	2.61557872e-01	2.59982138e-01	7.87866917e-04	-2.60770005e-03	3.00523443e-03	2.09079176e-17	3.00523443e-03	-3.00523443e-03
