-0.5 	0.99994379
-0.48412699 	1.0103532
-0.46825397 	1.0085689
-0.45238095 	1.0195161
-0.43650794 	1.0101333
-0.42063492 	0.98655603
-0.40476191 	0.99865024
-0.3888889 	1.025222
-0.37301588 	1.0184433
-0.35714287 	0.9786077
-0.34126985 	0.95514764
-0.32539684 	0.97813732
-0.30952379 	1.031823
-0.29365078 	1.0689227
-0.27777776 	1.0546534
-0.26190475 	0.99271393
-0.24603173 	0.91949773
-0.23015872 	0.8876313
-0.2142857 	0.89811043
-0.19841269 	0.94564789
-0.18253967 	1.0216906
-0.16666666 	1.1144458
-0.15079364 	1.172955
-0.13492063 	1.1921625
-0.11904758 	1.1754974
-0.10317457 	1.1253754
-0.087301552 	1.0655976
-0.071428537 	1.0072086
-0.055555522 	0.95358783
-0.039682507 	0.91756315
-0.023809493 	0.8911146
-0.0079364777 	0.87268177
0.0079365373 	0.8631525
0.023809552 	0.85866503
0.039682567 	0.85766327
0.055555582 	0.860454
0.071428597 	0.87431343
0.087301612 	0.89655266
0.10317463 	0.92849973
0.11904764 	0.97666399
0.13492066 	1.0468048
0.15079367 	1.1384019
0.16666669 	1.2409283
0.1825397 	1.2425082
0.19841272 	1.1098541
0.21428573 	0.95002611
0.23015875 	0.83207467
0.24603176 	0.82707212
0.26190484 	0.90967959
0.27777785 	1.0033804
0.29365087 	1.0632129
0.30952388 	1.0626306
0.3253969 	1.0152999
0.34126991 	0.97381594
0.35714292 	0.97090033
0.37301594 	0.99155863
0.38888895 	1.0014798
0.40476197 	0.99436921
0.42063499 	0.99956974
0.436508 	1.016103
0.45238101 	1.009194
0.46825403 	0.98909702
0.48412704 	0.98715757
0.5 	0.98659728
