# Force and moment coefficients
# dragDir       : (1.00000000e+00 0.00000000e+00 0.00000000e+00)
# sideDir       : (0.00000000e+00 0.00000000e+00 -1.00000000e+00)
# liftDir       : (0.00000000e+00 1.00000000e+00 0.00000000e+00)
# rollAxis      : (1.00000000e+00 0.00000000e+00 0.00000000e+00)
# pitchAxis     : (0.00000000e+00 0.00000000e+00 -1.00000000e+00)
# yawAxis       : (0.00000000e+00 1.00000000e+00 0.00000000e+00)
# magUInf       : 1.77482393e-01
# lRef          : 1.00000000e+00
# Aref          : 1.00000000e-02
# CofR          : (0.00000000e+00 0.00000000e+00 0.00000000e+00)
#
# Time          	Cd              	Cd(f)           	Cd(r)           	Cl              	Cl(f)           	Cl(r)           	CmPitch         	CmRoll          	CmYaw           	Cs              	Cs(f)           	Cs(r)           
0.403           	1.00695419e+00	4.94351683e-01	5.12602506e-01	1.82508236e+00	9.13949692e-01	9.11132669e-01	1.40851169e-03	-9.12541181e-03	5.03477095e-03	3.17262945e-17	5.03477095e-03	-5.03477095e-03
0.408           	1.00516511e+00	4.93444117e-01	5.11720995e-01	1.82768782e+00	9.15252226e-01	9.12435592e-01	1.40831717e-03	-9.13843909e-03	5.02582556e-03	3.17265467e-17	5.02582556e-03	-5.02582556e-03
0.413           	1.00367619e+00	4.92688916e-01	5.10987271e-01	1.82983553e+00	9.16325963e-01	9.13509567e-01	1.40819809e-03	-9.14917765e-03	5.01838094e-03	3.17284069e-17	5.01838094e-03	-5.01838094e-03
0.418           	1.00157174e+00	4.91624754e-01	5.09946982e-01	1.83222278e+00	9.17519566e-01	9.14703219e-01	1.40817389e-03	-9.16111392e-03	5.00785868e-03	3.17481598e-17	5.00785868e-03	-5.00785868e-03
0.423           	9.99995241e-01	4.90825796e-01	5.09169445e-01	1.83436493e+00	9.18590715e-01	9.15774216e-01	1.40824964e-03	-9.17182465e-03	4.99997621e-03	3.17596712e-17	4.99997621e-03	-4.99997621e-03
0.428           	9.98072703e-01	4.89852854e-01	5.08219848e-01	1.83669944e+00	9.19758160e-01	9.16941281e-01	1.40843986e-03	-9.18349721e-03	4.99036351e-03	3.17562962e-17	4.99036351e-03	-4.99036351e-03
0.433           	9.96541716e-01	4.89076807e-01	5.07464909e-01	1.83881026e+00	9.20813868e-01	9.17996391e-01	1.40873870e-03	-9.19405130e-03	4.98270858e-03	3.17572364e-17	4.98270858e-03	-4.98270858e-03
0.438           	9.94413432e-01	4.88002395e-01	5.06411037e-01	1.84086421e+00	9.21841261e-01	9.19022945e-01	1.40915782e-03	-9.20432103e-03	4.97206716e-03	3.17640825e-17	4.97206716e-03	-4.97206716e-03
0.443           	9.92834391e-01	4.87204055e-01	5.05630336e-01	1.84262816e+00	9.22723780e-01	9.19904381e-01	1.40969967e-03	-9.21314081e-03	4.96417196e-03	3.17693815e-17	4.96417196e-03	-4.96417196e-03
0.448           	9.91089988e-01	4.86322242e-01	5.04767747e-01	1.84455053e+00	9.23685638e-01	9.20864890e-01	1.41037429e-03	-9.22275264e-03	4.95544994e-03	3.17727618e-17	4.95544994e-03	-4.95544994e-03
0.453           	9.89378658e-01	4.85457340e-01	5.03921318e-01	1.84639783e+00	9.24610095e-01	9.21787734e-01	1.41118021e-03	-9.23198915e-03	4.94689329e-03	3.17837941e-17	4.94689329e-03	-4.94689329e-03
0.458           	9.87489813e-01	4.84504035e-01	5.02985778e-01	1.84817424e+00	9.25499242e-01	9.22674998e-01	1.41212235e-03	-9.24087120e-03	4.93744907e-03	3.17687464e-17	4.93744907e-03	-4.93744907e-03
0.463           	9.85752481e-01	4.83627009e-01	5.02125472e-01	1.84984636e+00	9.26336387e-01	9.23509975e-01	1.41320605e-03	-9.24923181e-03	4.92876241e-03	3.17825294e-17	4.92876241e-03	-4.92876241e-03
0.468           	9.84068795e-01	4.82777540e-01	5.01291254e-01	1.85137142e+00	9.27100141e-01	9.24271279e-01	1.41443113e-03	-9.25685710e-03	4.92034397e-03	3.17840018e-17	4.92034397e-03	-4.92034397e-03
0.473           	9.82718907e-01	4.82095633e-01	5.00623274e-01	1.85276407e+00	9.27797828e-01	9.24966238e-01	1.41579503e-03	-9.26382033e-03	4.91359453e-03	3.17867594e-17	4.91359453e-03	-4.91359453e-03
0.478           	9.81045449e-01	4.81253022e-01	4.99792428e-01	1.85394059e+00	9.28387596e-01	9.25552991e-01	1.41730274e-03	-9.26970294e-03	4.90522725e-03	3.17903182e-17	4.90522725e-03	-4.90522725e-03
0.483           	9.79457542e-01	4.80452776e-01	4.99004766e-01	1.85519900e+00	9.29018460e-01	9.26180539e-01	1.41896047e-03	-9.27599500e-03	4.89728771e-03	3.17798664e-17	4.89728771e-03	-4.89728771e-03
0.488           	9.77877003e-01	4.79656116e-01	4.98220887e-01	1.85647710e+00	9.29659322e-01	9.26817774e-01	1.42077370e-03	-9.28238548e-03	4.88938502e-03	3.17922830e-17	4.88938502e-03	-4.88938502e-03
0.493           	9.76301357e-01	4.78861963e-01	4.97439394e-01	1.85774319e+00	9.30294342e-01	9.27448843e-01	1.42274981e-03	-9.28871593e-03	4.88150678e-03	3.17979995e-17	4.88150678e-03	-4.88150678e-03
0.498           	9.74840603e-01	4.78125858e-01	4.96714745e-01	1.85888874e+00	9.30869258e-01	9.28019480e-01	1.42488915e-03	-9.29444369e-03	4.87420302e-03	3.18005051e-17	4.87420302e-03	-4.87420302e-03
0.503           	9.73282161e-01	4.77341253e-01	4.95940908e-01	1.85996560e+00	9.31409993e-01	9.28555602e-01	1.42719577e-03	-9.29982798e-03	4.86641081e-03	3.18108278e-17	4.86641081e-03	-4.86641081e-03
0.508           	9.71842796e-01	4.76616075e-01	4.95226721e-01	1.86106461e+00	9.31961987e-01	9.29102628e-01	1.42967961e-03	-9.30532307e-03	4.85921398e-03	3.18265175e-17	4.85921398e-03	-4.85921398e-03
0.513           	9.70306070e-01	4.75841906e-01	4.94464164e-01	1.86222582e+00	9.32545248e-01	9.29680570e-01	1.43233868e-03	-9.31112909e-03	4.85153035e-03	3.18429827e-17	4.85153035e-03	-4.85153035e-03
0.518           	9.68684180e-01	4.75024809e-01	4.93659371e-01	1.86345613e+00	9.33163250e-01	9.30292883e-01	1.43518348e-03	-9.31728066e-03	4.84342090e-03	3.18517585e-17	4.84342090e-03	-4.84342090e-03
0.523           	9.66832570e-01	4.74094246e-01	4.92738325e-01	1.86440791e+00	9.33642164e-01	9.30765742e-01	1.43821120e-03	-9.32203953e-03	4.83416285e-03	3.18602772e-17	4.83416285e-03	-4.83416285e-03
0.528           	9.65119263e-01	4.73232726e-01	4.91886537e-01	1.86538111e+00	9.34131985e-01	9.31249129e-01	1.44142847e-03	-9.32690557e-03	4.82559631e-03	3.18826807e-17	4.82559631e-03	-4.82559631e-03
0.533           	9.63662663e-01	4.72497685e-01	4.91164978e-01	1.86672928e+00	9.34809477e-01	9.31919806e-01	1.44483573e-03	-9.33364642e-03	4.81831332e-03	3.18829195e-17	4.81831332e-03	-4.81831332e-03
0.538           	9.62126793e-01	4.71723442e-01	4.90403350e-01	1.86799077e+00	9.35443815e-01	9.32546950e-01	1.44843244e-03	-9.33995383e-03	4.81063396e-03	3.18856535e-17	4.81063396e-03	-4.81063396e-03
0.543           	9.60315682e-01	4.70812495e-01	4.89503187e-01	1.86906928e+00	9.35986847e-01	9.33082432e-01	1.45220757e-03	-9.34534639e-03	4.80157841e-03	3.18870666e-17	4.80157841e-03	-4.80157841e-03
0.548           	9.58457342e-01	4.69876899e-01	4.88580443e-01	1.87035436e+00	9.36633352e-01	9.33721007e-01	1.45617266e-03	-9.35177180e-03	4.79228671e-03	3.19524655e-17	4.79228671e-03	-4.79228671e-03
0.553           	9.56580048e-01	4.68931619e-01	4.87648429e-01	1.87168091e+00	9.37300780e-01	9.34380125e-01	1.46032723e-03	-9.35840453e-03	4.78290024e-03	3.19497072e-17	4.78290024e-03	-4.78290024e-03
0.558           	9.54943021e-01	4.68106364e-01	4.86836656e-01	1.87302922e+00	9.37979286e-01	9.35049939e-01	1.46467349e-03	-9.36514612e-03	4.77471510e-03	3.19459563e-17	4.77471510e-03	-4.77471510e-03
0.563           	9.53327822e-01	4.67291810e-01	4.86036012e-01	1.87442017e+00	9.38679301e-01	9.35740869e-01	1.46921578e-03	-9.37210085e-03	4.76663911e-03	3.19412150e-17	4.76663911e-03	-4.76663911e-03
0.568           	9.51421272e-01	4.66331329e-01	4.85089943e-01	1.87586142e+00	9.39404670e-01	9.36456751e-01	1.47395986e-03	-9.37930711e-03	4.75710636e-03	3.19243929e-17	4.75710636e-03	-4.75710636e-03
0.573           	9.49484055e-01	4.65355472e-01	4.84128582e-01	1.87731096e+00	9.40134384e-01	9.37176578e-01	1.47890303e-03	-9.38655481e-03	4.74742027e-03	3.19252956e-17	4.74742027e-03	-4.74742027e-03
0.578           	9.47715430e-01	4.64461784e-01	4.83253646e-01	1.87918619e+00	9.41077133e-01	9.38109057e-01	1.48403786e-03	-9.39593095e-03	4.73857715e-03	3.19249768e-17	4.73857715e-03	-4.73857715e-03
0.583           	9.46056799e-01	4.63623484e-01	4.82433315e-01	1.88098313e+00	9.41980916e-01	9.39002211e-01	1.48935256e-03	-9.40491564e-03	4.73028400e-03	3.19164488e-17	4.73028400e-03	-4.73028400e-03
0.588           	9.44128604e-01	4.62651215e-01	4.81477390e-01	1.88261750e+00	9.42803596e-01	9.39813904e-01	1.49484596e-03	-9.41308750e-03	4.72064302e-03	3.19225364e-17	4.72064302e-03	-4.72064302e-03
0.593           	9.42338479e-01	4.61749073e-01	4.80589406e-01	1.88403331e+00	9.43517186e-01	9.40516123e-01	1.50053157e-03	-9.42016654e-03	4.71169239e-03	3.19243647e-17	4.71169239e-03	-4.71169239e-03
0.598           	9.40501301e-01	4.60823250e-01	4.79678051e-01	1.88548018e+00	9.44246497e-01	9.41233682e-01	1.50640715e-03	-9.42740089e-03	4.70250650e-03	3.18377679e-17	4.70250650e-03	-4.70250650e-03
0.603           	9.38544673e-01	4.59835676e-01	4.78708997e-01	1.88733217e+00	9.45178599e-01	9.42153573e-01	1.51251328e-03	-9.43666086e-03	4.69272337e-03	3.18333808e-17	4.69272337e-03	-4.69272337e-03
0.608           	9.36874632e-01	4.58993420e-01	4.77881212e-01	1.88877917e+00	9.45908450e-01	9.42870715e-01	1.51886749e-03	-9.44389583e-03	4.68437316e-03	3.18324130e-17	4.68437316e-03	-4.68437316e-03
0.613           	9.34989188e-01	4.58042761e-01	4.76946427e-01	1.89036660e+00	9.46708739e-01	9.43657859e-01	1.52543994e-03	-9.45183299e-03	4.67494594e-03	3.18325036e-17	4.67494594e-03	-4.67494594e-03
0.618           	9.33137611e-01	4.57109744e-01	4.76027867e-01	1.89181228e+00	9.47438350e-01	9.44373927e-01	1.53221177e-03	-9.45906139e-03	4.66568806e-03	3.18493977e-17	4.66568806e-03	-4.66568806e-03
0.623           	9.30980923e-01	4.56022505e-01	4.74958418e-01	1.89359132e+00	9.48334840e-01	9.45256483e-01	1.53917863e-03	-9.46795661e-03	4.65490462e-03	3.18364047e-17	4.65490462e-03	-4.65490462e-03
0.628           	9.29222289e-01	4.55135509e-01	4.74086780e-01	1.89512711e+00	9.49109882e-01	9.46017229e-01	1.54632680e-03	-9.47563556e-03	4.64611144e-03	3.18372953e-17	4.64611144e-03	-4.64611144e-03
0.633           	9.27420563e-01	4.54229286e-01	4.73191278e-01	1.89619924e+00	9.49653270e-01	9.46545973e-01	1.55364866e-03	-9.48099622e-03	4.63710282e-03	3.18355390e-17	4.63710282e-03	-4.63710282e-03
0.638           	9.25922948e-01	4.53475035e-01	4.72447913e-01	1.89728785e+00	9.50205073e-01	9.47082781e-01	1.56114594e-03	-9.48643927e-03	4.62961474e-03	3.18408456e-17	4.62961474e-03	-4.62961474e-03
0.643           	9.24275279e-01	4.52644740e-01	4.71630539e-01	1.89857987e+00	9.50858736e-01	9.47721134e-01	1.56880100e-03	-9.49289935e-03	4.62137640e-03	3.18425305e-17	4.62137640e-03	-4.62137640e-03
0.648           	9.22633868e-01	4.51818871e-01	4.70814998e-01	1.89961271e+00	9.51382954e-01	9.48229752e-01	1.57660134e-03	-9.49806353e-03	4.61316934e-03	3.18431427e-17	4.61316934e-03	-4.61316934e-03
0.653           	9.20716822e-01	4.50854936e-01	4.69861886e-01	1.90069502e+00	9.51932065e-01	9.48762959e-01	1.58455289e-03	-9.50347512e-03	4.60358411e-03	3.18551600e-17	4.60358411e-03	-4.60358411e-03
0.658           	9.19034816e-01	4.50008777e-01	4.69026039e-01	1.90172614e+00	9.52455703e-01	9.49270437e-01	1.59263285e-03	-9.50863070e-03	4.59517408e-03	3.18543657e-17	4.59517408e-03	-4.59517408e-03
0.663           	9.17185213e-01	4.49078770e-01	4.68106443e-01	1.90276737e+00	9.52984507e-01	9.49782860e-01	1.60082386e-03	-9.51383684e-03	4.58592607e-03	3.18357459e-17	4.58592607e-03	-4.58592607e-03
0.668           	9.15351249e-01	4.48157119e-01	4.67194130e-01	1.90370116e+00	9.53459716e-01	9.50241441e-01	1.60913755e-03	-9.51850579e-03	4.57675624e-03	3.18342883e-17	4.57675624e-03	-4.57675624e-03
0.673           	9.13536916e-01	4.47244735e-01	4.66292181e-01	1.90474452e+00	9.53989831e-01	9.50754685e-01	1.61757312e-03	-9.52372258e-03	4.56768458e-03	3.18338506e-17	4.56768458e-03	-4.56768458e-03
0.678           	9.11949937e-01	4.46446583e-01	4.65503355e-01	1.90567723e+00	9.54464727e-01	9.51212499e-01	1.62611385e-03	-9.52838613e-03	4.55974969e-03	3.18301307e-17	4.55974969e-03	-4.55974969e-03
0.683           	9.10281535e-01	4.45608352e-01	4.64673183e-01	1.90648316e+00	9.54876341e-01	9.51606818e-01	1.63476150e-03	-9.53241579e-03	4.55140768e-03	3.18352724e-17	4.55140768e-03	-4.55140768e-03
0.688           	9.08626536e-01	4.44778879e-01	4.63847657e-01	1.90687772e+00	9.55082393e-01	9.51795331e-01	1.64353093e-03	-9.53438862e-03	4.54313268e-03	3.18381576e-17	4.54313268e-03	-4.54313268e-03
0.693           	9.06998724e-01	4.43963093e-01	4.63035630e-01	1.90725367e+00	9.55279240e-01	9.51974434e-01	1.65240274e-03	-9.53626837e-03	4.53499362e-03	3.18419938e-17	4.53499362e-03	-4.53499362e-03
0.698           	9.05174815e-01	4.43051206e-01	4.62123609e-01	1.90724030e+00	9.55281503e-01	9.51958800e-01	1.66135149e-03	-9.53620151e-03	4.52587408e-03	3.18387708e-17	4.52587408e-03	-4.52587408e-03
0.703           	9.03547537e-01	4.42237297e-01	4.61310240e-01	1.90729423e+00	9.55317483e-01	9.51976750e-01	1.67036646e-03	-9.53647116e-03	4.51773769e-03	3.18563786e-17	4.51773769e-03	-4.51773769e-03
0.708           	9.02020159e-01	4.41473579e-01	4.60546580e-01	1.90730007e+00	9.55329475e-01	9.51970597e-01	1.67943885e-03	-9.53650036e-03	4.51010080e-03	3.18291770e-17	4.51010080e-03	-4.51010080e-03
0.713           	9.00502772e-01	4.40715048e-01	4.59787724e-01	1.90726765e+00	9.55322394e-01	9.51945253e-01	1.68857070e-03	-9.53633823e-03	4.50251386e-03	3.18237548e-17	4.50251386e-03	-4.50251386e-03
0.718           	8.98871308e-01	4.39900189e-01	4.58971119e-01	1.90709303e+00	9.55244260e-01	9.51848773e-01	1.69774328e-03	-9.53546517e-03	4.49435654e-03	3.18235034e-17	4.49435654e-03	-4.49435654e-03
0.723           	8.97334988e-01	4.39133935e-01	4.58201052e-01	1.90671167e+00	9.55062779e-01	9.51648893e-01	1.70694285e-03	-9.53355836e-03	4.48667494e-03	3.18272850e-17	4.48667494e-03	-4.48667494e-03
0.728           	8.95422293e-01	4.38180879e-01	4.57241414e-01	1.90605354e+00	9.54742927e-01	9.51310608e-01	1.71615956e-03	-9.53026768e-03	4.47711146e-03	3.18234823e-17	4.47711146e-03	-4.47711146e-03
0.733           	8.93541619e-01	4.37243204e-01	4.56298415e-01	1.90552110e+00	9.54485929e-01	9.51035175e-01	1.72537665e-03	-9.52760552e-03	4.46770810e-03	3.18234724e-17	4.46770810e-03	-4.46770810e-03
0.738           	8.91569146e-01	4.36261078e-01	4.55308069e-01	1.90469909e+00	9.54084137e-01	9.50614953e-01	1.73459171e-03	-9.52349545e-03	4.45784573e-03	3.18239558e-17	4.45784573e-03	-4.45784573e-03
0.743           	8.89795042e-01	4.35377577e-01	4.54417465e-01	1.90398878e+00	9.53738206e-01	9.50250575e-01	1.74381573e-03	-9.51994391e-03	4.44897521e-03	3.18268747e-17	4.44897521e-03	-4.44897521e-03
0.748           	8.87775845e-01	4.34373157e-01	4.53402688e-01	1.90295317e+00	9.53229617e-01	9.49723550e-01	1.75303357e-03	-9.51476583e-03	4.43887923e-03	3.18249485e-17	4.43887923e-03	-4.43887923e-03
0.753           	8.85668196e-01	4.33324383e-01	4.52343813e-01	1.90194305e+00	9.52733752e-01	9.49209295e-01	1.76222855e-03	-9.50971524e-03	4.42834098e-03	3.18296397e-17	4.42834098e-03	-4.42834098e-03
0.758           	8.83871518e-01	4.32434211e-01	4.51437307e-01	1.90030955e+00	9.51926184e-01	9.48383368e-01	1.77140831e-03	-9.50154776e-03	4.41935759e-03	3.18305782e-17	4.41935759e-03	-4.41935759e-03
0.763           	8.82353182e-01	4.31683655e-01	4.50669527e-01	1.89858722e+00	9.51074181e-01	9.47513043e-01	1.78056867e-03	-9.49293612e-03	4.41176591e-03	3.18310020e-17	4.41176591e-03	-4.41176591e-03
0.768           	8.80756295e-01	4.30895226e-01	4.49861069e-01	1.89658431e+00	9.50081856e-01	9.46502450e-01	1.78970325e-03	-9.48292153e-03	4.40378148e-03	3.18114746e-17	4.40378148e-03	-4.40378148e-03
0.773           	8.78974005e-01	4.30014101e-01	4.48959904e-01	1.89458021e+00	9.49088914e-01	9.45491297e-01	1.79880856e-03	-9.47290106e-03	4.39487002e-03	3.18087473e-17	4.39487002e-03	-4.39487002e-03
0.778           	8.77171360e-01	4.29122992e-01	4.48048368e-01	1.89253766e+00	9.48076705e-01	9.44460958e-01	1.80787367e-03	-9.46268831e-03	4.38585680e-03	3.18113643e-17	4.38585680e-03	-4.38585680e-03
0.783           	8.75288122e-01	4.28191511e-01	4.47096611e-01	1.89051009e+00	9.47071927e-01	9.43438158e-01	1.81688446e-03	-9.45255043e-03	4.37644061e-03	3.18134154e-17	4.37644061e-03	-4.37644061e-03
0.788           	8.73124642e-01	4.27121400e-01	4.46003242e-01	1.88818414e+00	9.45917902e-01	9.42266236e-01	1.82583337e-03	-9.44092069e-03	4.36562321e-03	3.18144064e-17	4.36562321e-03	-4.36562321e-03
0.793           	8.71193387e-01	4.26167481e-01	4.45025906e-01	1.88584255e+00	9.44755973e-01	9.41086578e-01	1.83469768e-03	-9.42921276e-03	4.35596693e-03	3.18200362e-17	4.35596693e-03	-4.35596693e-03
0.798           	8.69429270e-01	4.25297844e-01	4.44131426e-01	1.88335821e+00	9.43522585e-01	9.39835622e-01	1.84348145e-03	-9.41679104e-03	4.34714635e-03	3.18250005e-17	4.34714635e-03	-4.34714635e-03
0.803           	8.67670022e-01	4.24430707e-01	4.43239315e-01	1.88086078e+00	9.42282564e-01	9.38578214e-01	1.85217496e-03	-9.40430389e-03	4.33835011e-03	3.18171639e-17	4.33835011e-03	-4.33835011e-03
0.808           	8.65884796e-01	4.23551366e-01	4.42333429e-01	1.87820632e+00	9.40963925e-01	9.37242391e-01	1.86076676e-03	-9.39103158e-03	4.32942398e-03	3.18369936e-17	4.32942398e-03	-4.32942398e-03
0.813           	8.64051799e-01	4.22648330e-01	4.41403470e-01	1.87551400e+00	9.39626256e-01	9.35887741e-01	1.86925739e-03	-9.37756998e-03	4.32025900e-03	3.18366259e-17	4.32025900e-03	-4.32025900e-03
0.818           	8.62025877e-01	4.21648385e-01	4.40377493e-01	1.87291080e+00	9.38333035e-01	9.34577768e-01	1.87763368e-03	-9.36455402e-03	4.31012939e-03	3.18388400e-17	4.31012939e-03	-4.31012939e-03
0.823           	8.60023458e-01	4.20661412e-01	4.39362045e-01	1.87006333e+00	9.36917550e-01	9.33145777e-01	1.88588663e-03	-9.35031664e-03	4.30011729e-03	3.18412981e-17	4.30011729e-03	-4.30011729e-03
0.828           	8.58154471e-01	4.19741601e-01	4.38412869e-01	1.86712677e+00	9.35457405e-01	9.31669360e-01	1.89402275e-03	-9.33563383e-03	4.29077235e-03	3.18427973e-17	4.29077235e-03	-4.29077235e-03
0.833           	8.56635750e-01	4.18997998e-01	4.37637752e-01	1.86397539e+00	9.33889725e-01	9.30085665e-01	1.90202999e-03	-9.31987695e-03	4.28317875e-03	3.18373448e-17	4.28317875e-03	-4.28317875e-03
0.838           	8.55370504e-01	4.18380917e-01	4.36989587e-01	1.86086694e+00	9.32343366e-01	9.28523575e-01	1.90989572e-03	-9.30433470e-03	4.27685252e-03	3.18333933e-17	4.27685252e-03	-4.27685252e-03
0.843           	8.53726129e-01	4.17574585e-01	4.36151545e-01	1.85769598e+00	9.30765597e-01	9.26930386e-01	1.91760588e-03	-9.28847992e-03	4.26863065e-03	3.18327911e-17	4.26863065e-03	-4.26863065e-03
0.848           	8.51953286e-01	4.16704515e-01	4.35248771e-01	1.85442563e+00	9.29137973e-01	9.25287661e-01	1.92515600e-03	-9.27212817e-03	4.25976643e-03	3.18344623e-17	4.25976643e-03	-4.25976643e-03
0.853           	8.50254876e-01	4.15871279e-01	4.34383597e-01	1.85123180e+00	9.27548435e-01	9.23683362e-01	1.93253637e-03	-9.25615898e-03	4.25127438e-03	3.18358969e-17	4.25127438e-03	-4.25127438e-03
0.858           	8.48499722e-01	4.15010042e-01	4.33489679e-01	1.84796367e+00	9.25921569e-01	9.22042102e-01	1.93973334e-03	-9.23981836e-03	4.24249861e-03	3.18370313e-17	4.24249861e-03	-4.24249861e-03
0.863           	8.46773957e-01	4.14162040e-01	4.32611917e-01	1.84498765e+00	9.24440542e-01	9.20547112e-01	1.94671517e-03	-9.22493827e-03	4.23386978e-03	3.18347595e-17	4.23386978e-03	-4.23386978e-03
0.868           	8.45268118e-01	4.13425246e-01	4.31842872e-01	1.84176260e+00	9.22834799e-01	9.18927804e-01	1.95349719e-03	-9.20881301e-03	4.22634059e-03	3.18322875e-17	4.22634059e-03	-4.22634059e-03
0.873           	8.43875280e-01	4.12744359e-01	4.31130922e-01	1.83865631e+00	9.21288224e-01	9.17368086e-01	1.96006926e-03	-9.19328155e-03	4.21937640e-03	3.18279045e-17	4.21937640e-03	-4.21937640e-03
0.878           	8.42626789e-01	4.12136735e-01	4.30490053e-01	1.83533182e+00	9.19632338e-01	9.15699482e-01	1.96642767e-03	-9.17665910e-03	4.21313394e-03	3.18292726e-17	4.21313394e-03	-4.21313394e-03
0.883           	8.41154716e-01	4.11417300e-01	4.29737416e-01	1.83201152e+00	9.17978344e-01	9.14033172e-01	1.97258628e-03	-9.16005758e-03	4.20577358e-03	3.18280679e-17	4.20577358e-03	-4.20577358e-03
0.888           	8.39614526e-01	4.10663627e-01	4.28950899e-01	1.82872729e+00	9.16342171e-01	9.12385123e-01	1.97852377e-03	-9.14363647e-03	4.19807263e-03	3.18294008e-17	4.19807263e-03	-4.19807263e-03
0.893           	8.38214517e-01	4.09979979e-01	4.28234538e-01	1.82545586e+00	9.14712162e-01	9.10743695e-01	1.98423347e-03	-9.12727928e-03	4.19107258e-03	3.18342746e-17	4.19107258e-03	-4.19107258e-03
0.898           	8.36873495e-01	4.09324895e-01	4.27548600e-01	1.82237056e+00	9.13174988e-01	9.09195570e-01	1.98970901e-03	-9.11185279e-03	4.18436748e-03	3.18374938e-17	4.18436748e-03	-4.18436748e-03
0.903           	8.35774667e-01	4.08791502e-01	4.26983165e-01	1.81916635e+00	9.11578120e-01	9.07588230e-01	1.99494478e-03	-9.09583175e-03	4.17887333e-03	3.18426665e-17	4.17887333e-03	-4.17887333e-03
0.908           	8.34732939e-01	4.08287806e-01	4.26445133e-01	1.81573276e+00	9.09866319e-01	9.05866444e-01	1.99993731e-03	-9.07866382e-03	4.17366470e-03	3.18448440e-17	4.17366470e-03	-4.17366470e-03
0.913           	8.33793210e-01	4.07835501e-01	4.25957709e-01	1.81222079e+00	9.08115082e-01	9.04105709e-01	2.00468626e-03	-9.06110396e-03	4.16896605e-03	3.18453061e-17	4.16896605e-03	-4.16896605e-03
0.918           	8.32830295e-01	4.07371318e-01	4.25458978e-01	1.80876601e+00	9.06392195e-01	9.02373819e-01	2.00918777e-03	-9.04383007e-03	4.16415148e-03	3.18542701e-17	4.16415148e-03	-4.16415148e-03
0.923           	8.31962911e-01	4.06954338e-01	4.25008573e-01	1.80542351e+00	9.04725192e-01	9.00698321e-01	2.01343551e-03	-9.02711757e-03	4.15981455e-03	3.18539828e-17	4.15981455e-03	-4.15981455e-03
0.928           	8.31056312e-01	4.06518493e-01	4.24537819e-01	1.80193261e+00	9.02983733e-01	8.98948875e-01	2.01742916e-03	-9.00966304e-03	4.15528156e-03	3.18740505e-17	4.15528156e-03	-4.15528156e-03
0.933           	8.30213702e-01	4.06113990e-01	4.24099712e-01	1.79857215e+00	9.01307253e-01	8.97264899e-01	2.02117734e-03	-8.99286076e-03	4.15106851e-03	3.18733260e-17	4.15106851e-03	-4.15106851e-03
0.938           	8.29474142e-01	4.05760816e-01	4.23713326e-01	1.79525094e+00	8.99650140e-01	8.95600802e-01	2.02466942e-03	-8.97625471e-03	4.14737071e-03	3.18717219e-17	4.14737071e-03	-4.14737071e-03
0.943           	8.29007350e-01	4.05544267e-01	4.23463083e-01	1.79188156e+00	8.97968682e-01	8.93912883e-01	2.02789961e-03	-8.95940782e-03	4.14503675e-03	3.18627543e-17	4.14503675e-03	-4.14503675e-03
0.948           	8.28548288e-01	4.05332192e-01	4.23216096e-01	1.78839041e+00	8.96226073e-01	8.92164338e-01	2.03086769e-03	-8.94195206e-03	4.14274144e-03	3.18645170e-17	4.14274144e-03	-4.14274144e-03
0.953           	8.28137665e-01	4.05143869e-01	4.22993796e-01	1.78499261e+00	8.94529895e-01	8.90462717e-01	2.03358888e-03	-8.92496306e-03	4.14068833e-03	3.18654798e-17	4.14068833e-03	-4.14068833e-03
0.958           	8.27758169e-01	4.04971341e-01	4.22786828e-01	1.78154871e+00	8.92810403e-01	8.88738307e-01	2.03604792e-03	-8.90774355e-03	4.13879084e-03	3.18668310e-17	4.13879084e-03	-4.13879084e-03
0.963           	8.27514420e-01	4.04867476e-01	4.22646944e-01	1.77794685e+00	8.91011674e-01	8.86935178e-01	2.03824799e-03	-8.88973426e-03	4.13757210e-03	3.18663758e-17	4.13757210e-03	-4.13757210e-03
0.968           	8.27353871e-01	4.04804707e-01	4.22549164e-01	1.77444570e+00	8.89263052e-01	8.85182646e-01	2.04020269e-03	-8.87222849e-03	4.13676935e-03	3.18652356e-17	4.13676935e-03	-4.13676935e-03
0.973           	8.27222467e-01	4.04756485e-01	4.22465982e-01	1.77094969e+00	8.87516759e-01	8.83432932e-01	2.04191351e-03	-8.85474845e-03	4.13611234e-03	3.18623413e-17	4.13611234e-03	-4.13611234e-03
0.978           	8.27178092e-01	4.04752206e-01	4.22425886e-01	1.76736795e+00	8.85727338e-01	8.81640607e-01	2.04336540e-03	-8.83683973e-03	4.13589046e-03	3.18633809e-17	4.13589046e-03	-4.13589046e-03
0.983           	8.27324511e-01	4.04843266e-01	4.22481246e-01	1.76379802e+00	8.83943565e-01	8.79854452e-01	2.04455662e-03	-8.81899008e-03	4.13662256e-03	3.18612394e-17	4.13662256e-03	-4.13662256e-03
0.988           	8.27376087e-01	4.04887425e-01	4.22488662e-01	1.76012364e+00	8.82107306e-01	8.78016336e-01	2.04548482e-03	-8.80061821e-03	4.13688044e-03	3.18629104e-17	4.13688044e-03	-4.13688044e-03
0.993           	8.27689578e-01	4.05063195e-01	4.22626383e-01	1.75631882e+00	8.80205561e-01	8.76113261e-01	2.04614991e-03	-8.78159411e-03	4.13844789e-03	3.18607925e-17	4.13844789e-03	-4.13844789e-03
0.998           	8.28147518e-01	4.05311056e-01	4.22836462e-01	1.75254054e+00	8.78316825e-01	8.74223719e-01	2.04655335e-03	-8.76270272e-03	4.14073759e-03	3.18492709e-17	4.14073759e-03	-4.14073759e-03
1.003           	8.28809397e-01	4.05661171e-01	4.23148226e-01	1.74870550e+00	8.76399446e-01	8.72306058e-01	2.04669411e-03	-8.74352752e-03	4.14404699e-03	3.18560982e-17	4.14404699e-03	-4.14404699e-03
1.008           	8.29225729e-01	4.05888889e-01	4.23336841e-01	1.74479521e+00	8.74444188e-01	8.70351025e-01	2.04658161e-03	-8.72397607e-03	4.14612865e-03	3.18571599e-17	4.14612865e-03	-4.14612865e-03
1.013           	8.29671981e-01	4.06132116e-01	4.23539864e-01	1.74077480e+00	8.72433608e-01	8.68341191e-01	2.04620839e-03	-8.70387399e-03	4.14835990e-03	3.18544683e-17	4.14835990e-03	-4.14835990e-03
1.018           	8.30243556e-01	4.06437817e-01	4.23805739e-01	1.73679230e+00	8.70441734e-01	8.66350561e-01	2.04558648e-03	-8.68396148e-03	4.15121778e-03	3.18516232e-17	4.15121778e-03	-4.15121778e-03
1.023           	8.31016454e-01	4.06844554e-01	4.24171900e-01	1.73273454e+00	8.68411989e-01	8.64322547e-01	2.04472086e-03	-8.66367268e-03	4.15508227e-03	3.18513799e-17	4.15508227e-03	-4.15508227e-03
1.028           	8.31953318e-01	4.07333646e-01	4.24619672e-01	1.72860264e+00	8.66344925e-01	8.62257713e-01	2.04360584e-03	-8.64301319e-03	4.15976659e-03	3.18492575e-17	4.15976659e-03	-4.15976659e-03
1.033           	8.32897865e-01	4.07826832e-01	4.25071033e-01	1.72442018e+00	8.64252331e-01	8.60167848e-01	2.04224169e-03	-8.62210090e-03	4.16448932e-03	3.18493799e-17	4.16448932e-03	-4.16448932e-03
1.038           	8.33862397e-01	4.08330842e-01	4.25531555e-01	1.72007136e+00	8.62076321e-01	8.57995034e-01	2.04064376e-03	-8.60035678e-03	4.16931199e-03	3.18484447e-17	4.16931199e-03	-4.16931199e-03
1.043           	8.34931739e-01	4.08888081e-01	4.26043658e-01	1.71555775e+00	8.59817688e-01	8.55740067e-01	2.03881076e-03	-8.57778877e-03	4.17465870e-03	3.18458229e-17	4.17465870e-03	-4.17465870e-03
1.048           	8.36059251e-01	4.09473961e-01	4.26585290e-01	1.71113295e+00	8.57603223e-01	8.53529731e-01	2.03674599e-03	-8.55566477e-03	4.18029626e-03	3.18441341e-17	4.18029626e-03	-4.18029626e-03
1.053           	8.37352109e-01	4.10142817e-01	4.27209292e-01	1.70664745e+00	8.55358174e-01	8.51289280e-01	2.03444716e-03	-8.53323727e-03	4.18676055e-03	3.18432478e-17	4.18676055e-03	-4.18676055e-03
1.058           	8.38618717e-01	4.10798826e-01	4.27819891e-01	1.70210651e+00	8.53085170e-01	8.49021336e-01	2.03191701e-03	-8.51053253e-03	4.19309359e-03	3.18473492e-17	4.19309359e-03	-4.19309359e-03
1.063           	8.39988259e-01	4.11507252e-01	4.28481007e-01	1.69737551e+00	8.50716915e-01	8.46658599e-01	2.02915784e-03	-8.48687757e-03	4.19994129e-03	3.18486139e-17	4.19994129e-03	-4.19994129e-03
1.068           	8.41503913e-01	4.12289225e-01	4.29214687e-01	1.69254620e+00	8.48299276e-01	8.44246925e-01	2.02617573e-03	-8.46273100e-03	4.20751956e-03	3.18436223e-17	4.20751956e-03	-4.20751956e-03
1.073           	8.43066192e-01	4.13094453e-01	4.29971739e-01	1.68772852e+00	8.45887232e-01	8.41841286e-01	2.02297288e-03	-8.43864259e-03	4.21533096e-03	3.18410024e-17	4.21533096e-03	-4.21533096e-03
1.078           	8.44654704e-01	4.13913372e-01	4.30741331e-01	1.68279592e+00	8.43417510e-01	8.39378407e-01	2.01955152e-03	-8.41397959e-03	4.22327352e-03	3.18410581e-17	4.22327352e-03	-4.22327352e-03
1.083           	8.46264113e-01	4.14743258e-01	4.31520855e-01	1.67775974e+00	8.40895782e-01	8.36863961e-01	2.01591044e-03	-8.38879872e-03	4.23132056e-03	3.18396117e-17	4.23132056e-03	-4.23132056e-03
1.088           	8.47877962e-01	4.15576541e-01	4.32301421e-01	1.67248793e+00	8.38256017e-01	8.34231913e-01	2.01205239e-03	-8.36243965e-03	4.23938981e-03	3.18408241e-17	4.23938981e-03	-4.23938981e-03
1.093           	8.49825433e-01	4.16576863e-01	4.33248569e-01	1.66717063e+00	8.35593289e-01	8.31577338e-01	2.00797595e-03	-8.33585313e-03	4.24912716e-03	3.18358608e-17	4.24912716e-03	-4.24912716e-03
1.098           	8.51810368e-01	4.17596680e-01	4.34213688e-01	1.66170075e+00	8.32854060e-01	8.28846687e-01	2.00368632e-03	-8.30850374e-03	4.25905184e-03	3.18201226e-17	4.25905184e-03	-4.25905184e-03
1.103           	8.53772992e-01	4.18605184e-01	4.35167808e-01	1.65626236e+00	8.30130368e-01	8.26131990e-01	1.99918933e-03	-8.28131179e-03	4.26886496e-03	3.18148293e-17	4.26886496e-03	-4.26886496e-03
1.108           	8.55682444e-01	4.19588092e-01	4.36094352e-01	1.65062593e+00	8.27307450e-01	8.23318482e-01	1.99448418e-03	-8.25312966e-03	4.27841222e-03	3.18109266e-17	4.27841222e-03	-4.27841222e-03
1.113           	8.57707481e-01	4.20630409e-01	4.37077072e-01	1.64466635e+00	8.24322743e-01	8.20343607e-01	1.98956793e-03	-8.22333175e-03	4.28853741e-03	3.18065800e-17	4.28853741e-03	-4.28853741e-03
1.118           	8.59669958e-01	4.21641089e-01	4.38028869e-01	1.63877796e+00	8.21373417e-01	8.17404539e-01	1.98443901e-03	-8.19388978e-03	4.29834979e-03	3.18045180e-17	4.29834979e-03	-4.29834979e-03
1.123           	8.61739023e-01	4.22704786e-01	4.39034237e-01	1.63294511e+00	8.18451654e-01	8.14493456e-01	1.97909878e-03	-8.16472555e-03	4.30869511e-03	3.18006102e-17	4.30869511e-03	-4.30869511e-03
1.128           	8.63898964e-01	4.23815236e-01	4.40083728e-01	1.62684920e+00	8.15398153e-01	8.11451048e-01	1.97355279e-03	-8.13424601e-03	4.31949482e-03	3.17997618e-17	4.31949482e-03	-4.31949482e-03
1.133           	8.66413064e-01	4.25103984e-01	4.41309081e-01	1.62050969e+00	8.12222645e-01	8.08287047e-01	1.96779875e-03	-8.10254846e-03	4.33206532e-03	3.17981666e-17	4.33206532e-03	-4.33206532e-03
1.138           	8.68786902e-01	4.26323153e-01	4.42463749e-01	1.61405954e+00	8.08991603e-01	8.05067936e-01	1.96183310e-03	-8.07029769e-03	4.34393451e-03	3.17981800e-17	4.34393451e-03	-4.34393451e-03
1.143           	8.71136442e-01	4.27529386e-01	4.43607055e-01	1.60776693e+00	8.05839118e-01	8.01927810e-01	1.95565397e-03	-8.03883464e-03	4.35568221e-03	3.17970940e-17	4.35568221e-03	-4.35568221e-03
1.148           	8.73311120e-01	4.28648203e-01	4.44662917e-01	1.60147132e+00	8.02684914e-01	7.98786408e-01	1.94925300e-03	-8.00735661e-03	4.36655560e-03	3.18013872e-17	4.36655560e-03	-4.36655560e-03
1.153           	8.75728095e-01	4.29889494e-01	4.45838601e-01	1.59491069e+00	7.99397976e-01	7.95512712e-01	1.94263194e-03	-7.97455344e-03	4.37864048e-03	3.18007123e-17	4.37864048e-03	-4.37864048e-03
1.158           	8.78423599e-01	4.31272032e-01	4.47151568e-01	1.58795363e+00	7.95912603e-01	7.92041027e-01	1.93578798e-03	-7.93976815e-03	4.39211800e-03	3.18169309e-17	4.39211800e-03	-4.39211800e-03
1.163           	8.81228355e-01	4.32709526e-01	4.48518829e-01	1.58093032e+00	7.92393879e-01	7.88536438e-01	1.92872085e-03	-7.90465159e-03	4.40614178e-03	3.18149425e-17	4.40614178e-03	-4.40614178e-03
1.168           	8.83922092e-01	4.34091345e-01	4.49830747e-01	1.57394023e+00	7.88891540e-01	7.85048687e-01	1.92142651e-03	-7.86970113e-03	4.41961046e-03	3.18162966e-17	4.41961046e-03	-4.41961046e-03
1.173           	8.86542666e-01	4.35437004e-01	4.51105663e-01	1.56686589e+00	7.85346848e-01	7.81519046e-01	1.91390132e-03	-7.83432947e-03	4.43271333e-03	3.18153384e-17	4.43271333e-03	-4.43271333e-03
1.178           	8.89522692e-01	4.36964151e-01	4.52558541e-01	1.55943899e+00	7.81625635e-01	7.77813353e-01	1.90614077e-03	-7.79719494e-03	4.44761346e-03	3.18138549e-17	4.44761346e-03	-4.44761346e-03
1.183           	8.92375927e-01	4.38427921e-01	4.53948006e-01	1.55200852e+00	7.77902400e-01	7.74106122e-01	1.89813882e-03	-7.76004261e-03	4.46187964e-03	3.18274683e-17	4.46187964e-03	-4.46187964e-03
1.188           	8.95651159e-01	4.40103881e-01	4.55547278e-01	1.54433968e+00	7.74059733e-01	7.70279946e-01	1.88989343e-03	-7.72169840e-03	4.47825580e-03	3.18296398e-17	4.47825580e-03	-4.47825580e-03
1.193           	8.98854529e-01	4.41743617e-01	4.57110912e-01	1.53672950e+00	7.70246151e-01	7.66483348e-01	1.88140115e-03	-7.68364749e-03	4.49427265e-03	3.18317375e-17	4.49427265e-03	-4.49427265e-03
1.198           	9.02029284e-01	4.43369236e-01	4.58660048e-01	1.52908116e+00	7.66413232e-01	7.62667927e-01	1.87265250e-03	-7.64540579e-03	4.51014642e-03	3.18293118e-17	4.51014642e-03	-4.51014642e-03
1.203           	9.04972311e-01	4.44879078e-01	4.60093234e-01	1.52141560e+00	7.62571438e-01	7.58844165e-01	1.86363656e-03	-7.60707801e-03	4.52486156e-03	3.18302569e-17	4.52486156e-03	-4.52486156e-03
1.208           	9.08387589e-01	4.46627302e-01	4.61760287e-01	1.51329847e+00	7.58503580e-01	7.54794890e-01	1.85434492e-03	-7.56649235e-03	4.54193794e-03	3.18313491e-17	4.54193794e-03	-4.54193794e-03
1.213           	9.11875986e-01	4.48411621e-01	4.63464365e-01	1.50527449e+00	7.54482016e-01	7.50792474e-01	1.84477136e-03	-7.52637245e-03	4.55937993e-03	3.18306483e-17	4.55937993e-03	-4.55937993e-03
1.218           	9.15519626e-01	4.50274409e-01	4.65245216e-01	1.49708070e+00	7.50375261e-01	7.46705438e-01	1.83491126e-03	-7.48540350e-03	4.57759813e-03	3.18301876e-17	4.57759813e-03	-4.57759813e-03
1.223           	9.18844833e-01	4.51977605e-01	4.66867228e-01	1.48896229e+00	7.46305894e-01	7.42656396e-01	1.82474896e-03	-7.44481145e-03	4.59422416e-03	3.18286210e-17	4.59422416e-03	-4.59422416e-03
1.228           	9.22460287e-01	4.53828167e-01	4.68632120e-01	1.48039526e+00	7.42011895e-01	7.38383362e-01	1.81426638e-03	-7.40197629e-03	4.61230144e-03	3.18535518e-17	4.61230144e-03	-4.61230144e-03
1.233           	9.25911007e-01	4.55594713e-01	4.70316295e-01	1.47215818e+00	7.37882558e-01	7.34275623e-01	1.80346781e-03	-7.36079090e-03	4.62955504e-03	3.18524299e-17	4.62955504e-03	-4.62955504e-03
1.238           	9.29710504e-01	4.57537262e-01	4.72173241e-01	1.46359791e+00	7.33591303e-01	7.30006608e-01	1.79234757e-03	-7.31798956e-03	4.64855252e-03	3.18529239e-17	4.64855252e-03	-4.64855252e-03
1.243           	9.33089172e-01	4.59268052e-01	4.73821121e-01	1.45530690e+00	7.29434348e-01	7.25872548e-01	1.78089966e-03	-7.27653448e-03	4.66544586e-03	3.18561478e-17	4.66544586e-03	-4.66544586e-03
1.248           	9.36909003e-01	4.61222426e-01	4.75686577e-01	1.44641516e+00	7.24976700e-01	7.21438460e-01	1.76912004e-03	-7.23207580e-03	4.68454501e-03	3.18567788e-17	4.68454501e-03	-4.68454501e-03
1.253           	9.40077173e-01	4.62849562e-01	4.77227611e-01	1.43780493e+00	7.20659472e-01	7.17145461e-01	1.75700511e-03	-7.18902467e-03	4.70038587e-03	3.18604505e-17	4.70038587e-03	-4.70038587e-03
1.258           	9.43413836e-01	4.64561304e-01	4.78852532e-01	1.42912278e+00	7.16305941e-01	7.12816838e-01	1.74455167e-03	-7.14561390e-03	4.71706918e-03	3.18607998e-17	4.71706918e-03	-4.71706918e-03
1.263           	9.46762344e-01	4.66279558e-01	4.80482787e-01	1.42032293e+00	7.11893227e-01	7.08429707e-01	1.73175963e-03	-7.10161467e-03	4.73381172e-03	3.18584900e-17	4.73381172e-03	-4.73381172e-03
1.268           	9.50296864e-01	4.68091466e-01	4.82205398e-01	1.41139317e+00	7.07415218e-01	7.03977955e-01	1.71863106e-03	-7.05696587e-03	4.75148432e-03	3.18681621e-17	4.75148432e-03	-4.75148432e-03
1.273           	9.53469555e-01	4.69721899e-01	4.83747656e-01	1.40257564e+00	7.02992985e-01	6.99582658e-01	1.70516363e-03	-7.01287822e-03	4.76734777e-03	3.18738231e-17	4.76734777e-03	-4.76734777e-03
1.278           	9.57017456e-01	4.71541775e-01	4.85475681e-01	1.39339066e+00	6.98386689e-01	6.95003969e-01	1.69135989e-03	-6.96695329e-03	4.78508728e-03	3.18757971e-17	4.78508728e-03	-4.78508728e-03
1.283           	9.60223337e-01	4.73189012e-01	4.87034325e-01	1.38453129e+00	6.93942870e-01	6.90588423e-01	1.67722333e-03	-6.92265647e-03	4.80111668e-03	3.18685695e-17	4.80111668e-03	-4.80111668e-03
1.288           	9.63707604e-01	4.74977271e-01	4.88730333e-01	1.37530612e+00	6.89315822e-01	6.85990300e-01	1.66276120e-03	-6.87653061e-03	4.81853802e-03	3.18682060e-17	4.81853802e-03	-4.81853802e-03
1.293           	9.67091839e-01	4.76714770e-01	4.90377069e-01	1.36622991e+00	6.84762938e-01	6.81466975e-01	1.64798150e-03	-6.83114956e-03	4.83545920e-03	3.18774296e-17	4.83545920e-03	-4.83545920e-03
1.298           	9.70540814e-01	4.78484711e-01	4.92056103e-01	1.35713923e+00	6.80202507e-01	6.76936728e-01	1.63288916e-03	-6.78569617e-03	4.85270407e-03	3.18820583e-17	4.85270407e-03	-4.85270407e-03
1.303           	9.73656090e-01	4.80088352e-01	4.93567738e-01	1.34793850e+00	6.75586743e-01	6.72351760e-01	1.61749149e-03	-6.73969252e-03	4.86828045e-03	3.18818562e-17	4.86828045e-03	-4.86828045e-03
1.308           	9.76886472e-01	4.81750490e-01	4.95135982e-01	1.33854921e+00	6.70876396e-01	6.67672810e-01	1.60179315e-03	-6.69274603e-03	4.88443236e-03	3.18776642e-17	4.88443236e-03	-4.88443236e-03
1.313           	9.80014255e-01	4.83359863e-01	4.96654392e-01	1.32945288e+00	6.66312243e-01	6.63140633e-01	1.58580477e-03	-6.64726438e-03	4.90007128e-03	3.18744592e-17	4.90007128e-03	-4.90007128e-03
1.318           	9.82988571e-01	4.84893218e-01	4.98095353e-01	1.32021340e+00	6.61676241e-01	6.58537162e-01	1.56953963e-03	-6.60106702e-03	4.91494285e-03	3.18764458e-17	4.91494285e-03	-4.91494285e-03
1.323           	9.86334188e-01	4.86612221e-01	4.99721967e-01	1.31097462e+00	6.57040320e-01	6.53934304e-01	1.55300766e-03	-6.55487312e-03	4.93167094e-03	3.18774012e-17	4.93167094e-03	-4.93167094e-03
1.328           	9.89613370e-01	4.88299540e-01	5.01313830e-01	1.30142897e+00	6.52250709e-01	6.49178265e-01	1.53622173e-03	-6.50714487e-03	4.94806685e-03	3.18686350e-17	4.94806685e-03	-4.94806685e-03
1.333           	9.92469041e-01	4.89772326e-01	5.02696715e-01	1.29243883e+00	6.47738600e-01	6.44700230e-01	1.51918513e-03	-6.46219415e-03	4.96234520e-03	3.18674300e-17	4.96234520e-03	-4.96234520e-03
1.338           	9.95571561e-01	4.91370398e-01	5.04201164e-01	1.28307659e+00	6.43040206e-01	6.40036387e-01	1.50190940e-03	-6.41538297e-03	4.97785781e-03	3.18647389e-17	4.97785781e-03	-4.97785781e-03
1.343           	9.98714831e-01	4.92988736e-01	5.05726094e-01	1.27373582e+00	6.38352318e-01	6.35383507e-01	1.48440562e-03	-6.36867912e-03	4.99357415e-03	3.18632490e-17	4.99357415e-03	-4.99357415e-03
1.348           	1.00191200e+00	4.94634427e-01	5.07277570e-01	1.26431437e+00	6.33623872e-01	6.30690501e-01	1.46668565e-03	-6.32157186e-03	5.00955999e-03	3.18674729e-17	5.00955999e-03	-5.00955999e-03
1.353           	1.00503126e+00	4.96240191e-01	5.08791064e-01	1.25508727e+00	6.28992395e-01	6.26094880e-01	1.44875729e-03	-6.27543637e-03	5.02515628e-03	3.18683911e-17	5.02515628e-03	-5.02515628e-03
1.358           	1.00803675e+00	4.97789723e-01	5.10247024e-01	1.24573012e+00	6.24295694e-01	6.21434429e-01	1.43063273e-03	-6.22865062e-03	5.04018374e-03	3.18647726e-17	5.04018374e-03	-5.04018374e-03
1.363           	1.01111434e+00	4.99374848e-01	5.11739497e-01	1.23646495e+00	6.19644803e-01	6.16820150e-01	1.41232637e-03	-6.18232476e-03	5.05557172e-03	3.18613474e-17	5.05557172e-03	-5.05557172e-03
1.368           	1.01438282e+00	5.01056195e-01	5.13326627e-01	1.22704320e+00	6.14915450e-01	6.12127750e-01	1.39385003e-03	-6.13521600e-03	5.07191411e-03	3.18611832e-17	5.07191411e-03	-5.07191411e-03
1.373           	1.01749387e+00	5.02659203e-01	5.14834669e-01	1.21754660e+00	6.10148517e-01	6.07398084e-01	1.37521646e-03	-6.08773300e-03	5.08746936e-03	3.18604445e-17	5.08746936e-03	-5.08746936e-03
1.378           	1.02038156e+00	5.04149806e-01	5.16231756e-01	1.20819496e+00	6.05453914e-01	6.02741041e-01	1.35643664e-03	-6.04097478e-03	5.10190781e-03	3.18585662e-17	5.10190781e-03	-5.10190781e-03
1.383           	1.02289551e+00	5.05452650e-01	5.17442858e-01	1.19902089e+00	6.00847964e-01	5.98172923e-01	1.33752041e-03	-5.99510443e-03	5.11447754e-03	3.18575891e-17	5.11447754e-03	-5.11447754e-03
1.388           	1.02574430e+00	5.06924438e-01	5.18819866e-01	1.18954282e+00	5.96089892e-01	5.93452927e-01	1.31848234e-03	-5.94771410e-03	5.12872152e-03	3.18573583e-17	5.12872152e-03	-5.12872152e-03
1.393           	1.02856750e+00	5.08383159e-01	5.20184338e-01	1.18011789e+00	5.91358280e-01	5.88759610e-01	1.29933520e-03	-5.90058945e-03	5.14283748e-03	3.18564165e-17	5.14283748e-03	-5.14283748e-03
1.398           	1.03158870e+00	5.09941660e-01	5.21647039e-01	1.17053797e+00	5.86549074e-01	5.83988897e-01	1.28008854e-03	-5.85268986e-03	5.15794350e-03	3.18558598e-17	5.15794350e-03	-5.15794350e-03
1.403           	1.03388986e+00	5.11137353e-01	5.22752509e-01	1.16151554e+00	5.82018525e-01	5.79497015e-01	1.26075485e-03	-5.80757770e-03	5.16944931e-03	3.18522226e-17	5.16944931e-03	-5.16944931e-03
1.408           	1.03619371e+00	5.12337347e-01	5.23856359e-01	1.15190126e+00	5.77191978e-01	5.74709281e-01	1.24134869e-03	-5.75950630e-03	5.18096853e-03	3.18494266e-17	5.18096853e-03	-5.18096853e-03
1.413           	1.03888287e+00	5.13731006e-01	5.25151859e-01	1.14208529e+00	5.72264532e-01	5.69820762e-01	1.22188491e-03	-5.71042647e-03	5.19441433e-03	3.18484586e-17	5.19441433e-03	-5.19441433e-03
1.418           	1.04140192e+00	5.15038941e-01	5.26362982e-01	1.13240414e+00	5.67404442e-01	5.64999697e-01	1.20237276e-03	-5.66202069e-03	5.20700962e-03	3.18469984e-17	5.20700962e-03	-5.20700962e-03
1.423           	1.04342004e+00	5.16093632e-01	5.27326410e-01	1.12327777e+00	5.62821707e-01	5.60456058e-01	1.18282455e-03	-5.61638883e-03	5.21710021e-03	3.18285656e-17	5.21710021e-03	-5.21710021e-03
1.428           	1.04538426e+00	5.17122694e-01	5.28261565e-01	1.11388713e+00	5.58106814e-01	5.55780318e-01	1.16324795e-03	-5.56943566e-03	5.22692130e-03	3.18260632e-17	5.22692130e-03	-5.22692130e-03
1.433           	1.04723467e+00	5.18094470e-01	5.29140201e-01	1.10457308e+00	5.53430198e-01	5.51142884e-01	1.14365713e-03	-5.52286541e-03	5.23617335e-03	3.18238386e-17	5.23617335e-03	-5.23617335e-03
1.438           	1.04934719e+00	5.19199966e-01	5.30147223e-01	1.09472566e+00	5.48486893e-01	5.46238763e-01	1.12406522e-03	-5.47362828e-03	5.24673594e-03	3.18231053e-17	5.24673594e-03	-5.24673594e-03
1.443           	1.05108764e+00	5.20118042e-01	5.30969599e-01	1.08515564e+00	5.43682298e-01	5.41473342e-01	1.10447810e-03	-5.42577820e-03	5.25543820e-03	3.18225803e-17	5.25543820e-03	-5.25543820e-03
1.448           	1.05280519e+00	5.21024184e-01	5.31781002e-01	1.07568181e+00	5.38925821e-01	5.36755992e-01	1.08491473e-03	-5.37840907e-03	5.26402593e-03	3.18199157e-17	5.26402593e-03	-5.26402593e-03
1.453           	1.05417738e+00	5.21758251e-01	5.32419126e-01	1.06608752e+00	5.34109144e-01	5.31978380e-01	1.06538242e-03	-5.33043762e-03	5.27088688e-03	3.18175090e-17	5.27088688e-03	-5.27088688e-03
1.458           	1.05580782e+00	5.22624931e-01	5.33182885e-01	1.05579545e+00	5.28943630e-01	5.26851823e-01	1.04590328e-03	-5.27897726e-03	5.27903908e-03	3.18171492e-17	5.27903908e-03	-5.27903908e-03
1.463           	1.05723319e+00	5.23387646e-01	5.33845547e-01	1.04579013e+00	5.23921543e-01	5.21868586e-01	1.02647829e-03	-5.22895065e-03	5.28616596e-03	3.17950411e-17	5.28616596e-03	-5.28616596e-03
1.468           	1.05864657e+00	5.24143547e-01	5.34503028e-01	1.03594807e+00	5.18981155e-01	5.16966914e-01	1.00712063e-03	-5.17974034e-03	5.29323287e-03	3.17621171e-17	5.29323287e-03	-5.29323287e-03
1.473           	1.05979014e+00	5.24764501e-01	5.35025636e-01	1.02611351e+00	5.14044588e-01	5.12068920e-01	9.87833700e-04	-5.13056754e-03	5.29895068e-03	3.17595320e-17	5.29895068e-03	-5.29895068e-03
1.478           	1.06046697e+00	5.25152212e-01	5.35314753e-01	1.01625412e+00	5.09095696e-01	5.07158428e-01	9.68634185e-04	-5.08127062e-03	5.30233483e-03	3.17572913e-17	5.30233483e-03	-5.30233483e-03
1.483           	1.06121710e+00	5.25577821e-01	5.35639274e-01	1.00614536e+00	5.04022210e-01	5.02123148e-01	9.49530576e-04	-5.03072679e-03	5.30608548e-03	3.17537348e-17	5.30608548e-03	-5.30608548e-03
1.488           	1.06247977e+00	5.26259362e-01	5.36220405e-01	9.96104340e-01	4.98982709e-01	4.97121631e-01	9.30539354e-04	-4.98052170e-03	5.31239884e-03	3.17550347e-17	5.31239884e-03	-5.31239884e-03
1.493           	1.06336198e+00	5.26750026e-01	5.36611954e-01	9.86192796e-01	4.94008058e-01	4.92184738e-01	9.11660164e-04	-4.93096398e-03	5.31680990e-03	3.17530406e-17	5.31680990e-03	-5.31680990e-03
1.498           	1.06413654e+00	5.27187730e-01	5.36948811e-01	9.76108102e-01	4.88946961e-01	4.87161141e-01	8.92910460e-04	-4.88054051e-03	5.32068271e-03	3.17344900e-17	5.32068271e-03	-5.32068271e-03
1.503           	1.06477500e+00	5.27557488e-01	5.37217511e-01	9.66002303e-01	4.83875448e-01	4.82126855e-01	8.74296534e-04	-4.83001152e-03	5.32387499e-03	3.17437610e-17	5.32387499e-03	-5.32387499e-03
1.508           	1.06505597e+00	5.27746677e-01	5.37309297e-01	9.56262008e-01	4.78986843e-01	4.77275166e-01	8.55838603e-04	-4.78131004e-03	5.32527987e-03	3.17402498e-17	5.32527987e-03	-5.32527987e-03
1.513           	1.06573286e+00	5.28134700e-01	5.37598156e-01	9.46345560e-01	4.74010318e-01	4.72335243e-01	8.37537486e-04	-4.73172780e-03	5.32866428e-03	3.17354397e-17	5.32866428e-03	-5.32866428e-03
1.518           	1.06630630e+00	5.28470672e-01	5.37835624e-01	9.36495225e-01	4.69067020e-01	4.67428205e-01	8.19407614e-04	-4.68247613e-03	5.33153148e-03	3.17319237e-17	5.33153148e-03	-5.33153148e-03
1.523           	1.06668188e+00	5.28709560e-01	5.37972316e-01	9.26275532e-01	4.63939216e-01	4.62336316e-01	8.01450318e-04	-4.63137766e-03	5.33340938e-03	3.17311784e-17	5.33340938e-03	-5.33340938e-03
1.528           	1.06678306e+00	5.28811217e-01	5.37971846e-01	9.16062913e-01	4.58815147e-01	4.57247767e-01	7.83689874e-04	-4.58031457e-03	5.33391532e-03	3.17285303e-17	5.33391532e-03	-5.33391532e-03
1.533           	1.06689610e+00	5.28917947e-01	5.37978151e-01	9.06020398e-01	4.53776321e-01	4.52244077e-01	7.66122279e-04	-4.53010199e-03	5.33448049e-03	3.17270386e-17	5.33448049e-03	-5.33448049e-03
1.538           	1.06686029e+00	5.28948478e-01	5.37911812e-01	8.96333408e-01	4.48915466e-01	4.47417942e-01	7.48761843e-04	-4.48166704e-03	5.33430145e-03	3.17243444e-17	5.33430145e-03	-5.33430145e-03
1.543           	1.06705559e+00	5.29094646e-01	5.37960939e-01	8.86629322e-01	4.44046268e-01	4.42583053e-01	7.31607443e-04	-4.43314661e-03	5.33527793e-03	3.17212521e-17	5.33527793e-03	-5.33527793e-03
1.548           	1.06715077e+00	5.29191455e-01	5.37959310e-01	8.76785443e-01	4.39107400e-01	4.37678043e-01	7.14678422e-04	-4.38392722e-03	5.33575383e-03	3.17158174e-17	5.33575383e-03	-5.33575383e-03
1.553           	1.06699069e+00	5.29160475e-01	5.37830219e-01	8.66974422e-01	4.34185185e-01	4.32789238e-01	6.97973662e-04	-4.33487211e-03	5.33495347e-03	3.17121788e-17	5.33495347e-03	-5.33495347e-03
1.558           	1.06702188e+00	5.29225638e-01	5.37796243e-01	8.57060422e-01	4.29211711e-01	4.27848711e-01	6.81500192e-04	-4.28530211e-03	5.33510940e-03	3.17083229e-17	5.33510940e-03	-5.33510940e-03
1.563           	1.06738479e+00	5.29456676e-01	5.37928115e-01	8.47143829e-01	4.24237163e-01	4.22906666e-01	6.65248020e-04	-4.23571915e-03	5.33692395e-03	3.17072461e-17	5.33692395e-03	-5.33692395e-03
1.568           	1.06719093e+00	5.29408457e-01	5.37782468e-01	8.37401157e-01	4.19349808e-01	4.18051349e-01	6.49229702e-04	-4.18700579e-03	5.33595463e-03	3.17043678e-17	5.33595463e-03	-5.33595463e-03
1.573           	1.06665833e+00	5.29189747e-01	5.37468580e-01	8.27883304e-01	4.14575097e-01	4.13308208e-01	6.33444384e-04	-4.13941652e-03	5.33329164e-03	3.16998882e-17	5.33329164e-03	-5.33329164e-03
1.578           	1.06662089e+00	5.29219771e-01	5.37401121e-01	8.18134996e-01	4.09685393e-01	4.08449603e-01	6.17895422e-04	-4.09067498e-03	5.33310446e-03	3.16960690e-17	5.33310446e-03	-5.33310446e-03
1.583           	1.06685451e+00	5.29386388e-01	5.37468122e-01	8.08173363e-01	4.04689252e-01	4.03484111e-01	6.02570863e-04	-4.04086682e-03	5.33427255e-03	3.16918988e-17	5.33427255e-03	-5.33427255e-03
1.588           	1.06656432e+00	5.29290527e-01	5.37273793e-01	7.98326612e-01	3.99750782e-01	3.98575829e-01	5.87476472e-04	-3.99163306e-03	5.33282160e-03	3.16955296e-17	5.33282160e-03	-5.33282160e-03
1.593           	1.06630689e+00	5.29211370e-01	5.37095519e-01	7.88414869e-01	3.94780041e-01	3.93634828e-01	5.72606237e-04	-3.94207435e-03	5.33153444e-03	3.16900281e-17	5.33153444e-03	-5.33153444e-03
1.598           	1.06612068e+00	5.29167950e-01	5.36952732e-01	7.78478195e-01	3.89797055e-01	3.88681140e-01	5.57957567e-04	-3.89239097e-03	5.33060341e-03	3.16880626e-17	5.33060341e-03	-5.33060341e-03
1.603           	1.06626164e+00	5.29288427e-01	5.36973210e-01	7.68478239e-01	3.84782635e-01	3.83695603e-01	5.43515917e-04	-3.84239119e-03	5.33130819e-03	3.16822457e-17	5.33130819e-03	-5.33130819e-03
1.608           	1.06653012e+00	5.29472905e-01	5.37057214e-01	7.58430934e-01	3.79744754e-01	3.78686180e-01	5.29286765e-04	-3.79215467e-03	5.33265059e-03	3.16789361e-17	5.33265059e-03	-5.33265059e-03
1.613           	1.06632738e+00	5.29419922e-01	5.36907454e-01	7.48753180e-01	3.74891852e-01	3.73861328e-01	5.15261937e-04	-3.74376590e-03	5.33163688e-03	3.16724761e-17	5.33163688e-03	-5.33163688e-03
1.618           	1.06611035e+00	5.29359636e-01	5.36750717e-01	7.39108135e-01	3.70055510e-01	3.69052625e-01	5.01442511e-04	-3.69554068e-03	5.33055177e-03	3.16669530e-17	5.33055177e-03	-5.33055177e-03
1.623           	1.06599730e+00	5.29351863e-01	5.36645442e-01	7.29357904e-01	3.65166766e-01	3.64191138e-01	4.87814244e-04	-3.64678952e-03	5.32998652e-03	3.16673816e-17	5.32998652e-03	-5.32998652e-03
1.628           	1.06613006e+00	5.29467329e-01	5.36662730e-01	7.19540085e-01	3.60244419e-01	3.59295666e-01	4.74376775e-04	-3.59770043e-03	5.33065029e-03	3.16615360e-17	5.33065029e-03	-5.33065029e-03
1.633           	1.06589217e+00	5.29396745e-01	5.36495422e-01	7.09867703e-01	3.55394982e-01	3.54472721e-01	4.61130700e-04	-3.54933852e-03	5.32946084e-03	3.16604280e-17	5.32946084e-03	-5.32946084e-03
1.638           	1.06597666e+00	5.29489756e-01	5.36486908e-01	6.99715137e-01	3.50305621e-01	3.49409516e-01	4.48052336e-04	-3.49857568e-03	5.32988332e-03	3.16585970e-17	5.32988332e-03	-5.32988332e-03
1.643           	1.06616087e+00	5.29633143e-01	5.36527730e-01	6.89458744e-01	3.45164519e-01	3.44294225e-01	4.35147178e-04	-3.44729372e-03	5.33080436e-03	3.16611285e-17	5.33080436e-03	-5.33080436e-03
1.648           	1.06668270e+00	5.29945929e-01	5.36736771e-01	6.79084214e-01	3.39964520e-01	3.39119694e-01	4.22412883e-04	-3.39542107e-03	5.33341350e-03	3.16719806e-17	5.33341350e-03	-5.33341350e-03
1.653           	1.06650901e+00	5.29909492e-01	5.36599517e-01	6.69002551e-01	3.34911122e-01	3.34091429e-01	4.09846366e-04	-3.34501276e-03	5.33254504e-03	3.16683662e-17	5.33254504e-03	-5.33254504e-03
1.658           	1.06713736e+00	5.30276996e-01	5.36860368e-01	6.58337218e-01	3.29566052e-01	3.28771166e-01	3.97442972e-04	-3.29168609e-03	5.33568682e-03	3.16613919e-17	5.33568682e-03	-5.33568682e-03
1.663           	1.06721549e+00	5.30367300e-01	5.36848192e-01	6.48089257e-01	3.24429819e-01	3.23659439e-01	3.85189947e-04	-3.24044629e-03	5.33607746e-03	3.16609906e-17	5.33607746e-03	-5.33607746e-03
1.668           	1.06733620e+00	5.30477341e-01	5.36858863e-01	6.38152241e-01	3.19449216e-01	3.18703026e-01	3.73094807e-04	-3.19076121e-03	5.33668102e-03	3.16539425e-17	5.33668102e-03	-5.33668102e-03
1.673           	1.06750139e+00	5.30610714e-01	5.36890675e-01	6.27996104e-01	3.14359188e-01	3.13636916e-01	3.61135552e-04	-3.13998052e-03	5.33750695e-03	3.16431297e-17	5.33750695e-03	-5.33750695e-03
1.678           	1.06767579e+00	5.30751396e-01	5.36924396e-01	6.17299948e-01	3.08999291e-01	3.08300658e-01	3.49316710e-04	-3.08649974e-03	5.33837896e-03	3.16487404e-17	5.33837896e-03	-5.33837896e-03
1.683           	1.06797303e+00	5.30954305e-01	5.37018726e-01	6.06442160e-01	3.03558706e-01	3.02883454e-01	3.37625808e-04	-3.03221080e-03	5.33986515e-03	3.16425955e-17	5.33986515e-03	-5.33986515e-03
1.688           	1.06827798e+00	5.31159496e-01	5.37118486e-01	5.95899018e-01	2.98275578e-01	2.97623440e-01	3.26069446e-04	-2.97949509e-03	5.34138991e-03	3.16378579e-17	5.34138991e-03	-5.34138991e-03
1.693           	1.06804122e+00	5.31092496e-01	5.36948729e-01	5.85623304e-01	2.93126280e-01	2.92497024e-01	3.14628028e-04	-2.92811652e-03	5.34020612e-03	3.16321763e-17	5.34020612e-03	-5.34020612e-03
1.698           	1.06867985e+00	5.31468227e-01	5.37211624e-01	5.74339740e-01	2.87473173e-01	2.86866567e-01	3.03302902e-04	-2.87169870e-03	5.34339926e-03	3.16242175e-17	5.34339926e-03	-5.34339926e-03
1.703           	1.06913877e+00	5.31752938e-01	5.37385833e-01	5.63289504e-01	2.81936847e-01	2.81352657e-01	2.92094632e-04	-2.81644752e-03	5.34569385e-03	3.16309366e-17	5.34569385e-03	-5.34569385e-03
1.708           	1.06987834e+00	5.32176762e-01	5.37701573e-01	5.52481049e-01	2.76521504e-01	2.75959546e-01	2.80979093e-04	-2.76240525e-03	5.34939168e-03	3.16290418e-17	5.34939168e-03	-5.34939168e-03
1.713           	1.06932414e+00	5.31951189e-01	5.37372956e-01	5.42176642e-01	2.71358281e-01	2.70818361e-01	2.69959976e-04	-2.71088321e-03	5.34662072e-03	3.16323529e-17	5.34662072e-03	-5.34662072e-03
1.718           	1.06924622e+00	5.31965034e-01	5.37281181e-01	5.31614724e-01	2.66066384e-01	2.65548340e-01	2.59021872e-04	-2.65807362e-03	5.34623108e-03	3.16332691e-17	5.34623108e-03	-5.34623108e-03
1.723           	1.06935799e+00	5.32072740e-01	5.37285254e-01	5.21251351e-01	2.60873840e-01	2.60377511e-01	2.48164822e-04	-2.60625676e-03	5.34678997e-03	3.16391094e-17	5.34678997e-03	-5.34678997e-03
1.728           	1.06988181e+00	5.32388374e-01	5.37493441e-01	5.10506776e-01	2.55490758e-01	2.55016018e-01	2.37370225e-04	-2.55253388e-03	5.34940907e-03	3.16389632e-17	5.34940907e-03	-5.34940907e-03
1.733           	1.06993819e+00	5.32470796e-01	5.37467397e-01	4.99660085e-01	2.50056679e-01	2.49603406e-01	2.26636431e-04	-2.49830042e-03	5.34969097e-03	3.16286415e-17	5.34969097e-03	-5.34969097e-03
1.738           	1.07003353e+00	5.32570852e-01	5.37462681e-01	4.89182904e-01	2.44807416e-01	2.44375488e-01	2.15964153e-04	-2.44591452e-03	5.35016767e-03	3.16421431e-17	5.35016767e-03	-5.35016767e-03
1.743           	1.07053802e+00	5.32879119e-01	5.37658899e-01	4.77977995e-01	2.39194335e-01	2.38783660e-01	2.05337572e-04	-2.38988997e-03	5.35269009e-03	3.16436801e-17	5.35269009e-03	-5.35269009e-03
1.748           	1.07110618e+00	5.33216884e-01	5.37889294e-01	4.67241055e-01	2.33815287e-01	2.33425768e-01	1.94759622e-04	-2.33620527e-03	5.35553089e-03	3.16483499e-17	5.35553089e-03	-5.35553089e-03
1.753           	1.07115802e+00	5.33294072e-01	5.37863948e-01	4.56987643e-01	2.28678043e-01	2.28309600e-01	1.84221579e-04	-2.28493822e-03	5.35579010e-03	3.16536073e-17	5.35579010e-03	-5.35579010e-03
1.758           	1.07175669e+00	5.33647899e-01	5.38108787e-01	4.46088795e-01	2.23218101e-01	2.22870695e-01	1.73702867e-04	-2.23044398e-03	5.35878343e-03	3.16528713e-17	5.35878343e-03	-5.35878343e-03
1.763           	1.07205441e+00	5.33849709e-01	5.38204705e-01	4.35499693e-01	2.17913057e-01	2.17586635e-01	1.63210837e-04	-2.17749846e-03	5.36027207e-03	3.16487538e-17	5.36027207e-03	-5.36027207e-03
1.768           	1.07237800e+00	5.34061902e-01	5.38316096e-01	4.25419327e-01	2.12862399e-01	2.12556928e-01	1.52735956e-04	-2.12709663e-03	5.36188999e-03	3.16473980e-17	5.36188999e-03	-5.36188999e-03
1.773           	1.07204056e+00	5.33942788e-01	5.38097776e-01	4.15498745e-01	2.07891645e-01	2.07607100e-01	1.42272853e-04	-2.07749372e-03	5.36020282e-03	3.16473994e-17	5.36020282e-03	-5.36020282e-03
1.778           	1.07237381e+00	5.34159967e-01	5.38213839e-01	4.05387278e-01	2.02825455e-01	2.02561823e-01	1.31816119e-04	-2.02693639e-03	5.36186903e-03	3.16466902e-17	5.36186903e-03	-5.36186903e-03
1.783           	1.07310766e+00	5.34582536e-01	5.38525127e-01	3.94259165e-01	1.97250944e-01	1.97008221e-01	1.21361743e-04	-1.97129583e-03	5.36553831e-03	3.16448615e-17	5.36553831e-03	-5.36553831e-03
1.788           	1.07394146e+00	5.35050408e-01	5.38891049e-01	3.84064130e-01	1.92142981e-01	1.91921148e-01	1.10916526e-04	-1.92032065e-03	5.36970729e-03	3.16394592e-17	5.36970729e-03	-5.36970729e-03
1.793           	1.07436005e+00	5.35308659e-01	5.39051392e-01	3.74273351e-01	1.87237134e-01	1.87036217e-01	1.00458834e-04	-1.87136675e-03	5.37180026e-03	3.16365132e-17	5.37180026e-03	-5.37180026e-03
1.798           	1.07505938e+00	5.35709018e-01	5.39350366e-01	3.64134882e-01	1.82157438e-01	1.81977444e-01	8.99968707e-05	-1.82067441e-03	5.37529692e-03	3.16142854e-17	5.37529692e-03	-5.37529692e-03
1.803           	1.07492332e+00	5.35689699e-01	5.39233619e-01	3.54391952e-01	1.77275488e-01	1.77116463e-01	7.95125430e-05	-1.77195976e-03	5.37461659e-03	3.16081689e-17	5.37461659e-03	-5.37461659e-03
1.808           	1.07575827e+00	5.36159303e-01	5.39598972e-01	3.43966873e-01	1.72052459e-01	1.71914415e-01	6.90221091e-05	-1.71983437e-03	5.37879137e-03	3.16057721e-17	5.37879137e-03	-5.37879137e-03
1.813           	1.07688055e+00	5.36775820e-01	5.40104727e-01	3.32890745e-01	1.66503882e-01	1.66386862e-01	5.85097712e-05	-1.66445372e-03	5.38440273e-03	3.16022043e-17	5.38440273e-03	-5.38440273e-03
1.818           	1.07783813e+00	5.37306133e-01	5.40531997e-01	3.22586370e-01	1.61341171e-01	1.61245200e-01	4.79856528e-05	-1.61293185e-03	5.38919065e-03	3.15992478e-17	5.38919065e-03	-5.38919065e-03
1.823           	1.07801052e+00	5.37438758e-01	5.40571757e-01	3.13299943e-01	1.56687425e-01	1.56612518e-01	3.74537483e-05	-1.56649972e-03	5.39005258e-03	3.15916813e-17	5.39005258e-03	-5.39005258e-03
1.828           	1.07808155e+00	5.37520901e-01	5.40560653e-01	3.03975178e-01	1.52014492e-01	1.51960686e-01	2.69028206e-05	-1.51987589e-03	5.39040777e-03	3.15911922e-17	5.39040777e-03	-5.39040777e-03
1.833           	1.07885728e+00	5.37959196e-01	5.40898080e-01	2.93888465e-01	1.46960566e-01	1.46927899e-01	1.63333007e-05	-1.46944233e-03	5.39428638e-03	3.15875454e-17	5.39428638e-03	-5.39428638e-03
1.838           	1.07944975e+00	5.38304120e-01	5.41145629e-01	2.84150920e-01	1.42081203e-01	1.42069717e-01	5.74257942e-06	-1.42075460e-03	5.39724874e-03	3.15909851e-17	5.39724874e-03	-5.39724874e-03
1.843           	1.07991796e+00	5.38586687e-01	5.41331274e-01	2.74458737e-01	1.37224497e-01	1.37234240e-01	-4.87158590e-06	-1.37229368e-03	5.39958980e-03	3.16044867e-17	5.39958980e-03	-5.39958980e-03
1.848           	1.07998280e+00	5.38662652e-01	5.41320149e-01	2.65749659e-01	1.32859340e-01	1.32890319e-01	-1.54897412e-05	-1.32874830e-03	5.39991400e-03	3.16024374e-17	5.39991400e-03	-5.39991400e-03
1.853           	1.08019538e+00	5.38813951e-01	5.41381433e-01	2.56748237e-01	1.28347998e-01	1.28400239e-01	-2.61202007e-05	-1.28374118e-03	5.40097692e-03	3.16018209e-17	5.40097692e-03	-5.40097692e-03
1.858           	1.08033934e+00	5.38928696e-01	5.41410640e-01	2.48194394e-01	1.24060448e-01	1.24133946e-01	-3.67486231e-05	-1.24097197e-03	5.40169668e-03	3.15921364e-17	5.40169668e-03	-5.40169668e-03
1.863           	1.08027669e+00	5.38941252e-01	5.41335439e-01	2.39418789e-01	1.19662006e-01	1.19756784e-01	-4.73891596e-05	-1.19709395e-03	5.40138345e-03	3.15964572e-17	5.40138345e-03	-5.40138345e-03
1.868           	1.07966473e+00	5.38677085e-01	5.40987649e-01	2.31056362e-01	1.15470148e-01	1.15586215e-01	-5.80334434e-05	-1.15528181e-03	5.39832367e-03	3.15900325e-17	5.39832367e-03	-5.39832367e-03
1.873           	1.07931486e+00	5.38545403e-01	5.40769461e-01	2.22405787e-01	1.11134224e-01	1.11271563e-01	-6.86697373e-05	-1.11202894e-03	5.39657432e-03	3.15896420e-17	5.39657432e-03	-5.39657432e-03
1.878           	1.07876339e+00	5.38310174e-01	5.40453216e-01	2.14304212e-01	1.07072807e-01	1.07231405e-01	-7.92994591e-05	-1.07152106e-03	5.39381695e-03	3.15869748e-17	5.39381695e-03	-5.39381695e-03
1.883           	1.07861154e+00	5.38273878e-01	5.40337666e-01	2.06378761e-01	1.03099467e-01	1.03279294e-01	-8.99132164e-05	-1.03189380e-03	5.39305772e-03	3.15850663e-17	5.39305772e-03	-5.39305772e-03
1.888           	1.07832771e+00	5.38170829e-01	5.40156885e-01	1.98605605e-01	9.92022855e-02	9.94033194e-02	-1.00516933e-04	-9.93028025e-04	5.39163857e-03	3.15857825e-17	5.39163857e-03	-5.39163857e-03
1.893           	1.07769360e+00	5.37891575e-01	5.39802021e-01	1.91044676e-01	9.54112350e-02	9.56334406e-02	-1.11102836e-04	-9.55223378e-04	5.38846798e-03	3.15881653e-17	5.38846798e-03	-5.38846798e-03
1.898           	1.07715001e+00	5.37659637e-01	5.39490375e-01	1.83073788e-01	9.14152212e-02	9.16585673e-02	-1.21673072e-04	-9.15368942e-04	5.38575006e-03	3.15834444e-17	5.38575006e-03	-5.38575006e-03
1.903           	1.07708095e+00	5.37661727e-01	5.39419220e-01	1.75749303e-01	8.77424364e-02	8.80068663e-02	-1.32214948e-04	-8.78746514e-04	5.38540474e-03	3.15753244e-17	5.38540474e-03	-5.38540474e-03
1.908           	1.07633216e+00	5.37320378e-01	5.39011783e-01	1.69140482e-01	8.44274999e-02	8.47129825e-02	-1.42741317e-04	-8.45702412e-04	5.38166081e-03	3.15712025e-17	5.38166081e-03	-5.38166081e-03
1.913           	1.07535899e+00	5.36865395e-01	5.38493592e-01	1.62819667e-01	8.12565855e-02	8.15630815e-02	-1.53248008e-04	-8.14098335e-04	5.37679494e-03	3.15650590e-17	5.37679494e-03	-5.37679494e-03
1.918           	1.07438585e+00	5.36412554e-01	5.37973293e-01	1.56073897e-01	7.78732172e-02	7.82006802e-02	-1.63731477e-04	-7.80369487e-04	5.37192924e-03	3.15620040e-17	5.37192924e-03	-5.37192924e-03
1.923           	1.07390880e+00	5.36209844e-01	5.37698959e-01	1.48911421e-01	7.42815261e-02	7.46298946e-02	-1.74184253e-04	-7.44557103e-04	5.36954402e-03	3.15611397e-17	5.36954402e-03	-5.36954402e-03
1.928           	1.07387547e+00	5.36227534e-01	5.37647936e-01	1.42040209e-01	7.08354910e-02	7.12047184e-02	-1.84613705e-04	-7.10201047e-04	5.36937735e-03	3.15589773e-17	5.36937735e-03	-5.36937735e-03
1.933           	1.07344719e+00	5.36046658e-01	5.37400533e-01	1.35387474e-01	6.74987159e-02	6.78887578e-02	-1.95020938e-04	-6.76937369e-04	5.36723595e-03	3.15530281e-17	5.36723595e-03	-5.36723595e-03
1.938           	1.07362791e+00	5.36172537e-01	5.37455369e-01	1.28283222e-01	6.39362093e-02	6.43470123e-02	-2.05401487e-04	-6.41416108e-04	5.36813953e-03	3.15483858e-17	5.36813953e-03	-5.36813953e-03
1.943           	1.07327904e+00	5.36031466e-01	5.37247579e-01	1.21611261e-01	6.05898788e-02	6.10213826e-02	-2.15751875e-04	-6.08056307e-04	5.36639522e-03	3.15499596e-17	5.36639522e-03	-5.36639522e-03
1.948           	1.07272251e+00	5.35786269e-01	5.36936239e-01	1.14996967e-01	5.72724095e-02	5.77245576e-02	-2.26074067e-04	-5.74984835e-04	5.36361254e-03	3.15485334e-17	5.36361254e-03	-5.36361254e-03
1.953           	1.07279966e+00	5.35860964e-01	5.36938696e-01	1.07773166e-01	5.36502163e-02	5.41229498e-02	-2.36366757e-04	-5.38865831e-04	5.36399830e-03	3.15404314e-17	5.36399830e-03	-5.36399830e-03
1.958           	1.07335627e+00	5.36176350e-01	5.37179917e-01	1.00356750e-01	4.99317454e-02	5.04250047e-02	-2.46629640e-04	-5.01783751e-04	5.36678133e-03	3.15430716e-17	5.36678133e-03	-5.36678133e-03
1.963           	1.07390156e+00	5.36485758e-01	5.37415803e-01	9.30044484e-02	4.62453608e-02	4.67590876e-02	-2.56863373e-04	-4.65022242e-04	5.36950781e-03	3.15403708e-17	5.36950781e-03	-5.36950781e-03
1.968           	1.07453761e+00	5.36840859e-01	5.37696754e-01	8.55894395e-02	4.25276488e-02	4.30617907e-02	-2.67070927e-04	-4.27947197e-04	5.37268806e-03	3.15460135e-17	5.37268806e-03	-5.37268806e-03
1.973           	1.07478128e+00	5.36998696e-01	5.37782586e-01	7.83890766e-02	3.89172923e-02	3.94717842e-02	-2.77245953e-04	-3.91945383e-04	5.37390641e-03	3.15441378e-17	5.37390641e-03	-5.37390641e-03
1.978           	1.07457567e+00	5.36930147e-01	5.37645523e-01	7.15375982e-02	3.54814074e-02	3.60561908e-02	-2.87391701e-04	-3.57687991e-04	5.37287835e-03	3.15445362e-17	5.37287835e-03	-5.37287835e-03
1.983           	1.07539256e+00	5.37377021e-01	5.38015534e-01	6.38512911e-02	3.16281353e-02	3.22231557e-02	-2.97510191e-04	-3.19256455e-04	5.37696278e-03	3.15428233e-17	5.37696278e-03	-5.37696278e-03
1.988           	1.07655741e+00	5.37997085e-01	5.38560325e-01	5.63240195e-02	2.78544089e-02	2.84696107e-02	-3.07600903e-04	-2.81620098e-04	5.38278705e-03	3.15407111e-17	5.38278705e-03	-5.38278705e-03
1.993           	1.07733082e+00	5.38420185e-01	5.38910630e-01	4.90444874e-02	2.42045800e-02	2.48399074e-02	-3.17663691e-04	-2.45222437e-04	5.38665408e-03	3.15366412e-17	5.38665408e-03	-5.38665408e-03
1.998           	1.07752529e+00	5.38550810e-01	5.38974476e-01	4.23666754e-02	2.08556296e-02	2.15110457e-02	-3.27708045e-04	-2.11833377e-04	5.38762643e-03	3.15385432e-17	5.38762643e-03	-5.38762643e-03
2.003           	1.07761099e+00	5.38628392e-01	5.38982598e-01	3.54205988e-02	1.73725632e-02	1.80480356e-02	-3.37736177e-04	-1.77102994e-04	5.38805495e-03	3.15371906e-17	5.38805495e-03	-5.38805495e-03
2.008           	1.07791158e+00	5.38813938e-01	5.39097645e-01	2.83707691e-02	1.38376411e-02	1.45331280e-02	-3.47743461e-04	-1.41853845e-04	5.38955792e-03	3.15458620e-17	5.38955792e-03	-5.38955792e-03
2.013           	1.07866482e+00	5.39225578e-01	5.39439242e-01	2.13663633e-02	1.03254487e-02	1.10409146e-02	-3.57732954e-04	-1.06831816e-04	5.39332410e-03	3.15441968e-17	5.39332410e-03	-5.39332410e-03
2.018           	1.08028781e+00	5.40075491e-01	5.40212317e-01	1.36826344e-02	6.47360628e-03	7.20902812e-03	-3.67710917e-04	-6.84131720e-05	5.40143904e-03	3.15111329e-17	5.40143904e-03	-5.40143904e-03
2.023           	1.08140820e+00	5.40672988e-01	5.40735213e-01	6.22252817e-03	2.73358020e-03	3.48894797e-03	-3.77683887e-04	-3.11126408e-05	5.40704101e-03	3.15040159e-17	5.40704101e-03	-5.40704101e-03
2.028           	1.08176277e+00	5.40883275e-01	5.40879495e-01	-3.78023580e-04	-5.76659745e-04	1.98636164e-04	-3.87647955e-04	1.89011790e-06	5.40881385e-03	3.15036923e-17	5.40881385e-03	-5.40881385e-03
2.033           	1.08283149e+00	5.41454404e-01	5.41377088e-01	-7.73163635e-03	-4.26342527e-03	-3.46821108e-03	-3.97607099e-04	3.86581817e-05	5.41415746e-03	3.15008207e-17	5.41415746e-03	-5.41415746e-03
2.038           	1.08404200e+00	5.42097650e-01	5.41944352e-01	-1.53298340e-02	-8.07247607e-03	-7.25735790e-03	-4.07559085e-04	7.66491699e-05	5.42021001e-03	3.14933241e-17	5.42021001e-03	-5.42021001e-03
2.043           	1.08544831e+00	5.42839695e-01	5.42608614e-01	-2.31080985e-02	-1.19715566e-02	-1.11365418e-02	-4.17507387e-04	1.15540492e-04	5.42724154e-03	3.14897131e-17	5.42724154e-03	-5.42724154e-03
2.048           	1.08659770e+00	5.43450860e-01	5.43146839e-01	-3.04021503e-02	-1.56285281e-02	-1.47736222e-02	-4.27452965e-04	1.52010752e-04	5.43298850e-03	3.14848122e-17	5.43298850e-03	-5.43298850e-03
2.053           	1.08833563e+00	5.44358295e-01	5.43977339e-01	-3.80955165e-02	-1.94851607e-02	-1.86103558e-02	-4.37402468e-04	1.90477582e-04	5.44167817e-03	3.14807076e-17	5.44167817e-03	-5.44167817e-03
2.058           	1.08908871e+00	5.44769867e-01	5.44318843e-01	-4.51024400e-02	-2.29985718e-02	-2.21038681e-02	-4.47351848e-04	2.25512200e-04	5.44544355e-03	3.14698723e-17	5.44544355e-03	-5.44544355e-03
2.063           	1.09025974e+00	5.45392542e-01	5.44867200e-01	-5.25341987e-02	-2.67244054e-02	-2.58097932e-02	-4.57306096e-04	2.62670993e-04	5.45129871e-03	3.14677629e-17	5.45129871e-03	-5.45129871e-03
2.068           	1.09116298e+00	5.45881229e-01	5.45281751e-01	-5.99478353e-02	-3.04411852e-02	-2.95066501e-02	-4.67267513e-04	2.99739177e-04	5.45581490e-03	3.14647075e-17	5.45581490e-03	-5.45581490e-03
2.073           	1.09215059e+00	5.46413522e-01	5.45737071e-01	-6.76450788e-02	-3.42997798e-02	-3.33452990e-02	-4.77240373e-04	3.38225394e-04	5.46075297e-03	3.14711792e-17	5.46075297e-03	-5.46075297e-03
2.078           	1.09356749e+00	5.47161081e-01	5.46406410e-01	-7.54670783e-02	-3.82207598e-02	-3.72463185e-02	-4.87220679e-04	3.77335392e-04	5.46783746e-03	3.14676651e-17	5.46783746e-03	-5.46783746e-03
2.083           	1.09472131e+00	5.47775291e-01	5.46946017e-01	-8.29274065e-02	-4.19609153e-02	-4.09664912e-02	-4.97212058e-04	4.14637033e-04	5.47360654e-03	3.14667627e-17	5.47360654e-03	-5.47360654e-03
2.088           	1.09598862e+00	5.48446174e-01	5.47542446e-01	-9.03728196e-02	-4.56936249e-02	-4.46791946e-02	-5.07215128e-04	4.51864098e-04	5.47994310e-03	3.14563511e-17	5.47994310e-03	-5.47994310e-03
2.093           	1.09695673e+00	5.48966842e-01	5.47989890e-01	-9.76951795e-02	-4.93648242e-02	-4.83303553e-02	-5.17234443e-04	4.88475898e-04	5.48478366e-03	3.14600167e-17	5.48478366e-03	-5.48478366e-03
2.098           	1.09851752e+00	5.49786516e-01	5.48731005e-01	-1.05551111e-01	-5.33028206e-02	-5.22482900e-02	-5.27265263e-04	5.27755553e-04	5.49258761e-03	3.14593829e-17	5.49258761e-03	-5.49258761e-03
2.103           	1.10034189e+00	5.50738736e-01	5.49603157e-01	-1.13557932e-01	-5.73162750e-02	-5.62416570e-02	-5.37308993e-04	5.67789660e-04	5.50170946e-03	3.14565322e-17	5.50170946e-03	-5.50170946e-03
2.108           	1.10206211e+00	5.51636994e-01	5.50425111e-01	-1.21188255e-01	-6.11414916e-02	-6.00467630e-02	-5.47364304e-04	6.05941273e-04	5.51031053e-03	3.14519254e-17	5.51031053e-03	-5.51031053e-03
2.113           	1.10398414e+00	5.52637975e-01	5.51346170e-01	-1.29180518e-01	-6.51476965e-02	-6.40328219e-02	-5.57437263e-04	6.45902592e-04	5.51992072e-03	3.14646453e-17	5.51992072e-03	-5.51992072e-03
2.118           	1.10552404e+00	5.53443685e-01	5.52080351e-01	-1.36333414e-01	-6.87342331e-02	-6.75991814e-02	-5.67525855e-04	6.81667072e-04	5.52762018e-03	3.14656592e-17	5.52762018e-03	-5.52762018e-03
2.123           	1.10679990e+00	5.54119867e-01	5.52680032e-01	-1.43983461e-01	-7.25693677e-02	-7.14140931e-02	-5.77637252e-04	7.19917304e-04	5.53399949e-03	3.14474022e-17	5.53399949e-03	-5.53399949e-03
2.128           	1.10838968e+00	5.54950786e-01	5.53438895e-01	-1.51189130e-01	-7.61823288e-02	-7.50068014e-02	-5.87763735e-04	7.55945651e-04	5.54194841e-03	3.14447020e-17	5.54194841e-03	-5.54194841e-03
2.133           	1.10976209e+00	5.55673222e-01	5.54088865e-01	-1.58435676e-01	-7.98157507e-02	-7.86199258e-02	-5.97912448e-04	7.92178382e-04	5.54881043e-03	3.14419362e-17	5.54881043e-03	-5.54881043e-03
2.138           	1.11226888e+00	5.56967476e-01	5.55301401e-01	-1.66607491e-01	-8.39118215e-02	-8.26956696e-02	-6.08075965e-04	8.33037455e-04	5.56134438e-03	3.14383873e-17	5.56134438e-03	-5.56134438e-03
2.143           	1.11430833e+00	5.58025616e-01	5.56282716e-01	-1.74290041e-01	-8.77632774e-02	-8.65267641e-02	-6.18256639e-04	8.71450207e-04	5.57154166e-03	3.14280351e-17	5.57154166e-03	-5.57154166e-03
2.148           	1.11609209e+00	5.58955163e-01	5.57136923e-01	-1.81824005e-01	-9.15404554e-02	-9.02835496e-02	-6.28452927e-04	9.09120025e-04	5.58046043e-03	3.14235917e-17	5.58046043e-03	-5.58046043e-03
2.153           	1.11816515e+00	5.60029404e-01	5.58135746e-01	-1.89365770e-01	-9.53215592e-02	-9.40442104e-02	-6.38674399e-04	9.46828848e-04	5.59082575e-03	3.14200019e-17	5.59082575e-03	-5.59082575e-03
2.158           	1.12002969e+00	5.60998443e-01	5.59031248e-01	-1.96719490e-01	-9.90086664e-02	-9.77108237e-02	-6.48921330e-04	9.83597451e-04	5.60014845e-03	3.14168353e-17	5.60014845e-03	-5.60014845e-03
2.163           	1.12196165e+00	5.61999376e-01	5.59962274e-01	-2.03710187e-01	-1.02514289e-01	-1.01195898e-01	-6.59195660e-04	1.01855093e-03	5.60980825e-03	3.14059290e-17	5.60980825e-03	-5.60980825e-03
2.168           	1.12465198e+00	5.63382246e-01	5.61269734e-01	-2.11251131e-01	-1.06295062e-01	-1.04956069e-01	-6.69496567e-04	1.05625566e-03	5.62325990e-03	3.13998657e-17	5.62325990e-03	-5.62325990e-03
2.173           	1.12710051e+00	5.64643957e-01	5.62456554e-01	-2.18740334e-01	-1.10049993e-01	-1.08690341e-01	-6.79825651e-04	1.09370167e-03	5.63550256e-03	3.13961166e-17	5.63550256e-03	-5.63550256e-03
2.178           	1.12875083e+00	5.65502745e-01	5.63248089e-01	-2.25465613e-01	-1.13422985e-01	-1.12042628e-01	-6.90178334e-04	1.12732806e-03	5.64375417e-03	3.13960998e-17	5.64375417e-03	-5.64375417e-03
2.183           	1.13034198e+00	5.66331787e-01	5.64010189e-01	-2.32159816e-01	-1.16780472e-01	-1.15379344e-01	-7.00563547e-04	1.16079908e-03	5.65170988e-03	3.13876259e-17	5.65170988e-03	-5.65170988e-03
2.188           	1.13248903e+00	5.67442039e-01	5.65046987e-01	-2.39505148e-01	-1.20463546e-01	-1.19041602e-01	-7.10971833e-04	1.19752574e-03	5.66244513e-03	3.13980538e-17	5.66244513e-03	-5.66244513e-03
2.193           	1.13478621e+00	5.68627230e-01	5.66158984e-01	-2.46824584e-01	-1.24133701e-01	-1.22690883e-01	-7.21408901e-04	1.23412292e-03	5.67393107e-03	3.13779679e-17	5.67393107e-03	-5.67393107e-03
2.198           	1.13704933e+00	5.69794520e-01	5.67254809e-01	-2.53971177e-01	-1.27717448e-01	-1.26253729e-01	-7.31859264e-04	1.26985589e-03	5.68524665e-03	3.13994312e-17	5.68524665e-03	-5.68524665e-03
2.203           	1.13913865e+00	5.70875382e-01	5.68263269e-01	-2.61211249e-01	-1.31347961e-01	-1.29863289e-01	-7.42336016e-04	1.30605625e-03	5.69569326e-03	3.13846570e-17	5.69569326e-03	-5.69569326e-03
2.208           	1.14108126e+00	5.71880686e-01	5.69200577e-01	-2.68010854e-01	-1.34758250e-01	-1.33252604e-01	-7.52822810e-04	1.34005427e-03	5.70540631e-03	3.13978835e-17	5.70540631e-03	-5.70540631e-03
2.213           	1.14260894e+00	5.72678374e-01	5.69930569e-01	-2.74780519e-01	-1.38153589e-01	-1.36626930e-01	-7.63329256e-04	1.37390260e-03	5.71304471e-03	3.13854842e-17	5.71304471e-03	-5.71304471e-03
2.218           	1.14457866e+00	5.73697972e-01	5.70880688e-01	-2.81728474e-01	-1.41638083e-01	-1.40090391e-01	-7.73845727e-04	1.40864237e-03	5.72289330e-03	3.13854618e-17	5.72289330e-03	-5.72289330e-03
2.223           	1.14702522e+00	5.74960063e-01	5.72065156e-01	-2.89490654e-01	-1.45529697e-01	-1.43960957e-01	-7.84370274e-04	1.44745327e-03	5.73512610e-03	3.13804960e-17	5.73512610e-03	-5.73512610e-03
2.228           	1.14965229e+00	5.76309736e-01	5.73342553e-01	-2.96718341e-01	-1.49154071e-01	-1.47564270e-01	-7.94900791e-04	1.48359170e-03	5.74826144e-03	3.13786378e-17	5.74826144e-03	-5.74826144e-03
2.233           	1.15211634e+00	5.77577022e-01	5.74539320e-01	-3.03770209e-01	-1.52690550e-01	-1.51079659e-01	-8.05445377e-04	1.51885104e-03	5.76058171e-03	3.13815500e-17	5.76058171e-03	-5.76058171e-03
2.238           	1.15485947e+00	5.78987128e-01	5.75872344e-01	-3.11478400e-01	-1.56555201e-01	-1.54923200e-01	-8.16000552e-04	1.55739200e-03	5.77429736e-03	3.13872489e-17	5.77429736e-03	-5.77429736e-03
2.243           	1.15726021e+00	5.80223666e-01	5.77036542e-01	-3.18712351e-01	-1.60182743e-01	-1.58529609e-01	-8.26566966e-04	1.59356176e-03	5.78630104e-03	3.13832086e-17	5.78630104e-03	-5.78630104e-03
2.248           	1.15948196e+00	5.81371571e-01	5.78110385e-01	-3.26118601e-01	-1.63896441e-01	-1.62222160e-01	-8.37140318e-04	1.63059300e-03	5.79740978e-03	3.13891455e-17	5.79740978e-03	-5.79740978e-03
2.253           	1.16209038e+00	5.82714409e-01	5.79375974e-01	-3.33843554e-01	-1.67769497e-01	-1.66074057e-01	-8.47719820e-04	1.66921777e-03	5.81045192e-03	3.13805025e-17	5.81045192e-03	-5.81045192e-03
2.258           	1.16486685e+00	5.84141480e-01	5.80725367e-01	-3.41611232e-01	-1.71663915e-01	-1.69947316e-01	-8.58299635e-04	1.70805616e-03	5.82433423e-03	3.13750768e-17	5.82433423e-03	-5.82433423e-03
2.263           	1.16756329e+00	5.85528858e-01	5.82034434e-01	-3.49442399e-01	-1.75590082e-01	-1.73852317e-01	-8.68882138e-04	1.74721199e-03	5.83781646e-03	3.13872420e-17	5.83781646e-03	-5.83781646e-03
2.268           	1.17003763e+00	5.86803611e-01	5.83234019e-01	-3.56959204e-01	-1.79359063e-01	-1.77600140e-01	-8.79461490e-04	1.78479602e-03	5.85018815e-03	3.13799685e-17	5.85018815e-03	-5.85018815e-03
2.273           	1.17286679e+00	5.88257711e-01	5.84609077e-01	-3.64863434e-01	-1.83321759e-01	-1.81541674e-01	-8.90042377e-04	1.82431717e-03	5.86433394e-03	3.13765245e-17	5.86433394e-03	-5.86433394e-03
2.278           	1.17584292e+00	5.89785832e-01	5.86057092e-01	-3.72873966e-01	-1.87337604e-01	-1.85536361e-01	-9.00621610e-04	1.86436983e-03	5.87921462e-03	3.13671475e-17	5.87921462e-03	-5.87921462e-03
2.283           	1.17900144e+00	5.91405413e-01	5.87596023e-01	-3.80938951e-01	-1.91380677e-01	-1.89558274e-01	-9.11201764e-04	1.90469475e-03	5.89500718e-03	3.13714367e-17	5.89500718e-03	-5.89500718e-03
2.288           	1.18186740e+00	5.92878794e-01	5.88988605e-01	-3.89018967e-01	-1.95431261e-01	-1.93587706e-01	-9.21777597e-04	1.94509483e-03	5.90933699e-03	3.13683907e-17	5.90933699e-03	-5.90933699e-03
2.293           	1.18494585e+00	5.94457684e-01	5.90488161e-01	-3.96952292e-01	-1.99408494e-01	-1.97543798e-01	-9.32347776e-04	1.98476146e-03	5.92472923e-03	3.13653693e-17	5.92472923e-03	-5.92472923e-03
2.298           	1.18820680e+00	5.96128472e-01	5.92078326e-01	-4.05014580e-01	-2.03450196e-01	-2.01564385e-01	-9.42905606e-04	2.02507290e-03	5.94103399e-03	3.13612140e-17	5.94103399e-03	-5.94103399e-03
2.303           	1.19146524e+00	5.97797939e-01	5.93667302e-01	-4.13063758e-01	-2.07485332e-01	-2.05578426e-01	-9.53453084e-04	2.06531879e-03	5.95732621e-03	3.13563634e-17	5.95732621e-03	-5.95732621e-03
2.308           	1.19423242e+00	5.99220472e-01	5.95011949e-01	-4.20852255e-01	-2.11390118e-01	-2.09462137e-01	-9.63990726e-04	2.10426127e-03	5.97116211e-03	3.13533897e-17	5.97116211e-03	-5.97116211e-03
2.313           	1.19700048e+00	6.00642822e-01	5.96357657e-01	-4.28516515e-01	-2.15232783e-01	-2.13283732e-01	-9.74525542e-04	2.14258258e-03	5.98500240e-03	3.13497793e-17	5.98500240e-03	-5.98500240e-03
2.318           	1.20023963e+00	6.02302712e-01	5.97936920e-01	-4.36579174e-01	-2.19274642e-01	-2.17304531e-01	-9.85055634e-04	2.18289587e-03	6.00119816e-03	3.13467622e-17	6.00119816e-03	-6.00119816e-03
2.323           	1.20371284e+00	6.04079286e-01	5.99633551e-01	-4.44573563e-01	-2.23282363e-01	-2.21291200e-01	-9.95581679e-04	2.22286781e-03	6.01856418e-03	3.13425796e-17	6.01856418e-03	-6.01856418e-03
2.328           	1.20714841e+00	6.05836564e-01	6.01311845e-01	-4.52471936e-01	-2.27242067e-01	-2.25229869e-01	-1.00609904e-03	2.26235968e-03	6.03574204e-03	3.13397389e-17	6.03574204e-03	-6.03574204e-03
2.333           	1.21053254e+00	6.07568000e-01	6.02964540e-01	-4.60345965e-01	-2.31189591e-01	-2.29156374e-01	-1.01660851e-03	2.30172982e-03	6.05266270e-03	3.13361480e-17	6.05266270e-03	-6.05266270e-03
2.338           	1.21303768e+00	6.08858536e-01	6.04179140e-01	-4.67939571e-01	-2.34996892e-01	-2.32942680e-01	-1.02710590e-03	2.33969786e-03	6.06518838e-03	3.13329915e-17	6.06518838e-03	-6.06518838e-03
2.343           	1.21621971e+00	6.10489071e-01	6.05730644e-01	-4.75842724e-01	-2.38958957e-01	-2.36883767e-01	-1.03759517e-03	2.37921362e-03	6.08109857e-03	3.13296095e-17	6.08109857e-03	-6.08109857e-03
2.348           	1.21945456e+00	6.12145433e-01	6.07309127e-01	-4.83630678e-01	-2.42863411e-01	-2.40767268e-01	-1.04807151e-03	2.41815339e-03	6.09727280e-03	3.13266580e-17	6.09727280e-03	-6.09727280e-03
2.353           	1.22269468e+00	6.13804200e-01	6.08890483e-01	-4.91371754e-01	-2.46744413e-01	-2.44627341e-01	-1.05853570e-03	2.45685877e-03	6.11347342e-03	3.13208506e-17	6.11347342e-03	-6.11347342e-03
2.358           	1.22625283e+00	6.15622710e-01	6.10630123e-01	-4.99258715e-01	-2.50698330e-01	-2.48560385e-01	-1.06897244e-03	2.49629357e-03	6.13126417e-03	3.13172317e-17	6.13126417e-03	-6.13126417e-03
2.363           	1.23001476e+00	6.17542074e-01	6.12472684e-01	-5.06938953e-01	-2.54548861e-01	-2.52390092e-01	-1.07938450e-03	2.53469476e-03	6.15007379e-03	3.13124564e-17	6.15007379e-03	-6.15007379e-03
2.368           	1.23362705e+00	6.19386848e-01	6.14240206e-01	-5.14664115e-01	-2.58421831e-01	-2.56242284e-01	-1.08977314e-03	2.57332057e-03	6.16813527e-03	3.13033642e-17	6.16813527e-03	-6.16813527e-03
2.373           	1.23695607e+00	6.21089509e-01	6.15866557e-01	-5.22295183e-01	-2.62247734e-01	-2.60047449e-01	-1.10014243e-03	2.61147592e-03	6.18478033e-03	3.13064238e-17	6.18478033e-03	-6.18478033e-03
2.378           	1.24048585e+00	6.22892122e-01	6.17593731e-01	-5.29839100e-01	-2.66030038e-01	-2.63809062e-01	-1.11048804e-03	2.64919550e-03	6.20242926e-03	3.13038610e-17	6.20242926e-03	-6.20242926e-03
2.383           	1.24397188e+00	6.24672115e-01	6.19299762e-01	-5.37235267e-01	-2.69738445e-01	-2.67496821e-01	-1.12081194e-03	2.68617633e-03	6.21985939e-03	3.13039089e-17	6.21985939e-03	-6.21985939e-03
2.388           	1.24822923e+00	6.26840311e-01	6.21388923e-01	-5.45138839e-01	-2.73700527e-01	-2.71438312e-01	-1.13110749e-03	2.72569420e-03	6.24114617e-03	3.12979704e-17	6.24114617e-03	-6.24114617e-03
2.393           	1.25208000e+00	6.28804282e-01	6.23275722e-01	-5.52856035e-01	-2.77569390e-01	-2.75286645e-01	-1.14137246e-03	2.76428017e-03	6.26040002e-03	3.12890504e-17	6.26040002e-03	-6.26040002e-03
2.398           	1.25608233e+00	6.30843419e-01	6.25238908e-01	-5.60451100e-01	-2.81377151e-01	-2.79073949e-01	-1.15160069e-03	2.80225550e-03	6.28041164e-03	3.12765368e-17	6.28041164e-03	-6.28041164e-03
2.403           	1.26013147e+00	6.32904864e-01	6.27226601e-01	-5.67826337e-01	-2.85074963e-01	-2.82751375e-01	-1.16179405e-03	2.83913169e-03	6.30065733e-03	3.12735223e-17	6.30065733e-03	-6.30065733e-03
2.408           	1.26449076e+00	6.35122473e-01	6.29368290e-01	-5.75418257e-01	-2.88881078e-01	-2.86537179e-01	-1.17194959e-03	2.87709128e-03	6.32245381e-03	3.12779992e-17	6.32245381e-03	-6.32245381e-03
2.413           	1.26858893e+00	6.37206826e-01	6.31382105e-01	-5.82472053e-01	-2.92418092e-01	-2.90053961e-01	-1.18206574e-03	2.91236027e-03	6.34294466e-03	3.12701936e-17	6.34294466e-03	-6.34294466e-03
2.418           	1.27247381e+00	6.39185076e-01	6.33288732e-01	-5.89634475e-01	-2.96009378e-01	-2.93625097e-01	-1.19214065e-03	2.94817238e-03	6.36236904e-03	3.12566138e-17	6.36236904e-03	-6.36236904e-03
2.423           	1.27676499e+00	6.41367651e-01	6.35397343e-01	-5.97030820e-01	-2.99717570e-01	-2.97313250e-01	-1.20216023e-03	2.98515410e-03	6.38382497e-03	3.12515792e-17	6.38382497e-03	-6.38382497e-03
2.428           	1.28115969e+00	6.43602200e-01	6.37557495e-01	-6.04470529e-01	-3.03447386e-01	-3.01023143e-01	-1.21212181e-03	3.02235265e-03	6.40579847e-03	3.12483130e-17	6.40579847e-03	-6.40579847e-03
2.433           	1.28563473e+00	6.45876057e-01	6.39758673e-01	-6.11738436e-01	-3.07091249e-01	-3.04647186e-01	-1.22203153e-03	3.05869218e-03	6.42817365e-03	3.12398806e-17	6.42817365e-03	-6.42817365e-03
2.438           	1.28970235e+00	6.47944431e-01	6.41757921e-01	-6.18651059e-01	-3.10557416e-01	-3.08093643e-01	-1.23188686e-03	3.09325529e-03	6.44851176e-03	3.12406459e-17	6.44851176e-03	-6.44851176e-03
2.443           	1.29401709e+00	6.50136677e-01	6.43880410e-01	-6.25626714e-01	-3.14055047e-01	-3.11571667e-01	-1.24169015e-03	3.12813357e-03	6.47008544e-03	3.12431287e-17	6.47008544e-03	-6.47008544e-03
2.448           	1.29847329e+00	6.52399446e-01	6.46073842e-01	-6.32560399e-01	-3.17531635e-01	-3.15028764e-01	-1.25143556e-03	3.16280200e-03	6.49236644e-03	3.12380719e-17	6.49236644e-03	-6.49236644e-03
2.453           	1.30314392e+00	6.54769651e-01	6.48374268e-01	-6.39538349e-01	-3.21030296e-01	-3.18508052e-01	-1.26112206e-03	3.19769174e-03	6.51571960e-03	3.12302075e-17	6.51571960e-03	-6.51571960e-03
2.458           	1.30818432e+00	6.57325193e-01	6.50859123e-01	-6.46606983e-01	-3.24574235e-01	-3.22032748e-01	-1.27074348e-03	3.23303491e-03	6.54092158e-03	3.12259545e-17	6.54092158e-03	-6.54092158e-03
2.463           	1.31283804e+00	6.59686083e-01	6.53151960e-01	-6.53412277e-01	-3.27986437e-01	-3.25425840e-01	-1.28029866e-03	3.26706138e-03	6.56419021e-03	3.12182430e-17	6.56419021e-03	-6.56419021e-03
2.468           	1.31763960e+00	6.62120019e-01	6.55519578e-01	-6.60044074e-01	-3.31311816e-01	-3.28732257e-01	-1.28977933e-03	3.30022037e-03	6.58819798e-03	3.12128593e-17	6.58819798e-03	-6.58819798e-03
2.473           	1.32234520e+00	6.64504870e-01	6.57840335e-01	-6.66453498e-01	-3.34525934e-01	-3.31927564e-01	-1.29918487e-03	3.33226749e-03	6.61172602e-03	3.12121573e-17	6.61172602e-03	-6.61172602e-03
2.478           	1.32699594e+00	6.66863133e-01	6.60132805e-01	-6.73032878e-01	-3.37824948e-01	-3.35207930e-01	-1.30850877e-03	3.36516439e-03	6.63497969e-03	3.12071665e-17	6.63497969e-03	-6.63497969e-03
2.483           	1.33139996e+00	6.69096964e-01	6.62302993e-01	-6.79397078e-01	-3.41016291e-01	-3.38380787e-01	-1.31775167e-03	3.39698539e-03	6.65699978e-03	3.12001008e-17	6.65699978e-03	-6.65699978e-03
