-0.5 	1.0113907
-0.48412699 	1.0198276
-0.46825397 	1.0474096
-0.45238095 	0.98592162
-0.43650794 	0.97037155
-0.42063492 	1.0766794
-0.40476191 	0.98049253
-0.3888889 	0.95770794
-0.37301588 	1.0950521
-0.35714287 	1.0535746
-0.34126985 	0.9129656
-0.32539684 	0.93149701
-0.30952379 	1.03723
-0.29365078 	1.1455498
-0.27777776 	1.1256404
-0.26190475 	1.0223054
-0.24603173 	0.92765628
-0.23015872 	0.9091462
-0.2142857 	0.99510923
-0.19841269 	1.1591415
-0.18253967 	1.2540926
-0.16666666 	1.202174
-0.15079364 	1.0591184
-0.13492063 	0.9490866
-0.11904758 	0.93932007
-0.10317457 	0.83440211
-0.087301552 	0.73865271
-0.071428537 	1.0451509
-0.055555522 	0.76775728
-0.039682507 	0.90737517
-0.023809493 	1.4566436
-0.0079364777 	1.3759547
0.0079365373 	1.3006739
0.023809552 	1.3418143
0.039682567 	1.364549
0.055555582 	0.98303301
0.071428597 	0.85007305
0.087301612 	0.87830722
0.10317463 	0.80541431
0.11904764 	0.78370464
0.13492066 	0.85299235
0.15079367 	1.0570989
0.16666669 	1.1583971
0.1825397 	0.99766336
0.19841272 	0.88685303
0.21428573 	0.92731577
0.23015875 	1.01804
0.24603176 	1.063424
0.26190484 	1.0281046
0.27777785 	0.98651986
0.29365087 	0.99459061
0.30952388 	1.0193904
0.3253969 	1.027424
0.34126991 	1.0217022
0.35714292 	1.0205702
0.37301594 	1.0360843
0.38888895 	1.0619047
0.40476197 	1.065916
0.42063499 	1.047701
0.436508 	1.0403076
0.45238101 	1.0278303
0.46825403 	1.0235252
0.48412704 	1.0312988
0.5 	1.0150048
