-0.5 	0.98326389
-0.48412699 	0.97840102
-0.46825397 	0.97512837
-0.45238095 	0.97199131
-0.43650794 	0.96895421
-0.42063492 	0.96603781
-0.40476191 	0.96339012
-0.3888889 	0.96088094
-0.37301588 	0.9587459
-0.35714287 	0.95705807
-0.34126985 	0.95561154
-0.32539684 	0.95465844
-0.30952379 	0.95390517
-0.29365078 	0.95357165
-0.27777776 	0.95349766
-0.26190475 	0.95375997
-0.24603173 	0.95427598
-0.23015872 	0.95513652
-0.2142857 	0.95631718
-0.19841269 	0.95785767
-0.18253967 	0.9598314
-0.16666666 	0.96217016
-0.15079364 	0.96489876
-0.13492063 	0.9680563
-0.11904758 	0.97152991
-0.10317457 	0.97532551
-0.087301552 	0.97930413
-0.071428537 	0.98352523
-0.055555522 	0.98787033
-0.039682507 	0.99233415
-0.023809493 	0.99670676
-0.0079364777 	1.0010669
0.0079365373 	1.0051345
0.023809552 	1.008689
0.039682567 	1.0114117
0.055555582 	1.0135583
0.071428597 	1.0147883
0.087301612 	1.0149733
0.10317463 	1.0149794
0.11904764 	1.0159529
0.13492066 	1.0177129
0.15079367 	1.0193688
0.16666669 	1.0205391
0.1825397 	1.0212017
0.19841272 	1.0214485
0.21428573 	1.0216562
0.23015875 	1.0218819
0.24603176 	1.0221843
0.26190484 	1.0222363
0.27777785 	1.0218133
0.29365087 	1.0209247
0.30952388 	1.0199883
0.3253969 	1.0195757
0.34126991 	1.0204067
0.35714292 	1.0227129
0.37301594 	1.0254814
0.38888895 	1.0266314
0.40476197 	1.0245385
0.42063499 	1.0210152
0.436508 	1.0211631
0.45238101 	1.0243104
0.46825403 	1.0240612
0.48412704 	1.0223968
0.5 	1.0145508
