-0.5 	1.0119218
-0.48412699 	1.0053469
-0.46825397 	1.0065147
-0.45238095 	1.011691
-0.43650794 	1.0133106
-0.42063492 	1.0089553
-0.40476191 	1.0052648
-0.3888889 	1.003878
-0.37301588 	1.0029704
-0.35714287 	1.0012893
-0.34126985 	0.99874736
-0.32539684 	0.99632608
-0.30952379 	0.99483065
-0.29365078 	0.99393979
-0.27777776 	0.99341835
-0.26190475 	0.99323855
-0.24603173 	0.99327349
-0.23015872 	0.99271765
-0.2142857 	0.99153573
-0.19841269 	0.99034918
-0.18253967 	0.98950775
-0.16666666 	0.98938449
-0.15079364 	0.98968673
-0.13492063 	0.99006803
-0.11904758 	0.99044242
-0.10317457 	0.99068936
-0.087301552 	0.9907657
-0.071428537 	0.99096001
-0.055555522 	0.99138172
-0.039682507 	0.99217386
-0.023809493 	0.99286198
-0.0079364777 	0.99343398
0.0079365373 	0.99378782
0.023809552 	0.99327373
0.039682567 	0.99238236
0.055555582 	0.99123733
0.071428597 	0.99128581
0.087301612 	0.99142042
0.10317463 	0.9915267
0.11904764 	0.99131741
0.13492066 	0.99161564
0.15079367 	0.9922972
0.16666669 	0.99327891
0.1825397 	0.99388271
0.19841272 	0.99375398
0.21428573 	0.99327062
0.23015875 	0.99266812
0.24603176 	0.99222831
0.26190484 	0.99185882
0.27777785 	0.99179763
0.29365087 	0.99217757
0.30952388 	0.99265563
0.3253969 	0.99268813
0.34126991 	0.99226935
0.35714292 	0.99204622
0.37301594 	0.99248833
0.38888895 	0.99338268
0.40476197 	0.99358816
0.42063499 	0.99274564
0.436508 	0.99270842
0.45238101 	0.99286727
0.46825403 	0.98784368
0.48412704 	0.98756055
0.5 	0.99000885
