-0.5 	1.0180806
-0.48412699 	1.0171095
-0.46825397 	1.0207925
-0.45238095 	1.0196903
-0.43650794 	1.0179918
-0.42063492 	1.0166605
-0.40476191 	1.014729
-0.3888889 	1.0161669
-0.37301588 	1.0135129
-0.35714287 	1.0116631
-0.34126985 	1.0114787
-0.32539684 	1.0113514
-0.30952379 	1.0105871
-0.29365078 	1.0071107
-0.27777776 	1.0102515
-0.26190475 	1.0054625
-0.24603173 	1.0062625
-0.23015872 	1.003838
-0.2142857 	1.0005066
-0.19841269 	1.0017671
-0.18253967 	1.0001077
-0.16666666 	1.000992
-0.15079364 	0.99741771
-0.13492063 	0.99650395
-0.11904758 	0.9967115
-0.10317457 	0.99802123
-0.087301552 	0.99201728
-0.071428537 	0.99608612
-0.055555522 	0.99196119
-0.039682507 	0.99474105
-0.023809493 	0.99504153
-0.0079364777 	0.99657133
0.0079365373 	0.99490072
0.023809552 	0.9961381
0.039682567 	1.0019467
0.055555582 	0.99478214
0.071428597 	0.99576171
0.087301612 	1.0061589
0.10317463 	0.98749502
0.11904764 	1.0064435
0.13492066 	0.98955102
0.15079367 	1.0100733
0.16666669 	0.98308145
0.1825397 	1.0091562
0.19841272 	0.98928734
0.21428573 	1.0004094
0.23015875 	0.9943985
0.24603176 	0.9985943
0.26190484 	0.99321306
0.27777785 	1.0007884
0.29365087 	0.99597207
0.30952388 	0.99576132
0.3253969 	0.99660231
0.34126991 	0.99871718
0.35714292 	0.99833473
0.37301594 	0.99901807
0.38888895 	0.9979739
0.40476197 	0.99623999
0.42063499 	0.99425254
0.436508 	0.99252587
0.45238101 	0.99279678
0.46825403 	0.9928152
0.48412704 	0.99208121
0.5 	0.9843833
