-0.5 	1.010748
-0.48412699 	1.0238655
-0.46825397 	1.0249149
-0.45238095 	1.020823
-0.43650794 	1.0163083
-0.42063492 	1.015266
-0.40476191 	1.0115405
-0.3888889 	1.0069721
-0.37301588 	1.0075168
-0.35714287 	1.0074649
-0.34126985 	1.0049278
-0.32539684 	1.0061595
-0.30952379 	1.0066428
-0.29365078 	1.0043758
-0.27777776 	1.003324
-0.26190475 	1.0031113
-0.24603173 	1.0002094
-0.23015872 	1.0030955
-0.2142857 	1.0016357
-0.19841269 	0.9991389
-0.18253967 	1.0024049
-0.16666666 	1.0017085
-0.15079364 	1.0015943
-0.13492063 	1.0011866
-0.11904758 	0.99896341
-0.10317457 	1.0033346
-0.087301552 	1.0001516
-0.071428537 	0.99834735
-0.055555522 	1.0004905
-0.039682507 	0.99864563
-0.023809493 	1.0010906
-0.0079364777 	0.99749689
0.0079365373 	0.99846857
0.023809552 	0.99855941
0.039682567 	0.99771184
0.055555582 	0.9976312
0.071428597 	0.99623647
0.087301612 	0.99515164
0.10317463 	0.99609722
0.11904764 	0.99591221
0.13492066 	0.99618789
0.15079367 	0.99751988
0.16666669 	0.99783682
0.1825397 	0.99778885
0.19841272 	0.99792476
0.21428573 	0.99914445
0.23015875 	1.0010877
0.24603176 	0.99975209
0.26190484 	0.99897448
0.27777785 	1.0019237
0.29365087 	1.0025615
0.30952388 	1.0032807
0.3253969 	1.004313
0.34126991 	1.0045069
0.35714292 	1.0056461
0.37301594 	1.0057799
0.38888895 	1.0055333
0.40476197 	1.0056047
0.42063499 	1.0056211
0.436508 	1.0062846
0.45238101 	1.0079649
0.46825403 	1.0092241
0.48412704 	1.0070477
0.5 	1.0048239
