-0.5 	1.020107
-0.48412699 	1.017151
-0.46825397 	1.0029258
-0.45238095 	0.99842182
-0.43650794 	0.99584503
-0.42063492 	0.99327195
-0.40476191 	0.99264978
-0.3888889 	0.99324859
-0.37301588 	0.99291756
-0.35714287 	0.99118746
-0.34126985 	0.98862987
-0.32539684 	0.98671153
-0.30952379 	0.98622158
-0.29365078 	0.98663224
-0.27777776 	0.98718123
-0.26190475 	0.98719652
-0.24603173 	0.98609818
-0.23015872 	0.9837464
-0.2142857 	0.98197328
-0.19841269 	0.98100465
-0.18253967 	0.98073079
-0.16666666 	0.98084382
-0.15079364 	0.98125725
-0.13492063 	0.9815582
-0.11904758 	0.98159063
-0.10317457 	0.98099498
-0.087301552 	0.98038447
-0.071428537 	0.9802107
-0.055555522 	0.98063889
-0.039682507 	0.98176662
-0.023809493 	0.98269927
-0.0079364777 	0.98338262
0.0079365373 	0.98358301
0.023809552 	0.98395836
0.039682567 	0.98482366
0.055555582 	0.98642534
0.071428597 	0.98811001
0.087301612 	0.98869838
0.10317463 	0.98827164
0.11904764 	0.98695535
0.13492066 	0.98630473
0.15079367 	0.98616502
0.16666669 	0.98648055
0.1825397 	0.98689175
0.19841272 	0.98750273
0.21428573 	0.98832138
0.23015875 	0.98915875
0.24603176 	0.98937702
0.26190484 	0.98883636
0.27777785 	0.9888548
0.29365087 	0.98965938
0.30952388 	0.99066615
0.3253969 	0.99083695
0.34126991 	0.98979003
0.35714292 	0.98859269
0.37301594 	0.98894475
0.38888895 	0.99052704
0.40476197 	0.99037644
0.42063499 	0.98725912
0.436508 	0.98491482
0.45238101 	0.98709958
0.46825403 	0.9869041
0.48412704 	0.98383414
0.5 	0.98880254
