-0.5 	1.0046584
-0.48412699 	0.99622188
-0.46825397 	0.99217546
-0.45238095 	0.98924527
-0.43650794 	0.98716991
-0.42063492 	0.98549343
-0.40476191 	0.98397361
-0.3888889 	0.98262833
-0.37301588 	0.98128687
-0.35714287 	0.97988601
-0.34126985 	0.97870913
-0.32539684 	0.97746311
-0.30952379 	0.97631603
-0.29365078 	0.97524504
-0.27777776 	0.97415158
-0.26190475 	0.97319108
-0.24603173 	0.97216289
-0.23015872 	0.97117579
-0.2142857 	0.97027169
-0.19841269 	0.96933025
-0.18253967 	0.96850919
-0.16666666 	0.96775404
-0.15079364 	0.96711421
-0.13492063 	0.96662045
-0.11904758 	0.96627776
-0.10317457 	0.96611376
-0.087301552 	0.96602549
-0.071428537 	0.96617253
-0.055555522 	0.96651377
-0.039682507 	0.96706733
-0.023809493 	0.96779564
-0.0079364777 	0.96870102
0.0079365373 	0.96957892
0.023809552 	0.97031477
0.039682567 	0.97072085
0.055555582 	0.97117602
0.071428597 	0.9719906
0.087301612 	0.97285732
0.10317463 	0.97360921
0.11904764 	0.97450369
0.13492066 	0.97517052
0.15079367 	0.97548497
0.16666669 	0.97604262
0.1825397 	0.97721192
0.19841272 	0.97855981
0.21428573 	0.97944279
0.23015875 	0.97957658
0.24603176 	0.979
0.26190484 	0.97783313
0.27777785 	0.97656475
0.29365087 	0.97575909
0.30952388 	0.97595372
0.3253969 	0.97737142
0.34126991 	0.97976756
0.35714292 	0.98201681
0.37301594 	0.98243625
0.38888895 	0.97957025
0.40476197 	0.97537547
0.42063499 	0.97572668
0.436508 	0.97977351
0.45238101 	0.98012593
0.46825403 	0.97945763
0.48412704 	0.97295882
0.5 	0.96570713
