-0.5 	1.0190586
-0.48412699 	1.0105451
-0.46825397 	0.98917948
-0.45238095 	1.0603477
-0.43650794 	1.0166373
-0.42063492 	0.98589942
-0.40476191 	1.0034871
-0.3888889 	1.019642
-0.37301588 	1.0110393
-0.35714287 	0.99840325
-0.34126985 	0.99262603
-0.32539684 	0.9882937
-0.30952379 	0.98335091
-0.29365078 	0.98162873
-0.27777776 	0.98435845
-0.26190475 	0.9866822
-0.24603173 	0.98482879
-0.23015872 	0.98010411
-0.2142857 	0.97567013
-0.19841269 	0.97445749
-0.18253967 	0.97579865
-0.16666666 	0.97652224
-0.15079364 	0.97589055
-0.13492063 	0.97399516
-0.11904758 	0.97121743
-0.10317457 	0.96937613
-0.087301552 	0.97087697
-0.071428537 	0.97468809
-0.055555522 	0.97806637
-0.039682507 	0.97823677
-0.023809493 	0.97619122
-0.0079364777 	0.97535329
0.0079365373 	0.97867083
0.023809552 	0.98488993
0.039682567 	0.98899511
0.055555582 	0.98639679
0.071428597 	0.97551495
0.087301612 	0.96394254
0.10317463 	0.95979806
0.11904764 	0.96822437
0.13492066 	0.98371046
0.15079367 	0.99647298
0.16666669 	0.99453754
0.1825397 	0.9779942
0.19841272 	0.95772752
0.21428573 	0.94981256
0.23015875 	0.9559789
0.24603176 	0.97041967
0.26190484 	0.98580394
0.27777785 	0.99054012
0.29365087 	0.97337235
0.30952388 	0.9452042
0.3253969 	0.93067217
0.34126991 	0.94141949
0.35714292 	0.9719832
0.37301594 	0.99084005
0.38888895 	0.95775407
0.40476197 	0.922826
0.42063499 	0.93748787
0.436508 	0.9695839
0.45238101 	0.95276216
0.46825403 	0.92979828
0.48412704 	0.95947302
0.5 	0.96319622
